440
SteamID
808910
32350
32510
560170
24170
32400
32380
6020
6030
355250
361670
361690
32470
1119030
34284
1942050
7670
50130
38400
6010
32500
21000
32330
208580
32450
7940
260210
12120
245300
203630
2350511
1399480
221260
301760
12180
12110
12210
324160
213330
219640
32200
2184590
2184580
35700
335240
48240
239430
35460
203140
219780
1250
241540
561120
275530
1064271
559070
384570
12100
362890
33230
40990
599390
39140
4500
2310
7010
221640
339230
22300
25890
340
200710
246840
276890
17300
2920
6860
529890
39150
67370
2131650
205190
13200
6920
44360
266410
25830
589880
675690
3910
3900
8930
6830
8890
15370
24870
70300
9800
271590
22500
2270
380
1342630
57300
200510
24200
694500
115200
4880
105450
105430
71163
71113
208480
71162
1064273
22330
455910
32420
354430
1058020
6060
32440
3843520
34190
43110
10
960990
381990
3171460
292420
19900
3430300
359390
542290
3314070
222520
3314060
47890
297860
1343400
46560
2280
2011900
220
595060
300820
15100
41500
9050
403400
10090
42700
2630
1500
17390
2620
35130
212160
292160
2668510
287020
420
12440
12450
353980
7870
216150
9860
227860
108710
1347780
38490
200940
46500
8000
225260
39540
358440
295207
295208
295209
325983
376968
448182
448183
448200
448201
448202
448203
448204
448205
448206
448207
448208
448209
500216
500240
500242
512310
512311
512312
512313
512314
512315
513090
513091
513092
513093
513094
513095
513096
513097
513098
513099
513100
513101
513102
513103
513104
513105
513108
513109
513111
513112
513113
513114
513115
513116
513117
513118
513119
562391
623250
623260
623262
623263
623264
623265
623268
643690
643693
643694
643695
643696
643697
643698
643699
678160
678180
678181
678182
678183
678185
678186
678187
678188
704320
704321
704322
704325
704326
704327
704328
774760
861882
861883
258655
277737
258666
677951
500249
376955
500215
500243
642800
562386
208286
376954
10220
4560
228200
275510
3540
260130
17080
312780
17410
345240
214250
2061230
13570
382900
37700
302340
343800
1282690
242960
562376
562370
277751
562397
376977
562382
448198
562379
562375
500241
448195
448191
500247
277758
562380
376972
376976
277765
376958
376952
376930
376949
325976
222573
376934
65217
325961
325965
325964
325972
325963
277749
277763
277759
277754
222631
277740
222621
222634
258677
258674
325951
222619
325989
65252
258641
258668
325994
208348
376967
376964
376957
277762
222623
222543
222547
896764
277761
325950
208281
65249
208342
65254
222622
1012101
258678
222636
222556
208293
222574
208370
222612
222597
222599
222571
222596
222595
208375
222568
208352
208295
211720
213176
16870
33934
239550
201310
737001
247297
385970
272030
325724
304380
288520
332350
244610
435881
353830
395180
490650
201280
488060
369150
715850
205630
41046
55390
55399
55400
55385
55387
55393
55389
55396
55391
235230
55388
55398
55397
55394
55395
55392
55386
493530
1046682
1046680
1046681
1021790
22364
22361
22363
413160
982110
723800
1080320
348561
896000
1118010
462351
313760
34010
46480
550900
15970
400
254700
17460
893180
390100
70640
620
70
222160
224920
1064220
9060
27000
80310
532320
1882261
200260
57400
2210
113400
33910
33900
3960
115100
73170
8850
254860
264380
315810
889921
540710
1220130
277590
264803
595290
565040
325723
3020
284050
13250
2100
501990
1407200
2780
763970
34220
71111
38430
242980
263300
1920520
247430
2429640
21690
268400
304030
45710
638490
3330
207490
974090
202310
331160
31290
316720
799960
358920
22350
206210
216210
24240
242700
225020
304240
24420
212500
211202
211205
1251870
2432050
3109790
2668900
2439570
1376770
1024810
1989900
2714750
1055910
1083900
1106820
2391850
1123540
1168620
1294530
1599260
1195740
1661000
3087520
1676230
1177560
1152930
3008670
2829580
2772740
2261231
2261230
1591080
1005970
1005971
1005972
1021000
1257790
1487090
1487091
1501870
3260890
2642210
2561450
2561440
3210350
2394480
2790730
2879370
2790710
2724730
206193
3102580
3246790
282512
282513
282514
282515
282516
3592110
3592100
3596190
1107180
208294
24055
65229
24028
24029
222591
24082
208353
258650
513110
277735
562374
623261
1147159
275134
295203
295204
295205
295206
364820
9900
4320
359650
364810
364800
203250
600750
527100
2780980
616920
896765
967300
513107
500210
834405
861884
642790
896712
896716
513106
967285
441720
500370
526040
1512110
405080
1817370
710490
1819400
1196770
1471590
1349400
1238440
1647620
1726150
1747960
1567110
1749080
518910
1303183
1889490
1033530
1811550
1348661
1934140
1966430
1133000
1288460
1701060
206882
206881
1809490
787340
1903410
1948120
433242
433241
1880650
2013290
400750
1911520
1303184
1136890
1435530
804760
2114760
1128880
1224868
1224898
1224850
1224851
1224852
1224853
310360
815040
286360
378630
31190
31170
31210
1655220
1340640
2533050
1160540
1817490
2555190
940220
1451810
2183930
2265340
1618840
1812160
1874460
2057012
2057011
2057010
2282470
2443734
2443732
2443733
2796840
282511
282510
2620810
2437280
2469400
2399750
2294610
2198470
2102730
1204130
1345970
554380
946430
971924
971925
971995
971996
971998
971999
756660
210902
689950
567810
616060
1262572
1271371
1451460
396920
937891
1415070
1581450
495510
553280
944290
716670
498870
1045980
756010
844810
642750
1140000
1522090
1140001
1341520
420610
715194
547502
715191
614580
614581
456200
515191
944071
1146930
815460
584140
530760
702350
1158100
1348660
1149640
1392840
1601350
1637251
1637250
1515063
1429757
1364033
1107812
1429752
677960
448192
980548
222613
1267507
642804
861887
277752
277756
325959
258640
222610
376956
222544
325958
208280
65255
65258
258644
277757
1560935
1429754
1267502
1230274
1267509
1364036
1429756
1230279
1267504
1560938
1230277
1098166
896719
277739
65231
222627
448180
222632
1012102
1985790
1899750
1804690
2809330
916360
916361
1763310
1734080
1634040
1734080
1622940
1817490
2555190
2961080
2357570
2458460
3044370
973750
1015900
1145500
2370750
1931620
3775050
15170
1237980
379720
19980
234080
220440
940150
208670
252350
22610
345390
223100
577940
255390
235210
233130
358400
298050
960170
1034900
544750
1244950
1342260
742420
1370140
3008670
8340
8350
8360
8370
8380
99810
1710170
358430
2050260
383100
47810
204100
566050
71390
2320
1286830
875800
259130
243000
39500
1812390
201870
302190
13500
606680
207690
3598130
35140
302360
17480
459220
9010
219760
40970
45700
1238020
22380
13530
34330
2300
20510
6900
12900
349720
613830
41300
201790
11190
1060210
65800
7830
23420
65540
12790
10400
570
30
1151450
15230
21730
213120
708590
480
12470
71112
41700
46410
24760
1238820
460790
15130
6980
211740
709150
1188668
2377000
2377001
2981410
13240
253900
255920
2760
4700
500810
24790
207040
47700
25800
39120
22000
12810
204360
28050
225000
21070
408030
262000
6910
204630
253960
960910
19680
630
49540
758330
557750
210950
58550
1137650
282030
4720
275570
21760
1842973
301830
7000
2810
63650
224980
108800
1257890
46420
32340
11590
7730
107410
24960
1306180
638230
48190
203770
230330
209370
270910
236090
635940
1392750
223750
260770
2229850
40340
765890
50
808290
2229260
335820
29550
63380
13600
24700
564530
287700
1700
22320
24780
211203
411320
42160
24980
2362420
1536610
32370
2200
38480
225140
9350
17470
231990
2193010
1580790
40320
376950
1515069
1107813
1107814
376946
376931
325990
325988
1098162
325987
325979
325977
376970
325973
222609
1515060
222607
1429758
1364034
1105542
1147152
277778
277773
277771
277755
277747
222630
222628
820201
222633
222618
222616
967283
896718
258663
258661
258659
621870
258658
258656
258654
980546
258643
258642
325981
376943
208288
208362
208354
208355
24096
24083
24021
834401
980542
1147158
1211476
1230275
1267503
1147153
1109200
1364039
1364037
1098161
621920
1364032
277769
500246
704286
1055331
277767
277770
621927
643692
277742
376933
376961
621925
980547
1364035
1109206
24070
1267506
1267505
820203
222586
208379
1515061
678004
65216
277736
65244
208283
208296
208302
208298
208303
202970
440
21670
222588
65233
325960
222557
24075
277731
222603
65239
277768
208361
65218
834407
65232
222608
222639
1012100
222602
65256
325971
325974
222604
222576
208292
208350
222558
65253
258653
222579
562381
208364
208304
562378
967287
222635
277775
277776
208282
678001
1515068
1560930
1109207
376938
861889
678003
1055333
1560934
1560932
1560939
1515065
774759
1267500
1211479
1098163
258652
1560933
1560931
1429753
1364030
980544
1211477
1429755
1364038
1429750
1429751
1429759
678002
448199
868520
339790
15920
15930
224960
205100
72850
500
92300
105600
218230
8500
13520
377860
209120
2710
55100
1478650
2204130
628030
987400
21780
7220
13560
220160
20820
3590
282010
245280
3800
448190
376975
376953
359620
1241950
2229840
559640
557240
320840
292120
550470
16730
217750
12770
61500
35450
9460
285160
208730
91330
2983250
18480
1655410
243020
115210
65247
65250
208287
65228
208301
222593
208363
208351
208289
222564
222562
222578
208369
208346
208366
222583
1230278
1230273
1109205
1109208
1147155
448185
642803
967280
861881
376966
1267501
1230276
24065
258646
980545
1109209
1211470
1147157
1211473
896766
834400
1211474
1230270
896767
1230271
1211478
1230272
980549
774758
1211475
834406
1211472
896715
980543
222638
774754
222584
1109202
1107810
820200
967282
1055332
980541
222587
325991
325968
325970
277764
376945
222601
258645
448184
277777
222541
376960
277741
222598
448194
376965
621921
1109203
642806
1100180
358960
73010
1100150
11420
2229830
1535610
227700
1873030
243780
42980
13580
292930
313480
250340
1249410
42640
702050
2000760
8310
49520
8980
26800
812560
253920
223280
382890
22100
2700
490370
833140
260730
321040
34030
32630
462440
354480
943700
1299900
33229
517790
437000
317040
629650
6300
38410
1572920
377670
216910
13230
21660
38700
8140
20920
33320
44310
6310
9000
462990
7020
15620
285330
235460
434520
211600
24840
7520
47895
223592
47896
47890
223591
47897
47899
1235741
1235740
1235747
1235743
1235745
1235744
47931
223595
249181
1235752
1235756
1235759
1235767
1235758
1235763
1235760
1235751
1235757
1235750
1235762
1235761
1235753
1235742
1235746
1301021
1458151
222551
208341
222555
208378
222550
222548
65242
774755
208377
562373
704285
562385
704282
277748
376971
677940
562384
208376
222580
678000
65246
222566
1107811
65243
325955
642805
65224
222589
325993
376959
376936
325956
325953
258648
24095
834403
678008
678009
1147154
376942
277753
376963
277745
222594
623267
623266
562398
222625
621923
562390
325952
258657
208343
376951
621924
500212
500214
325969
222549
562388
208318
222575
448186
222554
376969
277774
500248
500244
277732
277733
222545
258671
208284
277730
258647
834408
967288
896762
896761
287450
17580
4760
17430
39690
550
240
10150
377840
250740
2004300
412830
890400
212740
242940
319730
495910
212220
1284210
237310
115300
10180
396280
985810
304270
939520
333300
18700
747970
389430
253490
3139440
390090
372360
328060
896760
967289
967281
1098160
1098165
834402
774756
861888
448188
1012081
1055334
1012080
1055339
1055336
1055335
208306
208300
861885
1098167
500245
621922
500218
500211
376979
222585
621926
642802
562399
325954
325962
562387
642807
562372
376944
376935
704250
678005
222582
376932
325992
834404
861880
208319
2398450
220240
15190
1259380
1497680
1889930
1695830
2000770
107100
1462210
622830
1025600
228760
3350
225300
1368340
21090
2229870
12200
613240
356210
559640
130
44690
2373380
514180
4000
47870
2229890
9160
311840
10500
6550
41060
322290
21800
721030
262260
47780
3239270
32640
312540
207350
21900
251150
237850
573790
521710
1610
388210
13000
427680
40950
1904526
80
15390
47790
34275
521760
12130
34278
40700
1100160
1668510
3820
356430
6000
606370
214950
741140
715580
327400
19800
39190
1100170
371180
214170
2203860
1357550
2350520
227380
63950
33770
2067850
45300
411330
7760
517810
240160
240180
39160
57650
3920
251770
211200
3830
253860
40350
255320
495140
289300
65730
1808400
324680
23490
2820
643620
32670
1581040
1290220
13540
320
237950
9740
227940
359220
331750
4230
7900
250180
31170
48000
23310
253980
10680
204120
282440
366240
358270
257260
215160
2223810
273620
2990
34281
283490
42960
1961950
10490
238210
243470
745870
11130
254920
201230
771430
1260020
3843540
1882260
503650
9710
8100
6040
901735
345260
41900
292140
42910
329660
460810
44600
2360
11180
12360
339840
355170
219870
6080
243060
32800
19830
15000
273580
578870
2022990
880850
497180
232770
1420650
1420810
1043230
60600
200900
13210
291480
3359900
224540
339340
3027600
358190
22130
4570
675560
220740
15700
1262572
1471870
1471870
901805
1458155
1458154
1458153
214933
2707800
2618580
2809330
373720
1238040
537100
287310
467290
7210
21130
102600
35510
327930
39670
13650
71250
11900
71117
10000
2616430
204940
213610
16810
1420290
1148590
312610
42850
17710
21970
2616460
43000
672710
42670
240340
204340
2290
666220
15740
749140
37960
774151
411310
24500
24400
704860
34285
22200
905640
8190
70660
765900
34272
3106530
225320
273600
674190
110800
8640
8080
901660
1882370
4400
71116
205710
18500
50820
730820
40100
222480
26900
18420
71230
24820
254300
209100
397330
282400
358260
212200
71164
9900
7110
427190
62000
1261960
624080
6220
15120
252710
11610
294860
92000
1170760
389470
410970
57690
8010
358250
730830
46550
211420
50620
50650
12330
39610
12640
12140
243380
91310
247660
32620
217100
3909960
202710
15520
3320
11450
210550
306130
2052410
2840
15290
202530
521090
356500
24830
206480
280
273570
1257910
222940
39520
433290
227280
1189520
11020
7740
1979930
1146370
39510
330390
744050
24880
33280
380840
389900
205950
220200
12800
24150
628720
2610
366270
214150
29180
40330
8600
314650
1842964
40300
9870
1200
358380
350770
343810
904540
658620
3970
1194610
6880
7060
260570
431180
46450
254820
31100
254460
111800
1818340
72000
32310
343820
40980
218680
223430
203810
211209
219910
12340
703320
703310
294590
20550
302350
1709550
106000
700480
99900
240760
397350
10430
369830
232010
358210
65740
253750
560430
65950
32690
1510
564960
213670
210970
206440
47400
3068300
373720
3170
3328900
2741560
343830
302390
2600
12320
203160
10130
678760
601550
3730
46460
42660
21610
615250
254060
16450
637650
34830
40800
814650
201290
10630
1812290
20
637670
55230
1088710
207170
22180
901436
19990
268540
338140
966330
202200
211208
700880
1179680
396820
878290
289440
219950
645730
25990
95900
1842987
21750
1861230
1621460
1776780
2727400
1235755
1235766
1368570
1368571
2304400
9200
215080
364820
3504570
19000
3200
48220
207610
221040
47920
1866420
102500
1646930
6090
267980
22340
42170
12600
12150
41050
298030
1420300
217200
65790
2392500
358370
1703610
18400
38060
61520
202170
216330
57900
50300
11550
29900
521740
311770
7650
538680
33460
259170
7770
44350
711230
71340
1104480
12720
366260
105400
216250
510590
3720
1520
12750
340990
32360
1793030
3097610
1904600
38420
232790
961620
628070
1460490
13700
335660
21980
220050
2390
413410
6850
3328910
113200
237890
403430
1802690
300
648580
1100140
34276
1262560
38450
21140
283430
230270
45740
208110
96200
893390
2464680
71120
238070
277450
358410
277110
324770
286770
1421120
559680
218640
235600
1049880
853330
31280
433280
21990
34319
99910
459160
381640
34274
262830
561110
223470
285500
1255410
4850
32760
12830
71119
15080
1672350
814570
1703070
317580
410990
1292180
221430
33440
2400
1414500
314160
32650
58570
781240
209670
25000
21100
1930
598990
9480
2500
412380
560370
817460
7840
224940
940150
320890
63900
245450
289500
211780
419360
772740
1257930
297920
730580
2237200
674150
11250
277460
98400
45770
1014940
212410
24140
229870
37030
316160
34630
1418350
3980
34600
464450
91200
204560
211970
24010
24043
234630
578330
319170
204060
304350
302180
203650
204840
357190
234670
8870
72200
115320
13510
286460
2215260
215690
1842972
6510
42730
205610
214510
215470
321360
58610
40930
46510
13640
697580
11150
2021190
231430
327380
610860
570680
1085260
38440
690250
224060
322600
785480
218470
31270
10480
20530
350700
565550
2256420
1443430
403410
271370
34312
345350
34315
3863620
29610
58560
4300
63660
901663
380810
245010
34313
9420
15270
502460
15310
8170
33570
577980
20500
242550
15750
366230
233350
252330
63610
1393960
2616450
12840
2800
215280
211400
404040
302080
28000
6800
11140
11040
1558990
6400
358180
580430
15060
358290
8400
224300
1341890
1454720
1703090
1058320
559620
203850
7510
1904525
7450
10690
34283
212630
12160
240200
8160
6820
273590
7600
1105500
11370
225640
107000
433300
259190
548890
201510
209870
572050
901399
628160
57680
228300
39650
39620
1148330
386360
328460
2308130
1900
34286
208500
73210
313500
98300
260190
1430140
201830
366280
272350
302370
218740
34280
398000
1640
15710
331650
2350540
1904621
34318
708710
579980
31830
105800
226620
537180
2022920
11050
2350512
781220
1904551
215870
91700
25930
34287
38740
359630
1842984
291710
99400
563260
34288
582260
1882262
702110
286220
2350530
1741120
301670
34289
209690
280620
384030
223730
367500
211204
1279410
254940
779430
8790
1136090
405830
1904523
1257880
6570
323610
41800
49700
254840
1090920
379370
286730
271290
230150
1257900
781280
221020
39200
344030
22450
1842989
329670
23200
245390
41730
1132230
1132220
296180
283980
94200
1898950
1028490
224420
235320
7620
102840
1091500
624550
3710
347270
768480
225420
230700
219740
331970
523750
2328870
209230
262940
346060
34500
308000
347250
302170
447800
1868180
548900
40720
252150
16100
316030
281450
925940
29580
1758910
203750
267670
359420
33260
410980
301980
1238060
2633480
202750
2690
230190
46370
464340
1284090
255940
752060
320320
496760
40390
497360
33420
765910
70600
35000
7660
650700
294770
39600
7980
253880
1741140
3480
447780
226120
55150
25980
55110
715310
22310
2130460
3843530
33610
211160
1417950
6810
1812420
71165
23450
251950
41900
4920
1539100
224760
271360
925930
1539081
1539080
254480
21920
204030
333430
25870
2442380
298930
609150
346830
34000
37010
1544730
313870
212480
41600
16720
201700
91600
209830
34180
291650
201760
1238860
9400
287920
887060
765860
236850
212580
7260
289800
850980
433320
8880
71240
2072680
441550
7850
11480
202330
2590
658210
18110
355840
624550
517930
71115
577990
40920
201020
42650
38460
228400
765840
45750
1842974
58510
248510
25910
10530
521680
21950
25900
94620
32660
20540
21080
3810
362920
292760
825730
6840
10540
2707260
58520
550340
289840
2552450
696180
4520
261030
1297570
1202970
408640
1575670
215120
253940
982800
3410
312750
2338140
111600
1076550
2464670
329650
2022970
303680
360700
631510
214560
302330
733760
733770
1904550
3440
61700
1315200
113020
10040
274130
281390
1260930
4730
339850
501970
219150
1904522
73190
210990
268050
292800
2450820
2729600
1904571
1904570
580930
99300
328430
298140
209340
16300
521670
521690
521730
304500
36630
357340
252230
200410
1627140
111900
292780
286750
1672360
1904521
10470
703310
12500
827000
6200
1462970
465840
71160
781270
34273
9730
211207
346850
10520
33680
790710
259280
2398520
200170
207210
802880
1539090
2394190
98800
8330
37500
1400680
211206
888040
34870
48950
347230
329620
327910
40400
10120
1804370
1904640
358280
63110
115220
209750
39630
39640
1790630
255960
438490
34311
302470
200010
49600
37420
335320
34316
21680
63700
63710
286480
80340
388750
2450
29160
1627120
1084010
8320
705020
97110
952150
29600
781230
283410
1842986
332260
239250
1369760
23460
9880
1904620
2186090
623920
26500
115110
599600
1620
6420
4870
1904520
314180
2308120
1842971
255870
2022910
328440
328450
71161
1967430
267900
7610
429530
46290
227300
35720
254960
1842988
7800
22140
44340
37000
41070
248570
34277
226700
71270
2398490
987410
1064221
411970
411960
306490
209080
70650
1530
211201
260690
6370
638200
17020
71114
6870
48180
99890
41210
24850
22120
35030
61510
48110
48700
9500
205650
225840
17500
2022880
1136080
219600
1249740
778080
10440
200210
239350
338800
1111380
316260
390310
3700
1056640
243040
765390
21010
15220
327740
15200
299050
1812410
543870
11120
286810
328920
1245170
223650
1302270
299700
113420
253530
98200
1804720
31850
23380
214830
41100
1318750
330590
202130
205730
31810
42120
31860
205590
31870
42920
43500
776150
49400
34650
2218770
200490
26300
615770
1006460
290730
325320
413030
364840
42200
109600
283290
200390
208520
206760
65560
39560
17570
218510
307340
91900
201210
480490
235340
300630
19020
23700
47540
23500
21500
2350
31980
281130
90530
827050
22230
952540
295550
302510
247950
1373770
31890
31880
38220
201480
200080
6120
414530
306350
283310
315260
2277740
10650
47410
612520
1604240
42990
51100
42220
31900
615730
31820
31910
31920
572740
299080
239160
210230
42230
615780
13250
107900
2350510
438040
1644750
1556650
15210
4420
271500
92800
1430200
372480
1690
27800
34279
2350550
606710
292240
292260
1437040
260650
612540
296210
2231080
42890
348650
80330
10460
1904622
27020
26000
343000
965310
40420
37400
1137690
259680
71167
201271
243360
402620
1904524
16600
588490
209950
1385320
2023020
3097600
3097620
2926110
1733020
545980
474240
2464660
1741150
2350513
299070
326360
37600
71168
22600
2766060
31410
571060
302160
209330
108600
402880
516440
204140
664780
239200
217690
370460
358170
549160
809000
65500
204300
678620
1346400
211070
433350
9940
358310
210770
563190
41740
203830
249130
666660
670180
8060
62100
9850
2229880
578670
251270
359290
1477480
221810
236430
560350
18040
227760
218130
33670
217080
2086360
289820
514130
207890
223220
577580
216670
267920
209270
205930
50800
238960
618990
115120
205950
229890
242110
249380
24480
224360
61220
308330
361380
4320
356910
55140
208860
358300
281280
358200
342200
214400
214270
2061280
358240
240600
393290
389870
431250
247370
802890
358220
7860
205840
358230
214870
46320
227080
33720
12420
358330
607120
57740
319080
222140
358320
312790
967460
237990
493310
32900
202370
19030
311040
698620
358350
96400
228960
1804710
358920
359650
358390
341690
2680
476650
1206430
1211700
102850
297570
2766070
287200
281580
1655430
358340
254080
2870
358420
33730
337460
289890
12480
202670
33110
33100
33120
35310
549180
204450
289620
17340
12310
351860
351870
61010
61000
31800
31840
46750
260710
239840
220420
435250
514080
1630
1222690
1279420
327940
271760
65300
71110
6100
289280
236390
35300
43600
31930
552990
2850
65930
223830
18820
33130
33180
281410
486160
264080
38140
38130
353270
244050
279720
289340
270770
246280
352130
644540
289480
2633500
46260
46270
46380
63960
46360
223330
937940
764670
46330
292030
311060
1137680
311140
311120
46200
289180
212680
254980
10230
289400
575690
3499000
23300
289240
253710
4600
547930
3040220
619310
1137660
289420
389250
34410
356260
562010
391030
248490
501500
311100
311080
235660
10140
1544720
2900
80000
281200
202050
105000
603870
109700
42830
2152710
21600
1993480
206500
214910
678890
2076220
230310
296850
33620
22650
22670
110610
265870
405780
1357540
250620
1478600
1148670
336510
251530
406080
219890
98500
3229260
1998840
46790
1576720
1089840
32710
549170
836770
832540
233630
12860
3340
110600
230210
51030
55040
8620
205870
112100
208400
8970
332200
7340
3014460
37100
675810
207020
616920
238460
200150
251670
509610
2094200
104200
78000
3560
427510
315600
35600
3360
1377920
314200
205060
218060
205090
205080
205070
453890
27330
1140260
391140
327920
281220
719070
90400
529720
288080
3370
3470
263040
72300
1627230
11520
539290
57640
225080
359320
38080
211880
111400
50510
11390
45900
72400
1952170
36180
251390
450120
95300
293520
343140
361320
2430620
3319580
347240
8040
70420
548090
603010
37210
202070
3300
34800
837090
1734350
3310
293680
206230
281430
91800
2916160
210870
33270
329630
356200
63620
2071340
327390
38170
25500
1112570
241260
285440
61730
2361570
925550
384000
497510
420570
302210
1471680
1481080
922400
27400
1600
377870
225360
1150700
2414360
45730
1280
298950
295710
301380
33390
427700
208140
228280
33540
211800
1267930
18050
204760
328670
73060
224600
32610
214340
23600
217290
37240
94000
70000
541640
261470
230230
42500
1704630
317840
34640
348360
279560
784010
624070
755630
269790
215790
219200
23120
1859360
99100
223450
278080
3380
226980
204390
3430
1367170
233250
16120
42980
111100
23530
489070
216390
345610
315670
363110
37260
1581150
2072140
329640
364810
1006450
25600
25620
378770
104700
781250
19500
1868170
1810820
283350
417880
281820
465060
32720
203680
250320
38600
303790
599000
80200
317030
3390
215710
1237800
2826660
39210
16130
305070
1210780
2910
21640
55000
1643470
42810
415180
61310
314120
304540
1194840
865030
4530
2117200
249610
1847240
2190740
102810
1032340
216130
200960
200980
200990
201000
201010
3230
200630
9990
738470
232810
232430
1978100
1658770
3542350
27810
219990
2520
1357490
254900
49800
1104460
3400
214130
1704620
15400
310080
305980
1956740
205230
18470
675970
1717410
724250
233450
12510
33750
250870
297310
261510
2702110
2088710
80300
604450
240440
37800
365960
929320
1002
323460
2680190
365480
299480
32000
1333700
270760
270750
292390
243320
212050
1299710
277270
585240
93200
7400
217140
47800
107800
1315910
2471120
460190
628050
628040
628060
38210
50920
50940
446460
285310
63000
223100
1823710
429720
1862020
628080
347260
222440
70400
262150
658140
1800730
34317
534290
3420
110400
283390
1079620
16710
221080
242050
1157850
236370
31740
31700
224900
1670
46700
46710
94590
207790
1442160
2258770
965810
675610
46540
264520
370270
2591380
58200
1978200
687590
211820
1048540
231200
493320
630610
227160
235400
352220
246420
2183600
1121420
57620
289380
277650
108500
205330
1284080
231910
2766050
39710
342210
272270
985210
239660
490080
224040
251990
257970
32410
25010
16040
60340
3498980
1406700
7780
303860
25700
11560
49470
97330
201190
211340
207060
8840
6250
46770
268930
232750
252970
220860
960730
679520
2184570
64000
302690
32740
496660
600420
895600
2094290
2243060
63200
7990
415300
16620
1714580
254880
39000
17180
1126750
20710
233290
110630
574980
2461750
1419170
514700
438560
50970
50990
51000
1382890
249550
40380
822240
246400
485510
1028500
2728200
301320
224260
377070
400370
349100
60800
57000
259870
314660
743910
435420
305050
1431940
650070
10250
236450
1741130
283960
1023700
218620
2252760
223410
533080
2062610
317100
40500
3260
1261980
1157870
97100
34270
836760
1279370
1623420
34282
1257940
11200
267750
234650
1128000
227100
624060
251970
1548850
96900
328470
814640
111300
289460
238090
964040
45000
530720
1150670
19320
1380260
107200
11240
10700
63640
1260920
277850
329070
569220
358930
246940
9970
70900
364800
203250
410540
261350
1351450
98510
292410
209540
232890
602970
27200
1539070
1104470
379390
73220
1355250
327950
63500
207750
206370
258200
19200
239120
203510
687540
445110
593900
2002880
368600
395250
211440
230070
1704640
18070
41900
41900
95700
422182
351080
1006440
215630
268990
215530
266980
63630
15940
233740
238260
211120
2280000
345290
265590
2499990
354640
252370
2253580
221910
19810
2414350
1315920
9980
254590
211260
214700
220780
108200
2399760
433580
1297560
347600
363130
304730
364510
98100
2023010
1843880
814600
31300
3450
351700
980730
2948440
1904601
211180
470220
514050
2414320
244890
3490
795230
719290
2023170
48150
1378260
252770
227200
2021570
230410
2707280
275610
786020
46520
1157860
204180
373600
1367160
814580
244950
2184620
1512720
261110
200050
249930
338080
2380560
1009460
1067720
104100
521720
355240
344630
852910
378750
554290
12190
795220
207320
293980
948640
221360
245410
245430
207420
376750
1541710
337940
1357580
34420
364250
312560
3010
235760
587110
587100
1732070
234290
1173230
2186130
4900
334920
3620
212800
41014
322130
12520
264460
757200
977840
3000
226320
294810
2267890
39660
24630
200370
764550
318950
221100
252690
212010
545940
314430
38000
307410
219680
71162
222420
204080
937380
2289860
377160
92210
223710
33990
34670
46350
2633490
209000
837510
278550
281860
1148350
544990
628120
521660
628130
628140
267490
233270
761700
1643320
1180320
681830
681840
696360
681820
1794880
244210
570780
570770
326480
703690
226720
691150
282680
758090
740550
1308700
2347380
409850
345620
413420
379350
96000
2023200
544580
292420
1137670
222660
366970
109410
63940
204860
208200
257350
1109410
248860
251370
328000
322630
242880
213850
227480
209190
279260
244410
234900
242720
233230
421120
242780
250900
209790
450670
239220
300580
265750
250700
1210550
245730
218820
244030
253790
375230
470210
207570
337720
681660
274170
356530
236510
251470
293220
251590
237590
268870
242570
95400
293540
234530
211360
67000
252250
365770
394510
233700
297470
244770
255370
260230
322500
690040
226960
268890
328270
239800
306760
242800
324790
233310
236150
244810
349520
253410
221380
390870
343320
425580
265330
233390
244450
234390
333540
557600
273350
247350
3107230
254130
329860
538870
253030
274250
248820
234060
245150
252290
847370
46490
376570
297370
334120
3478870
227520
49330
234710
233980
20700
226920
223510
255480
241600
238750
265830
234140
222750
1293820
223670
265020
108110
274190
207930
243950
224860
239030
243200
271590
239070
204240
376300
347830
245620
251570
268420
226820
314710
238320
227600
240320
220260
253110
230820
38230
40370
350780
259940
366250
233190
200110
1981540
348470
358090
215510
209630
221680
582660
1454400
326160
15300
282140
391590
287720
333980
231670
572730
269370
458730
233840
307960
237630
272510
244850
244710
279560
275850
351970
235800
252490
332580
244730
379430
259020
1927720
214490
274350
286040
236870
415480
250420
242820
1477490
241930
269650
249570
277890
345820
253840
3516620
2764150
3815890
438130
1178790
227400
564700
240970
316840
1732920
2430160
1451160
3588960
407380
443380
384700
1023690
283820
378790
925470
445430
627350
534500
349680
1668530
411830
437020
339040
17140
50120
12390
275810
227580
514150
837940
1341830
273790
49300
544220
311340
70620
497860
1107230
3138660
33950
241620
11340
219070
302060
361550
242920
209160
263680
233720
225220
854570
1222670
45500
837590
201810
231060
465870
206420
239820
1043240
201420
307010
329440
474960
1262600
33980
288160
304430
239140
237930
226760
234190
4800
1233570
230840
265550
277430
589500
231160
241560
365590
612300
258180
1454890
1020470
233470
242760
243970
330820
1300620
246620
287980
794600
558450
272060
277630
256030
255500
264140
419460
217920
333930
256190
71000
214420
336520
212070
218090
16180
444200
331470
270790
45760
258220
256290
65980
295110
1039550
257850
261640
492090
546050
214970
623880
245470
778390
452510
259320
243800
251870
1901370
230650
483980
233370
245490
256350
1732190
367500
266030
1818570
279440
202090
466920
336760
397150
287680
222730
239090
265810
437520
258890
251060
301520
319050
260160
332480
375440
264280
250400
493200
249680
227680
321410
209650
274500
233150
238430
269110
429300
282070
243120
258520
247770
342310
227560
323680
266110
261530
3319590
638650
1602010
1041270
207650
218860
937570
2430690
744060
626600
421610
541450
458380
307030
3166220
822760
252110
261940
247910
263280
314410
281690
424780
389730
222880
226580
280740
921060
311560
561100
256330
427030
304930
260790
282350
296910
226560
322910
293360
294460
350280
298900
295270
220660
321960
293780
282050
295790
324810
261570
472420
2330750
357780
349320
373990
275060
319510
356310
638970
562810
1571190
301910
381780
316180
303340
2460660
255070
803600
327410
410850
305620
307570
289520
203350
261180
270170
255710
268910
292600
303690
283940
330840
258970
272330
352520
246090
436670
261760
385850
572710
227000
300610
303820
263320
303530
276770
466660
254650
347710
18120
1025580
249360
414340
287290
365560
461480
269490
241410
394360
228560
352740
279500
250260
94400
275390
638160
206190
249870
245760
226840
105420
249650
241910
345520
242640
1829650
252010
246110
381120
243930
493490
311240
292990
208650
205910
1870140
1870150
1728520
1638220
1638230
1512710
267530
248970
345630
1508750
614860
228380
405290
249230
555950
235380
253230
204220
249590
942050
225340
289650
265930
298110
243560
268200
409890
7200
267550
322170
399180
2152720
328900
237430
250680
350660
248800
302650
216260
244870
410380
219830
3460
205830
43100
804000
269050
209520
50960
50980
3500
230270
96800
252670
259780
339200
292820
291050
1866430
838700
91100
339280
1279400
45760
293260
34314
3253690
247080
262060
251290
231330
514140
265630
90500
50930
579490
208090
249990
422181
97000
975000
290340
255420
257080
265300
582980
224460
3130
225600
2059960
207000
214610
314340
330830
1238880
298890
270880
322680
321860
299600
761030
427520
243220
246070
263380
224480
246680
226860
269730
292400
255220
238870
284160
274880
232090
242840
297810
313690
359870
623940
355630
256390
572720
239720
282560
205990
347720
240460
277390
246900
253330
307780
251430
970570
615400
391220
809890
323470
934700
289690
976730
594650
248310
258160
238370
359550
288060
271820
521650
388800
270950
1636370
225540
319630
94300
1044620
313740
247730
317370
569860
220900
324140
325610
302710
368500
310950
257510
242860
249050
417290
315650
349040
1911510
285900
536930
300060
281940
251730
434110
366990
369200
243160
310790
248190
299640
550650
315110
464360
264240
223390
387340
65080
331600
620620
316750
299360
312920
250520
290790
317940
34900
239700
559870
337850
300570
282210
363680
253290
252630
329490
333390
354140
227220
352400
405310
313010
292500
307190
317300
346940
263760
251490
2120060
323320
208750
572700
343100
319740
298630
313120
365660
286260
481510
286570
296830
279940
587260
353190
350080
341720
353280
274940
385600
202690
306040
294100
323580
329950
258760
702670
328760
44000
1122490
460120
520610
257670
289130
332800
352790
341770
365730
263460
296650
42140
270630
354040
257690
414190
491060
1923680
344480
1898680
286380
355140
559260
717720
319450
341940
311730
354820
1593500
238280
234980
262550
324570
297120
868910
272600
298400
337150
683280
275100
427270
261550
265690
443110
115800
275180
299680
835860
302270
237870
297590
350200
318530
253610
260309
241320
435490
427890
418260
445860
394130
458290
436220
444550
422860
447100
346460
457870
433600
441230
386290
370140
331460
450110
446770
343730
452710
384740
409390
251890
427760
345140
344890
439260
422630
454830
443080
439550
410570
398850
386690
322160
365450
450250
402800
380600
436940
257170
456420
381310
296070
327140
250500
385760
353540
444250
362380
462770
589360
388320
292730
1238840
607890
436180
438430
300380
439190
401690
418250
443630
285190
374060
304170
626250
291090
1237970
289070
645402
373920
692840
339830
874240
391550
506610
280160
331190
446620
457320
451840
412770
329190
412050
459820
454060
269770
255280
342560
373770
454650
204880
457680
401680
419480
427250
408650
425210
376870
540840
384190
435150
429660
378120
390610
339190
234920
383120
306670
365750
380150
567640
230290
2552440
441830
1388590
1530160
571260
390340
361990
400180
257220
411880
338390
1599340
363150
295810
368590
761890
303210
362680
390520
264710
840720
396660
391540
637090
360510
296570
386590
252870
268670
1238810
244910
455400
322110
371660
423310
524220
427880
321360
488790
301500
429680
425220
327030
346010
268750
321400
395160
345890
235540
649950
849940
326590
824830
300620
334070
207140
360740
320300
1222140
427920
246760
438740
394760
377900
375820
402020
270230
347440
290300
368230
421170
290470
374520
266130
1094530
404620
1359400
307620
369990
356570
401890
337340
386640
373140
287580
982510
383870
284390
293280
753640
294060
339800
366690
221540
265950
321800
250580
435010
283640
294530
294540
355130
514160
256370
345660
548810
493340
409000
378660
442780
304650
294550
344500
355060
319870
278420
262280
337000
381170
311210
393380
921590
229810
336420
270150
428220
369300
266510
327890
274270
264200
371900
330180
340170
319910
314980
310560
360830
361640
251130
368080
244750
345890
294570
234330
274290
293740
289760
971850
206610
290140
357720
341800
369230
318600
15500
252530
937580
297130
388090
365900
356050
385730
329130
270450
464650
290490
345180
366320
431590
285740
329380
314070
274230
560000
687260
287600
332310
268500
233210
315850
363970
262390
319140
334230
508450
301120
425310
428690
389170
451900
391040
466500
466170
464620
468560
374670
467520
461210
445770
390670
461910
314520
252470
408740
407810
431600
211500
285920
327220
351510
288220
382140
337360
306020
307880
205890
350110
292480
218040
207670
211280
212030
212110
214190
70100
70110
70120
46250
46400
275490
248730
249330
249630
345540
587450
568060
328080
522880
630790
510510
1031500
456610
447040
451570
434460
381210
392000
259410
511660
447530
611500
1259420
446560
418370
1284410
473690
1190460
543460
511680
460920
401710
449710
445600
627270
46430
304530
254320
495420
417430
414740
263720
289200
693300
3347970
3907240
3887700
310470
579180
795760
839450
527290
566540
2153330
745960
449610
435020
730310
528610
91810
566090
270050
536890
443880
269030
2225750
323040
970560
244690
252030
2000270
350070
591960
253390
341020
328070
205690
423590
293880
415200
402570
521890
726950
391600
1252600
320340
543010
279540
420070
438920
373930
683900
459080
265470
325370
303800
369070
516030
262450
549860
600370
251230
1225590
509210
510620
487720
311010
457140
555220
454350
291860
527100
554810
564070
484900
702700
375950
463270
1029260
492290
453310
287260
234370
497940
510540
283880
457730
295690
259660
458960
337350
650760
551170
612070
987480
553640
543260
535850
501300
504230
369110
318230
403970
339580
323060
393520
382560
409320
518580
448850
216290
437570
439370
481110
378610
392280
248390
311260
281520
414700
1151440
408280
449800
502500
394390
409160
417860
242680
825630
281610
788690
466130
453090
375710
600750
408330
350640
274310
408120
373390
407510
359310
307670
273070
276810
313200
607080
314810
316480
397340
322190
251630
427290
553210
304430
244930
368430
575480
1464290
388880
574740
377530
347430
444770
564480
405640
383230
768090
1265570
888790
751450
485040
2183070
381100
303310
705570
552280
496810
749520
511740
494980
571530
972160
574050
555580
236930
80350
80360
315430
48900
38900
359610
359600
354160
400020
353700
384490
385770
280790
339610
311310
291550
210170
282860
209730
393420
460700
344100
310380
322330
335300
433340
339600
399120
404920
303550
289950
278100
252950
346110
243450
502800
514310
1149550
438940
865820
370240
294650
283920
291130
354380
245370
353550
384090
403640
375960
374320
1238000
1172620
1225560
588430
1922560
878670
375910
460930
343710
552700
537450
338930
394230
692850
527280
293760
527270
344850
324800
866020
368450
313160
236690
333420
368370
325600
362860
364470
370360
290890
327690
313630
767560
365800
258910
760800
286160
375900
71260
304390
338300
2436570
347620
417110
341870
273110
386180
394600
348020
427820
406720
317060
284990
97130
275670
323380
290770
430210
490220
352240
356400
364360
304050
320240
346900
642390
369580
912450
227020
316010
372000
368070
742120
360430
304950
338540
303430
281990
482450
361300
318020
314830
359350
317820
310740
370840
348710
342380
375200
335120
387860
301860
307580
446390
308420
215830
260250
251410
224820
258090
337180
109200
586140
27900
217270
438640
429540
290080
389570
402840
356560
356550
356540
354950
345130
403940
543240
489940
405500
352460
3077020
296070
105300
11330
107310
104900
110500
13140
11360
12530
12690
223490
209060
207530
207250
236110
227720
226740
226100
15560
397950
391730
406130
415740
235360
233800
296970
374900
429570
312530
504050
15540
495990
1372300
391720
2291020
294660
431770
301970
607200
302850
287840
594330
342990
394310
345990
421050
312660
353890
422970
433850
413150
446590
371440
336130
428550
299460
440880
305640
336030
416210
451350
296810
3932890
263340
453340
356040
449540
263980
370280
394970
412790
589200
364630
437220
433100
271240
355860
428370
320040
402040
439920
365160
427730
287340
426310
801480
568090
440650
223630
466350
390720
844910
955580
370920
458770
324090
1339620
725270
421020
402130
466740
601510
682570
658260
457890
550080
559460
262410
411540
451760
224340
592580
504110
3294690
1161190
1009450
1777750
632350
638930
716710
525700
3771230
802870
2552430
630100
431630
530740
389650
464350
324510
691770
314350
440900
399810
331690
572480
435400
466560
696170
531140
435100
445220
579820
283160
552910
488950
394550
356190
424840
393080
560130
404540
568460
415880
1034900
578080
328590
310510
517110
544330
418460
260330
1085660
299740
582270
594570
821890
456780
1237950
299950
1671200
378540
313340
367520
636390
538030
579950
532980
516110
564230
991270
544970
529520
443800
392680
420840
436490
433700
263640
343740
433190
609320
404590
596380
622650
583270
491770
545270
704030
316610
552590
389670
678960
397060
488770
551730
368000
416250
402260
489140
298610
371300
331370
567380
331480
606880
596970
476620
476600
445190
748490
599750
326460
368360
374040
418340
386940
383980
403190
323850
431240
241990
253250
451130
442210
448070
435300
436110
364390
406940
434650
377430
421670
434570
389050
421040
336790
424280
381810
366160
413170
443020
432010
427910
433950
410820
423620
359260
359250
409560
403850
340490
441280
416450
435030
271970
426970
317530
423490
455490
402430
388210
451780
857450
498240
393750
338400
281640
373480
320820
421600
335000
355050
247240
216110
400800
412740
311690
228880
426000
394690
380220
418650
425720
448280
330770
450390
293480
398180
414510
2217730
451520
270130
363460
263360
329770
380670
392190
477870
429830
457580
396030
406410
444530
322770
457860
384990
414120
459260
450540
356180
457960
606280
456750
1545450
986930
834530
475190
585180
437530
437250
278360
465280
368570
396350
1782070
2702120
751670
32750
589300
539340
1138970
284460
264730
446790
270310
531930
638470
488310
394700
237740
99700
3014490
384320
295670
418040
505730
587430
381890
306660
321270
352550
678850
365360
276380
469790
269150
446100
3014480
575720
1703040
2707270
325790
530370
609940
275080
378270
321870
304460
1703060
1703100
3014470
532110
366910
647830
298600
362620
463980
446840
473780
464880
462640
560640
518790
454320
497730
1649340
342920
435480
515220
2418000
27050
229600
452540
532210
552520
572410
390030
422810
406150
392110
604740
535230
803140
259600
582160
1927740
1262580
390040
1233020
1803840
975680
553260
1041320
588240
675260
332250
460250
557040
501320
469830
575450
588950
485680
510520
774651
513890
580200
236970
535520
593150
648350
597220
1017900
312370
389850
326670
440330
344240
366870
597820
650670
1518770
2242710
965010
1253390
1044490
635320
961490
635200
234270
614570
359230
668520
792660
819020
847360
465760
664650
546900
722730
2395450
256460
232450
485460
294160
624090
231740
310060
353640
348510
702890
697650
555880
386870
874390
316890
446150
757040
529440
239450
217060
950050
676820
789910
512790
640820
927380
570790
339400
368420
745790
1225580
503400
563200
700160
336940
529180
505460
284240
269270
374080
286000
272620
407330
658790
523210
590720
222640
1148680
362490
1157880
1025140
1144400
296470
1783190
1961760
648100
1065180
303290
1977740
2002010
1346770
732970
1010600
343860
312520
494430
344770
366640
246700
266330
355790
235980
280380
416800
354240
280910
297100
702810
251110
35480
426790
585290
281750
402060
1782080
502280
428540
329460
279900
514900
322780
362960
411300
65270
447020
410110
251830
295750
262190
263020
296710
236130
313660
24410
331360
367600
244070
395570
262470
816340
545050
324310
445020
416590
380750
401360
384630
423230
584400
637100
340000
2356560
291410
482400
377480
860620
443810
248610
437920
471770
448510
595740
310890
876330
302670
274520
395980
397100
526160
2936310
423580
274440
469610
322970
490450
421660
482730
441380
265000
470260
439310
515000
464850
497850
564010
460780
402710
259570
327670
319480
205020
293440
499520
767420
647430
374030
465240
333950
502820
1174180
516750
543900
469920
427660
538550
554870
504130
504370
407560
532290
264320
930910
327680
475550
314790
444090
360880
488300
408250
453480
342180
379980
504210
496400
270850
439940
446800
491950
719040
610190
20840
347510
536220
493840
897220
491530
286140
418240
691690
361420
474750
306000
294680
284000
2079260
294670
577800
1222700
412020
554620
678950
582010
2853730
612880
559210
607050
529660
659150
1057090
272040
664430
523780
530700
441440
1575290
590380
455980
629760
607330
519860
332620
327060
559930
404680
447820
517780
460640
612400
609490
446020
562590
368340
571310
290260
625980
342610
394380
585840
308600
464920
588650
670900
253310
581270
318970
627910
312670
573130
1122680
532190
654880
452060
274700
231720
525480
792990
556480
471010
271260
646910
558420
485980
702320
533950
457760
286940
456670
577290
450060
601430
313080
252410
745880
2117440
692030
837610
714800
850000
539660
751440
3410630
503560
1369790
525240
1242670
628890
562410
333250
617660
502400
559650
512060
244090
378860
661920
471550
730390
209850
621020
556740
805550
743450
368390
562860
584980
612390
323190
699670
465360
881280
2221490
662840
583950
637670
633230
711660
398030
658700
1144200
319470
750920
748360
673610
1340120
1183940
818320
371140
775900
593600
488910
996580
551770
1815780
558260
473950
1102130
295910
726590
431810
723780
662320
565120
410900
388060
407830
459090
409530
377690
740090
585080
347290
697370
772490
747340
618690
343020
293840
1072420
540150
744190
435120
630400
564050
712100
536780
574270
284770
284750
621060
602320
916440
407310
492720
487430
1275810
378480
322300
441790
595280
544920
770240
705220
550990
737800
817130
445980
611660
859580
1073440
504430
530070
620980
685130
624870
820730
851350
714370
621830
921570
819030
435530
301840
688140
367080
642090
756590
464060
347160
738510
640590
1237370
721010
2374590
552500
581660
250110
494840
240720
435790
392070
710690
336240
698780
906120
531640
493900
578720
268130
313780
619880
805760
345480
358130
1658740
558990
785100
839770
458000
353630
294690
630310
2570
400110
433840
749780
429360
2190290
641990
627450
290040
503580
272470
264060
312630
822640
359900
225280
846470
586110
790820
443450
282100
286340
539470
654050
1683200
429690
390290
532270
477160
495580
383270
299660
302790
282800
742300
704110
1343370
544750
700600
386620
452570
717540
593280
684410
633460
871200
689650
717690
728240
915140
738060
336150
626610
618970
290970
355180
838380
534370
591740
573090
763250
557520
704880
553420
1423010
606150
1168830
723270
840370
866890
287630
657240
924650
666820
689900
782330
650000
778610
710760
422650
3903490
821290
758330
503920
752720
489630
897940
505230
919170
460960
445870
728880
1064270
570940
2540630
762030
731420
423890
815840
673190
694130
397460
434170
610180
774461
677300
574940
635850
448960
408920
872790
871980
1254860
678520
1074080
716490
769100
709390
810630
1111390
658780
611670
232970
792100
733790
1769170
914020
314630
699130
612570
581320
674020
762220
790540
454950
2149290
626690
460430
919640
344740
1030210
837190
599140
695970
356650
766370
609100
427100
395560
757300
237970
589150
501080
382310
629910
437630
257420
736220
458710
496890
520720
366090
554510
660170
393190
620200
459130
460150
547840
532950
558780
260270
489830
610080
553950
452230
3520
3510
525740
424040
464950
340960
367270
512900
527230
364420
506140
269210
506500
233610
410340
480650
411370
500260
538100
461430
503350
568570
420290
420530
589590
249190
249950
250030
413710
616560
352190
352360
352370
18000
18020
351640
351230
351410
351490
352210
555570
396650
265610
616250
434290
382270
502320
35320
247020
288470
416020
430960
318130
396750
359050
354620
531510
589870
639650
637850
517710
465780
360170
512220
477770
505640
489260
259060
363360
382050
710470
628660
1022480
396560
468000
655470
639170
404170
513650
496460
570460
375750
371200
386970
425460
506260
306830
314030
348550
92220
92200
220090
262850
579760
444140
267600
305920
532770
544190
486780
308060
516130
442120
766320
460950
617440
583470
522210
535480
361280
520440
400580
667810
517460
219190
347000
203210
953820
303410
661470
435460
452930
325470
532840
611850
342150
320140
587440
700030
513550
2697560
389140
947890
509980
569480
994310
801260
848450
237350
674940
388450
853300
3378960
485030
779290
2058180
600480
474980
985890
370350
656580
410430
688420
228360
413500
430410
568910
307690
397820
726710
675480
359580
702680
922170
561600
252610
1404210
863590
743860
973760
534550
336140
530320
600990
659540
595690
604510
671370
950360
559100
1672970
934220
33580
1127400
752800
603210
502300
456660
455970
253630
697130
573120
853500
327860
968710
2524890
646270
960980
489220
535760
953400
572430
1671210
432620
415960
413480
574120
415030
425860
251850
956500
760860
286880
340280
981770
521350
1012570
889510
724370
629000
280360
326840
285820
735580
457260
855640
846030
787860
1234120
555160
283470
755790
463130
348270
712360
1133700
1097580
785260
1151340
829110
544610
752590
812140
795100
997070
686260
565670
331670
270550
837240
527430
460910
740070
863550
530950
548370
841370
1225570
351090
427490
844850
866800
254100
1293830
816020
255340
266230
448170
814380
845070
1056960
517630
1240440
883710
573170
632880
548570
641080
870780
1167450
717640
3689540
883880
370910
1361320
522470
578430
534380
794860
451020
813820
601150
557340
536270
2141910
352720
726490
732370
728540
750130
387990
648800
371890
399600
628800
367450
334940
944080
1097840
867180
345330
1466860
871720
447120
454250
636480
619780
612370
718670
862690
788760
807840
805340
1716740
2284060
293160
774171
2376930
647570
747360
627220
863310
731680
611620
500790
347950
1063730
546100
540870
307770
2254060
1358090
2004290
527890
321060
337890
373110
783120
976940
898170
2622000
869060
571740
485670
923260
785790
537630
257750
712190
786410
998940
849900
596620
890070
1018930
483960
793150
672650
862480
552620
356580
446550
495110
628290
393200
431650
384110
312840
786950
1238080
516790
1016800
667720
454410
320760
816560
585900
224500
1036600
734330
1035270
636400
1003070
737880
969340
898310
439340
859180
650330
1035640
58230
526870
736260
584940
746400
482990
319180
971620
729330
562280
449250
773460
648630
268520
363410
795680
459550
378070
215670
613370
250540
417150
353360
600660
794260
868270
896340
853550
532790
617480
250050
725870
434740
675010
1011700
450440
471710
1674470
34810
438100
675230
99120
635220
400160
644930
777040
977460
607880
767390
270070
508740
652880
561610
428750
457210
528160
755500
680700
575820
415170
751500
535930
513710
230050
537800
705120
337490
861650
1277930
565170
449960
742250
471810
646570
394290
1277940
2947240
1007040
952040
471920
940650
851890
990050
980830
955560
906300
562620
1518370
499210
601050
758410
565150
341710
357310
1601900
764790
589780
397740
416600
619390
601840
1601930
537110
311290
691830
361330
794580
704920
285030
636690
988100
668630
588040
644550
629960
788260
779340
316320
994280
1200720
2510810
814480
447290
307950
591460
633360
653530
698670
492760
779420
275200
756600
15150
2109460
489930
518280
416360
511320
355530
358770
295590
530360
398100
331760
432100
612100
498300
730050
683760
546080
688260
529160
1010750
904380
939850
618740
931500
954650
541570
1405790
750200
787970
716340
384550
458060
585880
1035050
407340
575550
407900
375770
445730
293920
683180
383030
429940
612110
449340
808090
509570
313830
1028950
734910
299090
578900
549850
416870
350490
759740
451640
632800
838340
502600
524200
629430
1492680
838110
705640
690200
1046030
913740
2000950
698830
435260
367120
703860
264300
335700
496300
1449280
741510
916730
1085750
710920
1086940
937170
774241
965230
644830
538880
951000
740130
920210
2239550
1097130
2325290
2221920
1744330
984780
996470
1867530
1075080
553540
694280
502720
755490
546780
377080
743830
875400
324710
418120
511470
433550
634160
545540
362090
841770
802450
501860
913820
976310
578650
939960
942490
984150
775200
520600
981750
15990
837470
837350
690790
282900
314230
984560
1346600
987350
1145360
683320
1090630
510420
627690
868600
1004160
396900
985080
1149440
795570
849020
797080
749740
862620
703810
705600
875280
321310
522240
700330
702090
741460
847880
270210
262790
881320
704850
696200
351990
783210
787220
752020
763750
644640
868360
506870
585550
705070
1002910
2751230
836600
511440
1007380
496690
763090
1114070
437160
441350
760060
567670
552460
552450
41000
791750
839880
866310
921400
910290
845300
786670
606750
956780
611790
412220
776340
360
823130
3483
883020
11280
408410
1003590
548430
416790
294190
343280
671440
542050
530630
299400
407780
575340
499890
592480
574090
590590
850690
1552810
997030
686600
649640
508440
332610
523660
733210
613100
612930
831560
493520
617160
458630
765880
492630
1134130
598960
608510
765870
878950
758250
278910
650220
61600
444640
503940
377260
397570
665030
420740
613190
1172380
555150
355970
510490
2626860
676630
931560
1016960
838310
1100430
602430
1361350
958260
530020
235820
831650
473530
2361700
277520
1367080
886820
504490
948740
261490
581300
543440
671510
570710
289320
1169100
690120
395620
652190
1082470
905450
233550
298260
916900
766680
864550
556060
288100
1399780
985950
968870
973810
824570
629820
427940
1051200
442070
598730
461890
620210
716640
899390
762830
704270
705770
344750
397540
632360
844660
250460
279990
319850
896160
620590
1046430
906100
509400
329430
736850
729040
524110
327510
407600
284020
294580
294710
294700
466240
492230
573100
628770
761460
680980
1110100
307940
804490
1000410
732690
728740
663380
632900
978870
910630
386990
729530
328220
206040
206020
206060
429580
419080
928600
800930
42210
1809700
547820
686180
679230
782190
241300
292860
370460
3461490
2471170
3461500
1045620
703180
314220
926180
858100
636320
505090
420100
1079160
622220
896680
1238730
1921560
452440
595500
505080
733340
589530
757600
1187940
922500
1262240
1183510
270910
347030
1004750
973580
872200
951440
629690
344410
489370
774361
939600
851850
712840
934120
1033370
924980
1325200
915490
860510
1057640
346330
1093820
1137450
714120
904400
978780
1067440
1080750
36270
1070710
417200
791180
1023260
350740
373650
738520
502520
576770
772290
626550
814370
341000
468670
790850
421740
333640
314020
698640
541210
436290
461620
285800
803980
268770
261740
238910
265120
204530
336300
364300
468920
588160
492180
336770
314560
391490
402310
428350
386770
434000
441680
660160
247140
877810
686200
1823900
863940
248550
238630
263560
537430
340730
420970
990030
622720
822190
690140
773951
631980
858030
758870
806950
929010
405710
503620
681330
489720
424250
1824220
794960
757320
1096410
679110
605740
561740
749250
531530
280320
1022710
388370
385380
1063960
586670
2379390
844590
1066780
264160
2211280
628610
457370
1245620
564940
1093520
1357860
774201
676840
409520
264560
595140
230860
400630
254440
623640
260530
604540
872670
858810
269710
400450
739080
803330
804010
868020
420770
1069640
1148390
3156770
636100
838010
428880
977720
501790
809020
621970
1442820
1008920
861250
804850
1142390
681280
1034140
899770
934780
602960
1028630
1089350
1189800
1097200
853770
317280
1020540
565410
529910
1454520
1142050
691280
2333480
250380
770390
851100
568220
1038430
784150
1340130
962400
891510
994500
4124950
3742820
372560
320540
603420
415590
263620
572520
733750
580940
528720
1238680
1662850
1829980
3306310
1960830
967240
567630
938560
3321460
809140
773790
424370
1829370
1048600
573680
612120
641320
407940
712180
1166940
790810
566530
348490
580960
226410
678820
574760
680420
1150590
1593030
704230
522740
485820
559310
877080
317510
667890
677160
938380
388960
580720
910880
1157940
454200
678900
385250
492170
592560
443570
488440
927250
674900
497260
507300
524970
336440
90200
422510
441050
508600
982220
979060
359440
574500
667220
871530
468310
252130
415530
777130
222820
496980
921710
425900
434730
654220
461220
461840
453900
551860
487120
369550
460850
355980
202270
489520
542260
224740
631900
783770
1121560
1795180
1715980
446810
1322300
1037020
892180
1185160
1266220
1402320
881020
780350
227780
975210
515040
536770
866440
547850
314700
690640
531660
392160
280540
427470
454700
930460
871930
1012470
669500
385840
1006510
294370
461410
653190
211580
945340
47000
354130
555510
352120
769980
705410
575910
449940
777010
650510
2343650
339460
314970
718850
809370
824660
791550
301560
550440
269330
1092950
362930
812550
371550
317250
283680
897820
639720
617430
515010
252750
312200
726430
600280
956030
818210
842910
887800
316660
476530
753650
658690
414330
836450
455820
899440
369440
638000
265890
986350
601810
416770
976920
233860
843380
955050
572890
603400
789570
780210
1063310
784080
760510
1338100
227060
308173
611180
668580
884660
12380
914750
603850
273030
463530
1198090
2471140
2471160
3461480
1200110
350210
375310
787510
1232460
353580
294280
496040
1001220
535490
432020
605500
469820
930210
1113000
446040
752570
645480
292280
292300
738540
700740
288830
21030
1051310
893790
236730
368650
712730
486230
1030300
631570
263860
703080
718590
401550
796940
2257780
723890
621220
642830
352890
673130
964800
1687950
987720
895450
751780
500550
583090
658060
603120
778700
571880
362660
432130
565690
568020
657290
591370
1042570
686440
673910
665330
380660
893680
364000
263520
758320
813780
933110
1029690
752480
279460
526980
1449690
1702330
889600
1039890
627820
443330
665490
666020
1556200
2231380
1351630
1732330
742530
807120
1171340
1140100
1100030
2265440
1163590
2156620
1066030
2553910
221180
838350
736190
400910
911220
835430
1418180
1163600
405180
746940
447150
1069530
322210
429790
666140
537520
603930
976420
646500
725080
1114290
1217220
957710
2750080
743500
1172470
677120
294730
383150
563560
726910
715380
383180
315740
490430
553790
681150
403700
450740
792720
593340
250070
895380
726210
522040
368620
502230
523610
705100
574560
681610
824460
359100
489610
866340
37360
728890
436530
706950
404820
740040
310810
349790
440420
609110
834740
675240
844050
451400
979110
785740
517720
680360
585450
696530
291960
589670
333880
815370
1144740
881100
360940
2447800
581120
625910
2799860
954740
872410
888530
899360
1100600
1146100
1557050
1250410
1099410
866140
761620
1049280
1009290
1058450
714070
1074520
1514930
1440500
595010
993500
423750
750010
1125510
1194630
354400
327880
820460
269190
1076500
271900
304410
1148650
898650
891640
396710
568930
327310
1106940
579490
1135710
1005300
1102680
646370
378720
228320
228440
207430
202410
235250
707030
684450
1299510
234160
55020
38720
1158310
230980
107300
202730
96100
231040
231310
2206210
214550
218020
1004610
1162680
1062040
1016830
1622710
335620
549700
599080
2344520
2357570
846870
1614890
1331440
1254120
1184770
1227780
446120
514290
268650
608800
525920
470780
518920
783590
203290
538840
698540
389190
693580
407840
287120
431930
919370
371360
545130
219800
255260
322850
408760
442080
501950
439460
477950
833180
619700
800270
455200
409450
990630
538810
726830
673880
567080
366220
422610
533480
322520
849100
760360
750520
300280
454600
491390
461830
521790
493220
580710
474730
595770
673300
711000
694090
521150
450500
672630
466160
550590
558100
954870
414720
397160
979120
412940
699740
473770
445720
751330
237470
212370
893850
1205040
999220
1159700
420440
319560
489460
344840
516430
592600
826630
497300
757240
207230
583530
552030
266190
656400
772750
410290
33120
349840
668460
311480
351910
656460
341030
394430
906510
3254250
456390
1127980
1089090
1058330
1011390
1003890
433910
714080
969990
296300
809960
1475810
294750
552970
1239430
855630
834910
308040
1408720
783720
1509960
1540220
695290
828900
846110
899310
709440
582550
958400
1257310
1078560
909510
812120
2399220
1856480
1184140
686810
914620
39800
600090
328940
505170
460220
225140
689910
588730
2786120
1120580
116100
960090
661790
461950
612670
241640
676850
1071120
1045510
365500
215930
465430
37280
1113010
505630
390330
657580
1091960
857080
553480
812810
218410
492160
643940
1294450
1046930
332370
383460
326950
523730
786580
570840
789540
1067800
1056970
538070
291690
487350
485590
1055540
356670
431460
279920
474210
1383960
1277510
2371630
1668520
750470
1154790
995430
1313860
945360
953490
1002300
1170880
962130
1210250
1377710
1345470
1054990
1233550
630700
1240230
980480
1110050
250200
1558930
369890
897730
724000
1506830
896750
1204540
497190
325060
1103400
1086670
1378990
1016940
770200
1338770
698450
1018850
503980
798490
862570
1210060
667610
1146310
408900
1062160
1333470
1072500
772530
1049890
589450
1066890
1009920
1159660
404700
1257360
1110910
279140
369400
3545060
3561320
839310
400940
1092430
741820
311720
1249970
390220
838900
2369390
528060
869870
865830
1016730
921800
1787790
523810
907760
1025250
679500
576500
1556870
873840
1058140
565390
794540
1577350
1230140
1075550
2715240
92600
234940
764050
368740
434260
378080
364230
382490
330020
1092660
512890
290510
577690
450140
739190
432370
722060
1012880
1015500
1232570
861540
272890
388420
205810
940310
533170
910830
1222680
377970
357940
820900
445670
362020
486720
278590
716500
857690
649790
407680
490890
701420
899470
733740
725370
312970
446600
312230
499910
510660
521500
493540
438420
359840
386080
334280
811320
333600
385800
420110
602520
257830
685050
1106150
1012840
671720
412310
2818260
899970
954850
1406990
1049320
722560
351340
555650
662540
806490
1644810
504410
72900
530520
963000
560250
617970
763770
911400
277830
681350
1135300
970830
381940
679260
743890
743900
247870
1235140
1726190
865680
1049410
982290
839870
355680
905340
952070
617290
897030
204580
415150
250600
1049400
871950
340560
621930
433380
386070
502370
820540
970840
2660410
335840
342580
1399840
277590
264803
1005990
471170
820020
1249800
1840080
1367330
1465360
1127610
1123770
875310
333580
23100
514170
362780
269230
450290
624970
512250
503450
392260
606230
396480
487040
584990
593960
1082710
444790
651090
1178880
3417530
404410
102200
567090
344760
458470
297020
31180
31200
254200
407980
264540
363490
284830
263420
418950
307090
340830
517910
324760
283180
391630
279160
327260
280560
324080
445130
298340
381020
352010
395420
351320
513320
696480
468100
301650
337680
533010
287780
325090
317320
464150
492500
422110
294000
302590
457450
497800
252450
631540
463700
241240
491560
491040
416680
417310
326410
328500
732160
1127680
286100
410670
1156000
971120
983350
673000
618720
639320
2593760
376760
1129690
1063830
397980
405340
528730
447700
1382330
747470
957680
263540
645630
1000030
817540
1191630
1796410
365810
975510
756530
1058130
658850
674930
1105420
1731460
1544360
1051410
255520
2918150
677620
818520
359510
616110
265210
403290
250640
278930
603260
428980
751220
1026370
1079800
697550
510240
662240
1297550
335420
1124300
959030
1175960
2694490
1127500
688740
1180660
1040550
546560
1436930
989400
428660
578620
1133790
1122720
1109690
705500
1166290
976010
390560
617830
690040
589510
1031440
687750
991560
229520
349760
378030
312990
373180
211900
586430
585710
839240
462930
280040
1026680
506510
414760
467470
591750
1206560
418670
1856190
2095950
474030
952950
1138960
271670
360640
915720
1940340
360650
396800
491330
567800
663210
938310
1026070
1191280
1281590
1392960
1402350
667030
646470
667040
1166350
2385360
450190
326180
326190
396790
409380
431260
411120
818030
1020080
932970
754830
928670
1174320
1054660
1126130
864940
1358900
470060
1276790
200900
576810
729570
317410
403780
497470
995240
458330
1097110
1077970
679930
1276800
1328670
1170970
2927550
774221
1361010
1034750
860490
755470
1263850
1297900
3768760
2458230
515960
1647550
1152340
967390
606730
610410
70660
1067540
1122120
640340
1390350
1026130
1373430
895870
765810
674090
803050
848480
527340
1080410
600080
907650
1257290
1162750
853050
406970
592100
410320
574200
1476160
1202900
979720
315860
280220
284810
1151740
1233270
1171270
284260
1160330
350910
2836180
513360
421790
1363080
1665280
749980
3151240
1122050
2739990
718010
530890
782140
323220
253430
302240
252310
384180
350970
337320
513330
325930
599460
360530
597170
267060
464100
346730
358650
650440
315660
369390
529490
297350
427570
293240
454380
592030
437390
586310
355370
446760
463210
384250
1094390
769970
27920
422900
351920
364060
220460
206250
440630
375500
291010
509240
715560
311250
699170
317710
402390
434880
529110
450950
603100
677340
792300
1057750
342620
1040230
1259970
1665460
1522820
748940
1186040
1271100
636570
747660
1410710
1034910
454120
326520
363940
928440
270410
622010
274480
320790
261900
743090
1291340
361230
276730
293940
276730
45100
436500
1185560
263400
815040
978300
278810
447860
253650
1386900
1107790
359400
361190
599610
448000
451100
350310
726600
248650
403180
534290
407690
577160
423950
417350
312510
334100
368680
562340
705620
1002000
984690
957720
1091640
1233260
587400
1166600
307590
1292630
503140
644480
765210
704010
827290
367580
385860
434160
575940
338310
468530
397310
214590
307110
383930
402330
384310
882100
1041210
572000
777880
383080
1715130
17300
433400
1085510
915710
1040390
355820
487330
563840
635390
778400
1080110
1668080
2225070
1465050
983970
364720
284850
259740
352760
610370
373970
340700
357480
417890
787480
387290
613880
587620
435150
286690
373420
406110
1265000
255420
440540
286240
418180
1297300
1132030
1585330
1052990
1142710
1029210
1330960
1157220
1122100
453910
1482670
1791620
1450650
1378390
606980
652530
1058280
1027120
813630
1259960
792810
1778820
959520
681530
1533420
1850510
1375400
774181
761830
985900
290690
854940
754890
953370
1811500
792710
2061250
1591530
1419860
994730
1150690
885000
1183470
214730
1168880
1263990
1148450
1265820
1282730
529590
1301210
2915930
2484110
2743030
623370
1278290
1570020
1566410
864060
2493180
264690
1220140
840210
451310
433360
1316870
1369630
1029650
1373530
1549970
32730
429620
1106840
629840
1580780
966320
1425730
310950
613450
1361510
454520
575330
286320
717610
492220
285070
270270
552610
554220
718650
357120
1314140
263200
606800
363500
359960
1229380
646010
716770
285350
1229580
1116580
636450
913060
1224600
1224290
1398500
1211110
1160220
725480
454890
1175430
960690
1286710
1493750
1544020
1497360
1025410
400080
830820
1507580
924970
1280750
1121200
3224770
1112890
886060
944920
1818690
1066260
1108370
1079830
1543030
2138610
303390
1173400
1444110
1210490
1191590
343360
293180
1206060
1216060
893720
1308380
1162130
1078000
1337010
1011190
891020
461030
483770
385070
533820
438020
554560
294120
647910
940680
1049590
301200
301190
1614270
585420
1065310
999020
284410
464260
1179890
1342330
1223500
1476970
528230
1329790
923570
1224840
1363360
1845910
495520
450700
1062090
1128920
1489610
1184040
645200
1500820
1498570
1341450
977950
1410640
402630
1016790
852300
527470
292000
919410
573320
47520
1413480
1356670
762840
1341050
443860
1340720
971030
1342620
757310
1228520
1226530
591630
812160
766000
799810
727760
2067780
1155460
628670
896460
266210
940910
351100
750800
1042920
1361210
2457220
404480
921780
935570
1004490
1321680
555440
946560
840930
672680
1349230
1103950
237550
288860
466630
315210
418530
976590
1089980
1432220
1297390
1240210
804270
1985810
611760
736810
1118520
1342740
609420
1496790
2358720
552440
650570
1290270
1290350
1266100
1016120
1161580
883360
1233590
1477940
1259790
1312960
1036890
900270
310700
1279920
751060
490920
1126270
1365030
280180
1353230
377060
1120560
598400
270810
590830
395200
253470
350090
528820
313730
327880
488960
491350
1359980
647590
349250
1299720
1299730
1371690
2290180
2515020
1203220
488730
332330
1061730
595520
719750
851670
1102190
1003090
497400
284710
362130
362140
362150
332270
555610
504850
334850
352780
509000
675030
420360
772340
339510
1135450
397780
365210
876500
13444
1142500
1141550
1510030
723390
384590
342490
557700
301420
3422290
352610
215450
639130
370710
434920
458420
607020
713070
530330
373620
339090
542560
629540
406870
510650
677020
732430
466940
1304090
734120
374230
1355160
1891010
1179080
358830
307270
606890
1065020
760160
838410
1366540
1147560
994220
614090
461570
766530
369560
719800
363420
547260
657040
681520
709380
626580
1149710
382380
370510
616860
708630
785030
451080
987330
601650
621080
704760
743370
1448530
1078730
510630
625700
407120
356370
2842320
1044980
671970
606480
720350
357330
979310
936790
1038300
1009560
1215740
1333910
1508270
981980
1055850
1275660
1865960
1467020
873270
270610
1232940
1225820
836640
1492310
1288310
1088150
1058830
1372280
203560
381260
514670
777670
1395450
1425070
495560
1123830
668550
1223910
1455840
1220890
57200
255300
394830
624270
840390
1492650
774211
1488620
1346830
491540
925460
1538920
1532750
1407920
525620
397620
480430
329970
355760
409100
346420
638070
377360
589760
1131190
971160
570490
918570
1019250
1252300
885970
252550
1458100
1003120
2614070
1259840
290530
363930
553960
502940
1133990
1485650
622080
714840
803720
1150650
1272500
324420
713160
468930
428860
715410
357300
50000
1014140
467210
1087280
831980
619290
465650
462780
376520
550450
643620
525360
378690
808770
1159540
253150
342480
762850
618950
390210
420060
369000
385710
384680
253350
633060
1304930
1198970
555930
745920
523090
984800
232050
477730
726360
545250
952060
329110
2461850
585950
551110
678970
738650
504390
1446650
1184050
894940
661740
294440
279480
903950
823500
1668540
922460
2103110
104020
987290
352900
972660
2118950
706020
1178490
1321070
247000
1118010
1115980
594130
776610
1207730
559610
1167630
1046480
349270
412480
1163550
967050
449020
874040
1061090
494600
1062340
680380
873940
1266470
1272080
966670
1042780
313020
333130
1519310
986800
742520
1138660
1201240
1123450
914800
835570
623280
1097150
821250
2114970
1047220
588210
1121910
692660
910490
1644770
385330
1222730
1761600
858820
1087500
703840
829590
1843940
329050
537340
544810
996770
1265860
2208920
914110
848350
746850
1265780
1213700
1267910
1161490
595440
346120
1178830
259530
1038250
1293160
775500
1042490
1153640
979690
1024380
2060000
597180
2004440
1075170
559330
297760
2395210
1030840
1256670
766570
1072040
1101360
515180
1041920
1038640
842100
699040
1289310
1516980
982720
536280
1063490
433170
1137410
1098170
879140
1137300
307290
678030
1019310
691450
997060
1344070
1060600
1139900
600550
1142100
335190
614890
1086010
331200
1186650
793370
1071870
848030
1209490
317360
1282590
1599660
1817190
2420110
1659040
1196590
1895880
17520
639790
1225330
3357650
1310330
1252330
674140
1239520
2693710
1136020
967120
1649240
1680880
1954200
546430
639780
872130
859680
868980
1332010
1022780
1061910
609920
656970
1386870
1227400
485340
990080
2322010
1168690
1658280
1749750
1446780
1277400
474020
1064120
899460
1016950
1286350
788100
353560
1030830
258010
326230
291450
319250
630720
1154810
1016920
1227530
1024650
720560
939100
925570
550320
1259980
951750
971690
1392700
1135260
555630
288040
201570
421870
1129580
865360
1122690
1698220
331870
1318690
987020
758730
1374990
1260940
695100
663670
266010
388410
698770
229580
1328660
908740
739630
839910
726110
897450
1380980
582500
1000010
254370
1176710
1186640
1286220
1104380
594750
1449370
275510
525450
589160
480
749430
529060
501440
1115690
431940
2051620
845030
1053710
1260320
1817070
1237610
257770
408960
337040
371520
319970
418300
826940
1096530
977650
1058650
1140270
666570
1413010
454190
440310
1140290
342260
1098100
981890
646050
401810
1568450
1062000
1188680
916840
809230
857980
983980
783340
540510
1088790
662200
742480
1145960
944340
455340
1384160
416830
705290
1335200
1076110
914710
1104660
1202540
628870
412140
665360
375010
448470
437550
324650
337980
359670
615680
548220
542660
268240
699100
513270
428630
324740
582560
588540
1019590
436000
252890
444000
387240
600440
336090
714730
208600
365200
628460
357280
600460
603550
969680
1829470
383840
809730
706850
907600
529950
599090
933820
811870
1236300
1003520
3352260
768450
1426210
1253920
981630
1135690
754460
771340
771380
872580
707110
978490
287960
518060
1243890
1140740
1249430
915230
647960
892970
1330460
1035120
787810
1066390
972010
1476100
1410070
1387460
1243690
1473550
1373080
1274280
1000360
1394810
976930
1134710
1400070
996370
1430240
1455920
1075200
1040420
1163500
1332090
1035560
790600
1292010
1663400
1392060
1018830
1297330
1398100
1371720
1811040
1441230
1455660
263840
272670
333820
1087270
880380
595420
1213750
465660
1345870
333830
1065860
669660
582620
321610
488920
344440
560720
1565740
498740
635550
492430
700570
588080
300260
305940
735570
419500
464110
723100
1015530
495980
405610
596080
821640
605830
706130
290410
927350
660920
1570070
1289810
1351210
1304550
1191900
1082430
779450
1255630
795420
1203630
282740
448800
418270
1273690
1476170
1419380
732050
1134020
1048660
1295270
1335800
1337530
1522140
1458420
843180
914210
1069650
1207650
1026420
1147550
1134570
1574310
1042380
1042960
1190170
1323540
1122700
1323470
1592320
1466640
1242980
1421790
1694600
1378020
1462810
382360
790290
485380
676760
917150
238530
277700
788270
1108590
1037120
465490
574720
1186630
719300
980300
1066900
1267810
1101800
1222270
593700
656350
1469910
105100
956680
629730
2581960
1001800
314070
497430
1273710
1220150
1172450
729340
1014990
3557620
352620
2324300
735290
1468810
949480
1318790
378700
345080
1120810
1003370
529340
966680
1523400
1206600
774511
917720
783170
1099640
569570
783180
1039100
915310
1569090
1448840
1146300
1369520
733820
1335230
1164290
1555130
1222370
1389550
1105670
1029780
461510
915670
618710
638160
1140890
1053900
1283400
887370
1921340
1244090
1001980
1530470
1904860
1367550
931280
716030
1179100
323450
759570
977880
1497950
1144030
975150
814680
341170
762550
909660
1383700
1462330
1198590
1028840
116120
839300
1199030
865610
1143810
1571540
1562260
1447000
809880
2096600
2096610
1617510
1264280
1197570
1065260
1546920
1378070
556240
994140
290320
1299360
1564150
1426490
1015920
763890
768520
1076200
1368430
1370940
1634870
1449320
978460
370800
1011670
1481060
976900
2834910
2840770
1286680
1607200
1182900
1449110
1551360
1276660
781480
1096100
1601580
1655520
1264730
1601360
244430
1529140
1263350
1134100
840610
1419160
699920
1073910
1018800
581370
438340
860650
944430
590850
1610470
1259800
798290
1018160
829660
1494230
1206610
759250
1623700
1296360
1240440
853060
1711530
1747570
965200
1620920
1153520
1433340
1527950
1507780
1158890
1126990
1415920
780800
962630
1747050
2383760
1336600
1551010
1433900
296770
1271250
1433140
2631250
1928980
1605220
1849900
2653940
1808500
1708010
1740720
1608230
1617220
1161880
1044480
1577660
1383630
1603960
1688580
1211740
1014850
1418680
1212850
2183900
1074610
1607430
2322940
2395820
2395790
2252520
2332820
2332800
1716120
444670
1707550
3094010
1184760
919360
1594880
1823930
711810
1276760
1700890
1831160
1014040
1182470
747620
598780
1117670
895480
688060
651670
370870
1058690
1057540
998740
979480
718560
970960
1337920
1072550
1224020
594770
268340
426290
890720
711540
1846330
1500980
1540240
1379560
502770
337650
286120
629220
425650
257050
1608290
404200
263060
460750
1113560
667970
496240
787650
890220
681110
1471960
1605720
1676550
1568430
1090760
720620
1104280
1590270
979070
1603020
1605440
1209410
1332150
313130
1517290
829280
253690
374240
587000
434510
1498680
1565670
1432500
1556160
979400
753420
252090
63800
388620
292570
355810
57800
246580
44680
1248130
2058190
1205450
1172190
1439630
1127970
1222340
600610
332950
259550
359280
1449500
783450
297750
1358530
1084640
1016930
945770
1311510
1082930
1426900
1184370
296550
962580
1049710
794240
664830
783190
1399080
1632530
1789170
1346250
1840730
1119980
878750
963690
1685960
927890
1689910
598550
1004240
1537830
2200580
1583320
1483870
1479500
498660
1621690
1120480
1611600
1146950
858260
1073040
1772490
661040
688570
736860
788970
809050
839670
892550
922700
966000
1015080
1107620
1258480
1356530
1496320
1467070
1597440
1671420
1740050
487370
654820
1822910
1256230
1623210
858210
977400
1575640
1817250
1926470
1941540
1181600
1301950
1433500
1135910
757550
280850
1273820
962730
1355060
1024480
1481840
1452500
1185700
1823170
1403080
1184560
1642170
1554600
1610460
1427030
1734270
1628130
1610700
1597400
547390
1158220
1440130
318100
730450
555000
814630
1839510
1045720
1577120
907470
885390
944590
1641270
1920660
1247570
1520370
1284190
282760
1882580
1678140
995980
740080
1119600
758370
433890
529970
532750
946990
1130410
828740
757480
895620
853140
1076750
1286990
593640
280720
314240
917840
939120
754320
953580
1496250
825300
658830
992640
612820
998340
650110
762180
1637230
632000
932330
293200
746710
1846700
699330
1031510
1097790
928990
256010
830370
2144740
1072480
1136380
1567800
1145490
1192010
1586880
1619780
1051190
1101140
322920
1501750
785850
714250
1062140
460870
566440
738530
752560
2090370
1001660
913720
889750
1016760
1403440
941460
686740
1042670
1069690
1097350
525510
612470
1148560
1358020
1404800
1246250
1482620
1381850
991810
1200330
1341170
769950
1433860
691790
1361400
1553000
1630110
1437400
1502560
1602080
1380420
1737960
791930
1484900
1485590
1406850
1477950
1056570
774861
1335790
831050
541200
1084020
1591420
1336060
1515890
1596540
562500
1548750
1330470
1118240
1861230
1504500
577670
1113570
2651280
3489700
1485690
1290780
1252830
1216710
941570
1475400
1479890
1231840
1617030
1335830
1731070
1373510
1373550
365350
448290
1087760
1456940
841190
1345740
1202310
1326000
1406020
324170
377680
402180
421700
517000
1232580
539670
1710540
361560
1266700
1013140
1205970
1563130
1282150
1084160
1283410
1131290
1599560
2138710
1139980
910450
780290
1046400
312280
1364100
449730
1273080
491420
277950
561660
376450
640150
915810
1070860
860210
1279910
1787810
449150
1177000
1103730
36290
36280
2291060
1065970
1294810
1088850
1663850
1657630
1874170
1671410
1873920
1358700
950180
1113120
1244460
1850570
1590760
1350200
1196470
1336120
893520
900040
1259430
1494470
383150
1519350
1760250
367710
1544540
1625450
512180
1660560
1647160
520950
644290
824070
667870
1502660
1290000
1408680
1003020
655170
348580
359940
365020
993110
1697770
1477590
504920
449820
824600
1490890
1465560
1425800
1219690
1568790
894020
985830
1295500
1290090
579120
1316910
1151120
1271700
1424710
1280300
898750
2272540
2215430
863570
929660
674380
628710
1567020
1388770
1374840
651500
1251980
613470
1243830
1449200
353940
400360
516890
395900
381900
567660
439800
284730
217790
382130
273800
316790
287390
824280
303830
284790
15750
338320
433670
285960
403460
334560
429330
1035660
1239320
1785820
1868300
1393570
1872060
1755300
1510580
814000
228260
275290
286280
312980
549080
871920
984680
1178220
1276390
1522870
1563940
1656780
1878070
887570
1043260
1131620
1159150
1280190
1569200
1826960
838270
867480
911040
954530
977340
990850
1008510
1057180
1136160
1200230
1261040
1506620
1563180
1660280
444260
491000
654900
757330
864300
966630
1198400
1217060
1569220
646200
1019550
1345820
1608400
528070
683770
736420
1078370
1164690
1201830
1337840
1378470
1632140
1756770
1759130
1825310
1829160
1829540
1837980
1842690
1855480
1855610
1859370
1865370
1892790
1894220
1902880
1909280
1912190
1912880
1917350
1925270
1928390
1930060
1930120
1930380
1936740
1937840
1314300
1422750
1424770
1424780
1424790
1445720
1458000
1461040
1503920
1535200
1797040
1826450
1838790
1838800
1848160
1854090
1854120
1854940
1860530
1869710
1878200
1887200
1887990
1888000
1914190
1914200
1921880
1922210
1939260
1940190
1945300
562230
1305380
1346680
1368330
1372120
1374330
1386530
1397230
1399150
1399400
1405170
1405960
1405970
1405980
1409320
1409330
1409340
1414240
1414280
1414290
1459640
1473500
1477650
1477660
1484150
1486540
1493000
1493070
1499420
1499550
1504610
1504670
1506450
1508840
1514890
1518640
1523360
1525440
1533520
1535090
1542970
1544380
1560530
1563850
1566700
1573130
1580510
1689030
1691230
1692890
1696130
1655220
1696300
1742080
1813650
1842220
1855620
771920
289060
321840
340860
348950
353330
356450
358750
358760
364210
368140
368150
383960
386960
387100
407320
413580
415950
426690
432490
459540
463460
792040
1422420
965680
1073320
1290490
1430680
1517970
1716790
1213230
1766720
1502710
366400
874460
33600
317040
1056640
1341900
366590
1089660
1206040
788930
1720090
1796270
1328400
1133930
1812820
1938090
1962660
1933490
1020980
1744790
1468240
458920
1759440
1589380
1406200
1775750
649810
1249080
1361840
785860
1733840
1672670
1111460
646460
311810
1259640
438660
1757350
2064650
1326470
846770
1642260
1812400
2005260
1600880
1832950
2395900
2395910
2395890
2395840
2294300
2311540
574310
1210340
1094520
2428980
1796920
746140
1574250
1028350
1684930
1586800
595790
1307580
1687540
1162700
1173770
1173780
1173790
1173800
1173810
1173820
1373600
1515900
1032590
366050
1554640
1928450
1761290
1483570
846690
626640
377450
372940
433000
392950
1248150
1574580
1564010
1535500
1542120
1598810
1623080
1623090
1743010
1881180
1886990
1903630
1905270
1936140
1522080
1713260
1931130
1674820
1796550
1847110
1918670
1935230
871420
1118200
1246490
1256530
1260520
1608040
1766390
1881210
1355620
1616280
1794420
1863630
1895270
1902050
1908850
1908870
1929330
1942480
1792600
376210
719890
632300
1609580
1076620
951990
1218210
1320490
1352450
1417890
1449230
1491490
1529290
1611410
1637730
1642560
1659410
1696220
1697060
1699880
1724120
1726290
1751470
1758520
1770820
1779130
1794530
1808700
1825340
1827550
1488860
1848380
1849190
1861100
1865230
1885030
1892970
1893880
1900480
1901560
1905700
1910080
1914850
1916340
1917780
1918920
1920650
1921460
1922870
1922880
1925310
1925700
1932790
1934740
1935570
1936070
1937830
1943450
179551
1917920
1159680
1221250
469990
488660
521510
545330
545340
555640
574140
589060
589480
610610
620080
714820
716330
744520
745850
750990
766280
800820
824200
825320
828580
835130
885650
929170
929180
942990
976390
1027130
1033420
1036580
1094930
1129250
1131550
1132720
1142830
1148360
1150550
1209720
1215200
1243530
1266370
1294970
1419480
1424310
1424660
1485030
1549160
1559760
1593310
1620110
1627520
1680000
1709210
1745620
1752150
1789650
1815970
1890120
39391
39360
39392
345750
347040
348430
348440
359060
404050
446870
448530
610160
630030
848330
909670
1247020
269250
368160
527190
1897430
1606610
1945000
1688400
1072150
367140
973050
1153200
1378940
1500470
1664010
1888720
1241710
285110
634230
643700
711010
924670
1284510
1838560
1849930
1893330
504660
1000750
1138100
1333750
1486790
1646870
1651280
1655890
1661360
1665820
1667400
1762480
1773490
1781170
1828320
1829910
1835040
1856170
1871030
1872050
1875560
1891640
1903540
1909630
1909810
1911390
1916970
1918130
1919550
1927140
1928660
1929360
1930140
1938460
1391250
1570750
1652720
798280
823830
838390
948990
981960
1157260
1258310
1596250
1497450
665560
684350
1565440
1683710
1893150
1897410
1916940
1920940
1928460
1929380
1935580
1937250
1652680
1501650
799620
1091690
1477050
1662990
1702370
1922200
269310
658500
658590
744800
1144970
1164050
1180250
946720
1015130
1262720
1347540
1525330
282590
1526000
1556660
1660310
1717020
1791120
1802590
1810000
1855740
1867100
1880640
1897380
1901180
1911530
1917320
1926660
1927550
1928220
1929270
1930090
1930170
1934470
1938530
1845040
1868730
1482980
1890280
1923910
1942450
1650300
1654700
1691130
1841780
1756120
1649870
1786590
1753790
1814200
1754150
1572810
1599250
1612140
1830870
1583570
277470
280140
298820
298830
298840
298850
332380
332390
332400
332410
370670
370690
459640
461340
461350
594000
615690
615700
644870
368250
370660
370700
370780
385900
392920
392930
392940
421810
428100
451920
461360
523900
567340
578830
1031210
1419870
1420970
1456710
1694820
1694830
1694840
1742230
1742240
1797440
370640
395400
424870
461370
461380
536420
544870
552570
552580
555410
592060
597810
602790
607030
607040
849070
370620
397090
463880
481600
578890
585090
618750
618760
638740
644860
681980
1031220
1031230
1419880
1456720
1532680
1551330
1551340
1576470
1580240
260000
563470
836600
1562930
1662840
1451080
1621310
1106830
1227650
452920
1172650
1158370
1211630
796080
3536870
1085180
51060
1267260
553310
1249110
3630
612640
318740
1393370
6270
1147890
1025960
975950
1030190
887940
285980
1448610
1210320
1634150
221040
1933740
1182620
793460
1287530
1149620
1493760
737520
1649080
1701380
1071130
1318740
1047440
1101030
1676870
1205430
1280780
1342240
1377360
1511460
1607130
1471200
1249740
1506510
1232150
780310
731040
733110
1093280
1571000
1595180
1642110
1072300
1287840
1422410
1446160
1607040
975470
1577620
867290
1092790
1635590
527420
330990
465720
762520
1020270
518730
1184810
1592230
752500
1681040
1664910
1783380
414290
1281790
1139940
926580
899960
1156350
1546970
1547000
1546990
832500
792370
1939500
1941180
1943520
1464900
1582430
1608890
1609520
1623590
1652270
1665660
1665760
1671110
1672510
1698730
1698760
1698770
1707000
1707010
1714810
1714820
1723330
1723340
1723350
1742130
1742140
1831310
1852130
1859240
1890690
730430
340540
1138850
896960
1037010
1095860
1515490
1624890
1634410
1668650
1777110
1787910
1795430
1814570
1860870
1861870
1869900
1884030
1886320
1900680
1919910
1922130
1931090
1934420
1936600
1938670
1939270
1939690
1154840
1403370
1546400
1194750
713420
1228500
1071220
1265240
1480340
1633660
1650150
1731860
1742840
1759480
1760670
1776600
1780490
1790700
1829640
1835560
1839700
1857070
1872130
1888440
1892600
1900820
1914460
1917560
1937650
1939040
1941130
876810
918610
941890
1222000
1388430
1538620
1558530
1586300
1624970
1626950
1640670
1675640
1506080
1093290
1671480
1730460
1798210
1393310
2094730
1517530
1677140
1062110
322950
1107370
1413870
1885140
1195290
3530820
1184500
1289750
1783370
1834110
1302460
1358140
1576350
699130
1509510
214360
288930
302010
1449850
1321010
1256130
1281270
1641660
977810
1567520
1491090
2089350
1358610
566670
308460
567320
1648100
1171520
3306890
1258750
1839610
789760
1962650
1691970
987840
1720850
424030
1299400
853410
619150
945160
1295790
345230
745940
1029890
1946700
371970
500670
598810
1399690
1360550
1619080
1856020
1514380
1199910
1733880
1475850
259760
533300
562220
575640
591420
645090
566160
658560
799070
1098340
610360
508900
617670
673800
658550
336780
200230
1451940
392330
1794680
3050
1168630
760410
1624350
1515470
760620
1272160
1635210
1576480
1716140
1716150
1883400
928160
1122730
1217860
1388030
1403350
1440280
1473940
1512300
1532300
1705520
1719460
1769160
1772810
1779990
1787630
1807610
1813140
1836680
1861490
1865280
1871010
1879190
1897330
1906660
1909770
1916150
1917800
1918550
1919530
647990
751590
768540
849520
880870
890970
1084220
1299000
1339900
1395540
1493840
1533080
1555160
1557240
1557540
1557550
1558420
1559370
1561870
1577280
1579030
1581990
1590130
1598710
1599390
1603770
1603780
1603790
1608210
1610560
1612030
1617020
1620860
1629190
1664090
1671390
1673550
1676920
1681560
1711190
1716690
1721870
1736740
1753010
1775640
1779630
1788410
1788430
1794030
1798640
1812850
1815270
1815580
1822900
1842270
1842410
1848150
1858780
1862100
1862790
1864580
1877160
1877830
1877930
1882520
1884480
1896770
1764730
1767270
1772370
1776260
1801850
1808110
1814160
1819190
1821420
1834920
1838140
1841720
1855100
1858270
1864440
1864620
1870440
1872040
1876220
1888620
1893890
1903600
1912660
1913320
1916580
1917840
1922000
1922100
1924700
1927710
1637320
1703340
555280
660320
802060
1065650
1231970
1265650
1353310
1419040
1515260
1552310
1555350
1577290
1588050
1588070
1588100
1590910
1599230
1629150
1631690
1631700
1631710
1644690
1666170
1745430
1749480
1772950
1775170
1778760
1781140
1781380
1782520
1783520
1785000
1787990
1805700
1810620
1814850
1815800
1827740
1850390
1851330
1886370
1920510
1921850
1922530
1926630
1926920
1928010
1928960
1931160
1931400
1932860
1935130
1936190
1938200
1938220
1938430
1938660
1940320
1940370
1940880
1941220
1945790
1945970
1639860
1674060
1731820
1744580
1906130
1906150
1906160
1906250
1908650
1910240
1919060
1919070
324270
368610
444210
511960
527520
556000
565860
746580
751250
758010
789660
860260
886970
911580
951940
1016770
1022770
1045580
1084790
1100350
1163620
1171660
1196300
1217750
1243520
1273250
1275790
1307760
1342220
1368030
1375260
1409640
1472660
1525760
1566960
1572400
1676910
1688100
1719730
1725430
1773560
1813910
1833300
1855470
1863280
1888210
1891700
1896160
1901380
1906110
1910820
1917410
1917660
1918340
1920040
1920440
1922540
1923860
1924270
781050
810510
874270
950400
1130620
1147960
1191070
1267310
1306620
1349960
1400290
1503670
1611490
1671550
1744910
1843090
1253690
1710750
1589420
1589970
1604370
1605530
1617920
1618000
1623220
1623410
1623550
1641790
1643550
1646600
1647280
1652940
1653400
1755290
1761750
1814590
1835640
1847020
1872160
1880910
1884650
1902290
1905050
1912820
1922340
1934340
1936030
1800570
375130
411570
421630
423120
439750
439770
446310
446330
464380
517240
524520
524540
524560
543980
565980
596540
596890
596910
705130
711330
711350
721760
757450
800030
800050
800560
800580
800600
800620
847290
847300
847310
884400
884410
884420
884430
929020
929030
952020
987190
987200
1029130
1029150
1097670
1097690
1097710
1124390
1124400
1124410
1132100
1133420
1137400
1166840
1167470
1199790
1222400
1233720
1233850
1233950
1243320
1245820
1250120
1332570
1332590
1419190
1419200
1430070
1449670
1515420
1552240
1552430
1707720
1775500
1775510
1775520
1782860
1797710
1825390
1917260
427930
592200
696310
702940
704670
763000
1669120
1769390
1781330
1785280
1786570
1807920
1810720
1814100
1819280
1830740
1832230
1833900
1837870
1842130
1843800
1845780
1847200
1850620
1853720
1860110
1863990
1907620
799510
1813100
398110
616710
845050
1264650
1339640
1497790
1550380
1705610
1720600
1721690
1740890
1767150
1767160
1767190
1820330
1895640
1901370
1932480
1935410
1936840
1944240
1035790
1552090
1636550
1722310
1774810
1780900
1815430
1917970
2302530
460470
625190
668030
1393380
1610410
1832050
1848570
1872170
1920010
2288630
393980
950990
1371500
343840
698050
783860
1248840
1265690
1412170
1508530
1509720
1540100
1640320
1691400
1861340
1865880
1885500
1887330
1915460
1927050
1933590
1937130
1939430
1945910
1955010
1286770
1887420
1271340
1712020
1129190
1338580
555320
1202870
1307250
1374290
1379750
770380
828760
845960
852750
854530
854540
947060
947070
947080
1082700
1106950
1112230
1152200
1152210
1177650
1283060
1349170
1431470
1512370
1512610
1579950
1585450
1585460
1627740
1800080
1806200
1811920
1824590
1127820
1339000
763290
931690
1244380
1253710
1494440
1122310
1818450
457810
630140
854060
880830
912380
982850
1153040
1161200
1262760
1379370
1415250
1479610
1513790
1517930
1532510
1559430
1565720
1569380
1594610
1599470
1600690
1615060
1630650
1673230
1699460
1700940
1716440
1716950
1720240
1720540
1722770
1760340
1772800
1830910
1838900
1849890
1853920
1874680
1877710
1884430
1889790
1893100
1893980
1908660
1915170
1920390
1925760
1927250
1935240
1935630
1938410
1944600
1944970
561190
932850
1003730
1097090
1119800
1134630
1135030
1135040
1135050
1135060
1443190
1473740
1483780
1550760
1577410
1580150
1631210
1686150
1707740
1725620
1728660
1769320
1787320
1790490
1844720
1863250
1892550
1901260
1908140
1909040
1913020
1921950
1937600
1940790
1947260
1950140
1954010
389160
666800
680070
685370
690670
693240
701970
704370
707610
707850
709610
709940
713590
714570
715370
718350
721670
722340
769150
784040
790300
833470
839820
860880
873710
881930
884270
909830
968580
973200
976720
1007940
1069920
1122210
1136110
1137070
1140070
1143800
1148000
1151310
1153220
1190640
1203580
1219120
1258290
1265990
1281180
1298180
1345300
1366830
1371210
1391600
1409930
1428290
1431210
1445120
1467380
1498400
1503410
1520250
1533980
1543620
1568190
1582260
1591840
1603270
1619260
1634540
1645870
1697470
1701150
1706890
1746730
1569040
554470
1097770
1063580
724330
2233120
1721470
573410
1459340
1335530
1205900
435730
876650
909080
1080010
1659590
1005410
284930
817840
729640
469600
1776380
528980
1114900
340150
1167300
1506980
1121640
912570
1374930
2277560
1696810
867210
545600
1590600
915320
1002560
944020
473460
1080130
1094820
1567440
674500
1332860
475960
566490
1677800
724390
1013750
1973710
1392040
2739700
1368910
1604380
1163040
775580
1897050
1081840
1325900
2154760
681240
1435790
1502080
869880
1522950
1525320
842180
1492360
1186030
1525890
1514480
954150
1348920
1380220
872720
1342810
958530
1714180
1748610
1237320
1089930
1782210
1598210
1199760
219340
1687990
1547890
1017160
883220
938860
1149460
1150950
1144090
1077600
985780
1561660
1722100
598700
1169740
887450
1135070
1135090
1135100
1135110
1135120
1135130
1135140
1135150
1135160
1135170
1135180
1135190
1135200
1135210
1163300
1163570
1167710
1167850
1168420
1206140
1206230
1206260
1206720
1206810
1207400
1207480
1209440
1210010
1211540
1212100
1212170
1212190
1212930
1213600
1214450
1214600
1214630
1215410
1218420
1218790
1218890
1218920
1228680
1229250
1232140
1234890
1263820
1265850
1271070
1290110
1290790
1310690
1338130
1356480
1362430
1368060
1390010
1392190
1413350
1413630
1442390
1446000
1459870
1465120
1485600
1510620
1515040
1519770
1542170
1545780
1567060
1577750
1611640
1654830
1669050
1695480
1711690
1740070
1766200
1845370
1861980
1872790
1927380
1948280
2838360
1932160
2060130
1818880
1370050
395580
534910
535700
563270
620650
666290
810610
810680
810720
810740
821850
821860
821910
842520
842530
842560
842590
842620
879320
1150990
1444740
1551570
1575580
1588410
1609440
1610790
1683240
1683300
1710400
1710490
1713050
1713070
1713170
1713910
1717120
1745240
1793220
1793900
1793910
1794840
288370
539280
301150
845880
256070
389330
585910
566910
252270
1539400
1539620
576440
1124180
1811260
662410
1681430
1234430
1677280
1515640
654910
1604640
980880
527740
293660
1097800
816430
920680
1116770
1220370
1568440
886900
816630
1074180
881420
681730
1414850
2093590
1294340
2185880
2013360
1444650
960030
369290
387850
402210
1170060
989440
1484280
1684080
1652710
1293180
1644960
1423600
2440510
1611910
1693980
1307710
1121780
1462570
1139280
1640160
1623880
325520
986310
587420
447010
940710
1614330
1662480
760650
1194590
969760
1543150
841680
1549750
1123050
1303950
1549550
979640
1119700
739650
1386780
1229490
1190000
1489630
1158160
1294060
1072150
881110
675630
581030
666150
840010
729000
1140170
1528810
470580
642610
253510
1434950
1747490
1749210
1755170
1757820
1766180
1774910
1780410
1814610
1820180
1834140
1910400
1921120
1926780
598330
1078760
792860
851150
887340
906870
1000700
1101000
1127850
1354830
1395280
1432680
1484130
1494910
1531620
1581670
1585830
1605480
1679700
1747890
1768810
1787110
1795110
1801220
1843270
1849760
1867260
1867270
1883420
1887730
1905940
1909240
1910320
1911050
1919100
1941400
1943030
1943670
1943880
1944330
1944750
1945060
1947970
1950520
1952490
459370
1385100
1163340
1162670
887090
984730
1174420
1180900
1266640
1519050
1519070
1663730
1802080
1849350
1497630
1621990
851960
201490
845510
1045150
1051220
1076130
1215390
1288070
1340360
1393120
1413990
1444780
1523790
1523800
1526680
1552250
1564230
1570740
1582070
1599520
1600820
1615870
1617580
1632990
1693760
1697080
1195360
1470420
816490
1758760
1450330
20900
870140
1555400
1109570
467220
544400
1265920
1265930
1770830
1341200
1015430
1896700
1837330
1871700
1774700
1156760
793830
1928320
1396980
422180
1748660
691260
1796930
1765600
1928120
1638300
3730
58520
1367320
1900860
1779550
2420
372570
10240
38150
46280
202860
1574610
1235120
1271260
1799380
2200260
1774160
1758060
844500
439880
3664820
1144770
406350
1159560
1272320
1072100
1413370
576260
1831720
2134440
1708710
1033080
1612780
1472540
1531930
943140
434050
2127430
374190
1714190
444590
1230200
1393750
698700
1138650
1229270
1117890
695110
1071280
1308360
906470
771710
903630
1674640
1678430
1004620
685670
1154830
1758200
927990
1444480
657000
1102880
1139870
1694120
1292490
1285040
1531540
325210
1493230
1494220
1500220
1504910
1508060
1511490
1511500
1526690
1537600
1568960
1576550
1592550
1607570
1634750
1646890
1660420
1665800
1668810
1687030
1693500
1706440
1711960
1735280
1743190
1762680
1777550
1789300
1796510
1825070
1827310
1836230
1853560
1871810
1891570
1903360
1912870
1396380
1461540
1548090
444430
1238280
1431240
1480600
1491150
1507410
1545820
1552040
1665120
1684530
1698120
1705470
449450
496290
502130
637120
645240
683730
692950
739260
818500
859370
891120
891130
937820
943510
952920
978790
978800
983990
999200
999990
1000000
1030970
1054640
1152820
1158720
1160020
1173010
1217350
1230010
1234700
1268860
1296840
1386110
1450100
1452990
1622470
1659710
1706210
1800690
1868820
1877300
1877440
1602990
1635120
1651450
1666810
1699450
1742940
1761320
1698640
1698810
1731940
1752190
1754350
1795020
1803020
1825130
1830000
1840870
1856850
1859980
1864080
1875720
1877000
1882600
1884750
1892030
1898530
1915740
1922180
1923730
1923920
1925100
1925600
1925730
1927540
1930030
1941760
1942860
1944520
1944940
1945220
1946260
1946650
1946990
1947110
1947660
1949380
1949480
1953020
1955000
1336950
1361440
1435020
1495250
1553690
1587940
1616510
1655880
1701040
1758050
1787640
1821630
1828750
1853270
1864320
1867350
1874400
1874840
1887550
1896820
1902750
1907070
1453220
1530670
1660460
1628480
1464200
1477880
1526780
1547820
1554140
1565940
1569760
1572190
514620
1578550
1585160
1589040
1595630
1600600
1610660
1610730
1618240
1622090
1625060
1625790
1626110
1632640
1633000
1647070
1649820
1651760
1653640
548560
1659470
1662830
1665520
1673140
1878770
1448760
1779040
1793780
1808480
1825060
1839750
1856730
1873040
1890200
1908740
1927580
1102490
1169520
1200900
1285020
1388860
1403830
1507190
1548940
1582990
1606210
1717570
675110
1214990
1379610
1417880
1532080
1581200
1603600
1677520
1714420
1781920
1877970
1918110
1928590
1940980
1949720
1951050
1957730
326150
494670
235620
358460
709080
1060510
1177840
1211730
1234240
1301250
1351580
1410680
1427620
1437600
1503350
1539180
1564450
1621450
1654860
1759640
1807540
1858530
1880690
1906750
1932350
1936050
1944270
1949050
1953210
1957150
848700
950250
1109400
1109420
1132830
1132860
1132880
1137860
1137870
1137880
1137900
1137910
1138010
1138020
1141740
1143450
1144760
1146500
1149630
1228430
1312540
1323410
1333840
1338250
1344810
1346310
1348060
1357710
1363810
1389260
1389300
1400110
1680900
1688470
1695970
1705870
1708030
1711160
1719890
1722780
1731040
1738500
1743810
1751190
1768480
1775740
1782740
1800970
1877460
1069030
1924310
338060
364930
379960
383700
383710
407720
540610
1301470
1301480
1330170
1356180
1387450
1432670
1446450
1518630
1532350
1708610
1795770
1867000
1910020
402300
421890
581210
677080
729270
748300
785890
252430
579720
844260
1129310
1700450
1412120
1418330
1427140
1434720
1438110
1444730
1451490
1455560
1467130
1473420
1482450
1490840
1424980
1836860
1307550
1523990
1525700
2139230
1179060
1510950
705280
1426450
397270
1254670
766540
1670870
1344840
1054560
291030
1546790
588690
1818750
860890
914010
251910
1651960
1599880
651490
1499120
358000
1109160
1372530
773370
444930
1434320
1711540
926860
862440
1708970
773530
1098470
2050420
1633820
1674170
1532180
1639790
1722760
1712840
744810
906600
1638000
1600370
1470380
1105040
3354750
1128860
2120350
1591900
1674840
1365400
1805650
1238180
1365410
1407190
1400760
1607530
427980
1535290
236490
1750570
1212410
1367590
1181400
1572260
1300430
1266840
1578060
1627720
806900
1262350
1323900
1111600
412660
1064840
1746230
1585440
1643180
1218500
1422430
1498900
1255560
881560
1363350
1098080
1047010
1119730
1296980
1565680
1449510
1086850
1878740
870570
315320
779950
1343670
982270
1809650
467960
1220010
1164250
1839660
1749630
1777620
1356810
514920
658490
1596370
1709900
1668690
1084480
781150
2983260
445350
498990
411480
1364780
1191260
335420
572220
824000
1785930
463860
292370
1902490
365580
1133760
1173150
1549180
1920480
1081780
1446330
1471530
1473050
1480120
1493300
1498310
1522560
1549030
1573750
1587560
1679320
1708190
1740240
1766790
1773890
1806840
1841390
701160
1388880
1220100
1709590
1515200
1656600
1298480
2510770
1730020
1834580
1413560
1360270
1054490
843810
1337890
1511190
1524380
1469960
1699120
1570510
1493360
943410
1837440
1061880
349730
1200580
1529160
1840510
1721170
1596940
1546100
1552350
1708520
1347550
1115050
2416600
730
1411800
1430310
1454430
1483980
1520810
1555710
1571120
1571180
1592260
1637120
1639650
1667730
1713640
1718070
1733460
1753090
1770760
1805210
1896710
1542850
1559330
1578570
1587350
1589010
1642590
1688290
1728880
1793240
1827600
1888660
380360
857520
876380
886520
903160
914320
936930
978580
1000500
1412820
1447800
1458540
1556170
1565450
1618330
1646280
1672840
1685530
1699390
1703230
1739910
1740420
1782960
1807690
1809040
1818960
1824970
1830980
1845760
1846020
1856890
1879910
1880770
1899160
1901300
1906410
1914270
1916950
1919150
1919610
1920450
1920460
1922320
1923290
1924370
1535780
1552490
1798340
952240
719730
788470
789100
799240
821610
821670
821820
873910
883970
924810
960330
1037910
1130510
1165490
1208810
1219540
1352330
1383920
1541250
1578880
1595490
1003860
1213220
1393850
1620020
1795640
1839180
1860850
1959440
1915410
1934550
1872200
1157390
1956630
1371770
1954650
1952030
1938990
656640
1899800
1582730
1840130
1814050
1313490
1393580
1808120
1900530
1683100
1911980
1883820
804860
1914240
1959510
1964320
1921250
1165380
1919320
1961210
1933330
1828870
783940
1425130
1926170
496630
754810
1166730
1147760
1027620
885640
1118880
925340
829210
521540
585890
1244260
1898670
1639920
1779960
1502520
1288560
872570
449770
1675410
1964940
1176040
1452000
1090470
1583710
1087110
1508400
1963760
1782030
1963900
1800360
1728700
656440
1011610
525690
388430
1418090
1891270
939990
1559930
556860
1894680
1520310
1603970
1471940
1231880
1951030
1690040
1361260
1941660
942370
1236180
1542440
1542450
1944920
497040
567750
1746530
1203180
1159690
1538570
1480560
299380
690810
265970
220820
1985820
946030
246920
1063980
1545850
515260
39530
882250
997010
936490
1239080
403950
1606340
874260
846730
1439300
1624540
1444020
557030
697250
1457570
821880
92900
236790
984300
726840
989790
1529810
1532360
1250760
302830
335330
317470
263500
334690
462680
1290170
625370
677480
1082220
864680
2055290
1612160
410550
368260
1313140
1390410
3023930
1008080
1368130
1105590
1608700
1432050
1665080
1359090
1372880
1016180
1570010
1622800
1229460
1343240
687480
849620
690240
689180
858420
767030
860350
861740
710110
822900
687490
705090
840710
781760
860340
805880
851710
796900
844140
822460
699590
805360
804600
693890
821520
686550
851520
706320
845970
730220
861720
878270
828550
806610
710120
706330
693880
690830
1872550
1327430
1327440
1726120
1905430
1928370
1927560
1798740
1143550
1868520
1306630
935580
1360660
1650810
1359920
1589920
800190
1952740
1646120
1410980
1342120
1786790
791330
1132690
887530
1342070
1413980
1287140
1414000
1342040
1413970
1788780
1189440
1184890
1015800
1012030
1078350
1015730
1135830
1979470
1013870
910220
658430
910200
884440
936810
910250
936800
884390
932670
881610
935240
916880
938820
935180
916860
938840
911130
703530
938000
957430
914220
1618740
1652600
1677400
1721980
1844240
1865940
1878450
1883480
1917760
1946840
1949220
1949490
1954300
1957750
1734320
1416130
1511860
311930
790740
259640
759260
811290
1021100
1047860
1132970
1174680
1450300
1493800
1663030
1748390
1840520
1914570
1952760
1952890
1953570
375180
393920
421140
533050
554150
618630
671640
705450
724470
816200
849410
852090
1040070
1128140
1282760
1360720
1361920
1407080
1418990
1424330
1424930
1477790
1510730
1526350
1548320
1582570
1638860
1647730
1749120
1798910
1800920
1829620
1846390
1864630
1868510
1879700
1884440
1893180
1896140
1896880
1901970
1909670
1916510
1917710
1919750
1051690
1692250
1161870
1288320
1930070
363670
433530
474040
496080
505330
513300
523680
539400
569800
569810
582920
600530
617700
646600
662180
1951300
1925500
580820
611550
1079200
1373930
1322260
1965360
1742610
1943870
1421690
1962930
1826910
1444360
1941170
1591380
1961130
1592970
1636260
1849370
1963750
1895650
624050
1382840
1937140
1644080
1361690
1894770
1298010
1547930
1697780
1180610
1955330
1806000
1501120
1867450
747200
1817880
1309910
1003670
1990670
988640
1069720
1655850
1944560
1803460
1783770
994900
1542160
1535270
1816960
1817890
1048420
1017440
1104840
1568040
1770200
1773840
1674510
1710970
1844290
1592670
1059880
412540
385150
1153540
827460
683830
424610
1826530
1601340
1096210
1425270
1461960
1793360
1557760
1600570
1413590
1446090
1465440
1799720
1745640
1892640
1722020
1789670
1956740
1509180
1920950
1798150
1704490
1459760
1704550
1881710
1960010
1966260
1437420
1918450
1473870
1897990
1560970
1532920
1425120
985280
985640
989640
1004500
1008610
1012390
1013350
1016850
1039560
1043380
1065680
1169310
1276600
1296650
1420160
1431840
1436570
1440020
1445540
1463040
1531000
1538650
1557710
1573250
1588510
1626130
1663940
1778770
1798160
1819370
1836360
1888080
1896980
1897350
1982810
980490
962060
645410
645420
665510
683970
991960
994870
1007730
1008320
1009780
1034280
1056080
1081240
1291830
985070
997480
1002280
1034240
1034250
1034260
1034270
1226010
1595930
1608200
1703950
2020850
1410580
1411860
1410500
1423200
1538610
1418140
1469350
1435840
1114270
1119890
1215900
1223090
1390880
1393640
1531610
1565650
1736260
1742120
1801920
1871780
1683510
1660370
1541530
1658370
1678740
1101940
1104830
1107350
1108190
1116890
1054750
1050240
1182200
1203400
1075480
1344140
1850740
1282410
1520760
1425760
825310
995050
2082560
1532170
1107470
1198510
1264520
1461360
369280
1747830
2079430
1957990
1310410
1844400
1767170
1514950
1681890
1875670
1575470
951820
1379600
1465460
615530
1294420
1324350
1632490
1079210
1523650
2075120
570110
628570
912930
961010
1067110
1081100
1227000
1402900
1426100
1463420
1516600
1544580
1596380
1630500
1704760
1750170
1781760
1830270
1836790
1850790
1887530
1903780
1906070
1930130
1935800
1937710
1940310
1947210
1950020
1967840
1973130
1978010
1978790
2017370
2077550
1203140
1337030
1474200
1904040
917940
1152690
1233790
1394480
1483860
1580770
1608820
1732060
1736980
1790710
1841100
1847750
1886420
1889440
1896020
1899760
1926820
1943710
1945560
1960100
1966440
1966580
1973850
1977730
1980520
554710
1455120
453990
1965130
1434040
1953380
1938850
1776860
1576740
1599410
1651020
1947300
1924050
1756180
1965650
1437410
1457580
1941390
1561430
1673940
1512910
1808140
1404930
1587430
1626570
1565790
1648250
1968810
1742900
1886480
1596990
1543930
1944000
1820710
333760
1335910
1814480
1865080
1112690
1684820
1735930
1530340
1795370
1819860
1293930
1666820
1690730
1964990
1898570
1964490
1646810
1956300
1827980
1410660
1481780
1967100
1690690
1535060
1685030
1912930
1900520
1905350
1837520
1541450
1440940
1269990
1928430
1552460
1778590
1720370
1587190
1809930
1740760
1690820
1885670
1566620
1481140
1942540
1646030
1752610
1528050
1837920
1889650
1721270
1592340
1554550
1495690
1805590
1364950
1540400
1828790
1673420
1735470
1060180
1043030
1329400
1508200
1098200
958280
1263720
993250
1222180
1144860
657590
558870
931360
922130
907670
833040
1181840
722180
1524170
1544450
1574540
1456440
1530280
1812650
1825850
1535960
1952240
1479370
1852380
891200
1616050
891170
1453740
1615930
1616030
1566350
1808270
1428820
1334010
1386730
1221240
1334000
1477020
32460
1485070
335690
461810
1815820
924780
1394700
635790
1815750
12570
12540
545920
1330820
1540430
814610
1627150
1540450
1550260
1497680
1267940
1515460
1540410
1292170
1540470
831660
983150
1025070
1854980
1434480
1183260
1069230
1776970
1751630
1083870
1844330
1063030
1620040
898890
2420510
916140
524010
1883260
1949190
749580
1864710
1094920
1268810
1251930
580170
1033950
715020
570950
966430
639470
597760
1325520
1013220
1961260
1277870
1812970
850060
622380
1950720
1812090
1985690
1947940
1198040
684000
687720
719660
725660
834450
867960
886200
887880
907710
908830
916340
925560
949290
949790
971640
996160
1010230
1013400
1020430
1042820
1148510
1167100
1180420
1182110
1185410
1189780
1210850
1212620
1213910
1215310
1218640
1223870
1251550
1258370
1268870
1269600
1279310
1281990
1291010
1297210
1330140
1376950
1379570
1381650
1386280
1399540
1404080
1415520
1432910
1450290
1475970
1478830
1485730
1520460
1527710
1539680
1550840
1573390
1581880
1584770
1610350
1640360
1652520
1668130
1686860
1693160
1701670
1706190
1712370
1721510
1732340
1732740
1739010
1755670
1781880
1782010
1798970
1804650
1807380
1810190
1811750
1818080
1822460
1828030
1837840
1844170
1850980
1851280
1855220
1856900
1856910
1859290
1873880
1878570
1882230
1888590
1889320
1891440
1895130
1895330
1333900
1341080
1339820
1031590
1022840
1127690
1255030
1139830
1894450
1083430
1030530
1874920
1285580
1386210
1203050
1363960
1044640
1079970
1122270
1133530
1233510
1243240
1322540
1375450
1479870
1491280
1513370
1519800
1596640
1718560
1723720
1781780
1805560
1838680
1849560
1962170
2056880
2065110
2076240
572510
743330
775850
1123610
1243880
1373240
1399280
1446880
1454480
1601220
1944730
406860
628200
568070
911680
1171120
1374170
1793350
659190
699240
735500
740240
821400
862740
887820
1059890
1161430
1233350
2010450
429470
431710
439250
446640
527710
694370
831120
936650
1020590
1155660
610570
897630
897640
928840
561770
710600
733300
1259140
1900280
1454160
1488200
1556490
1736270
1739880
976620
826470
1592880
1712150
1767560
1767570
809340
1020600
1162430
1957880
1328570
1566250
1606300
1632610
1653300
1710140
1738100
1972740
550810
593740
947450
1028300
1206280
1460050
1680500
1643850
2081470
1140150
1950570
1109680
1276070
1729340
377300
10110
244160
1039360
2108640
1172710
1641700
1454970
1975440
845890
1324130
1230530
1556100
1196090
3564740
1532690
2073850
361850
396850
1036990
1037000
1171350
1973670
1973680
2074190
291170
415830
449170
686520
823640
567160
873900
869560
409600
415840
1036980
429280
1427910
1394760
1395010
1546370
940780
1474940
1862820
940790
940800
1113090
1502180
1261390
1128840
1148540
1900690
1922120
1950610
1950620
1950630
1950640
869620
1005000
1055970
1788900
1788920
1788910
1788880
1788890
1788930
940810
874020
1690240
1028110
1101660
1452870
1566820
1113750
1113760
1862830
1565860
886010
1084770
1303000
509930
878500
1807000
1605310
1181470
937620
1201500
707320
1400350
897420
1162690
1056650
1144260
1219220
1280310
805690
914900
1495460
989250
1719540
861210
1727250
1870170
1060690
1092750
1008140
1389830
1113650
1257270
1341500
825970
1661380
1931640
1539970
913170
332500
530920
727850
1239690
976700
1280930
1861290
334540
1797680
1257660
1954750
1737100
1603410
1172800
1846170
1677740
1421250
1249880
1568590
1144020
1444300
1510460
335210
1061100
414080
1191120
1593350
1456820
1289380
1361000
953880
370770
1108750
1069660
1562420
1316230
1612620
855740
1934980
1572140
1694270
1119010
1269590
204960
433920
401170
480640
449300
696810
1033170
709510
370020
431950
955900
1054690
758080
1997300
1676840
1917450
346340
529130
936780
988910
1129920
340270
466270
372160
373360
382880
450050
492710
696430
1108310
1258440
1343310
1421930
1434000
270370
2097720
1732180
1907290
2000150
1263620
1411740
1136370
2059670
472680
576400
704690
1101270
1221800
1458590
348340
359810
464230
562050
715810
359810
430020
448560
456430
476920
485690
500870
544650
545830
563320
563340
575960
650730
657070
764010
1490790
519140
603810
977430
1125910
1148320
1197370
1210960
1319260
1356040
1379840
1448070
1464320
1500250
1516190
1547300
1553320
1566120
1567460
1586330
1594440
1622250
1651950
1712590
1726330
1732900
1735950
1744050
1749940
1772720
1773060
1798430
1800830
1806860
1814520
1848140
1854100
1856160
1867480
1867820
1871340
1871510
1873570
1877920
1879380
1896930
1913230
1915420
1925340
1896650
1896750
1897510
1902900
1903200
1903690
1908640
1915210
1918300
1920400
1921500
1921510
1923450
1926120
1927410
1930360
1930960
1931050
1931370
1932330
1932470
1938180
1938330
1939290
1941070
1942140
1943310
1943750
1944250
1945670
1945760
1945890
1946280
1946330
1947120
1948740
1949180
1950420
1951750
1953170
1953220
1953410
1953970
1955060
1955160
1955690
1956270
1958530
1959470
1960630
1960790
1961120
1961480
1962540
1966310
1971880
1971980
1739000
1114150
1325890
486860
880940
1244800
1962430
1280570
1315210
1101310
1551920
1333700
1503930
341550
405970
1399700
1990820
1011320
1846630
732810
522530
1611760
1522230
1113940
1761220
1468260
1482970
284870
1159500
756500
290990
922710
1675680
1504340
1710580
791240
1225780
1353920
1401590
880400
1990940
1386620
288880
1034160
1050810
1052900
1054930
1058500
1058930
1058980
1091570
1092980
1155420
1155920
1159510
1164440
1070790
1162320
1475170
1475180
1505400
1505420
1505440
1505460
1564940
1953240
1859630
1214520
604140
628580
645360
364890
429060
470450
508630
508760
636360
636370
699480
799180
803920
855700
864010
891290
1330570
1271170
1463870
1627240
1791030
1917310
1994350
1994520
2014510
2027300
2094160
2094170
2094180
2096040
2096050
2098960
2111980
287070
306640
811880
306630
312360
459470
477750
867250
370540
644710
1775550
1369370
1502380
1551160
377520
397190
1368870
365890
388140
593030
785940
812930
1096930
1966130
368220
330720
306620
308270
312400
312420
312440
336080
374380
600740
709880
726630
880750
936530
1178210
1399720
1276810
1094590
343930
371460
397900
423550
428510
431750
444280
522090
523150
523160
546200
567140
567150
575890
575900
695720
708150
891700
891710
891720
923350
929400
929410
929420
929430
929440
929470
1034370
1034380
1034390
1034410
1094690
1128430
1148090
1158820
1166240
1166250
1168050
1168060
1329430
1329450
1329460
1329470
1329480
1394750
1395020
1396010
1396020
1398600
1427920
1427940
1427950
1427960
1427970
1427980
1427990
1495080
1495090
1495110
1495130
1495140
1545340
1545350
1545360
1545370
1546360
1546380
1600180
1600210
1600230
1600250
1647490
1665010
1665020
1665040
1665060
1716180
1716190
1716200
1716210
1716220
1716230
1716240
1716250
1716260
1716270
1788940
1788950
1788970
1859060
1859100
1859110
1859140
1930100
1930110
1930160
1943440
1943460
1943470
1943480
1934100
1936230
1946620
1949270
1949280
1949670
1953870
1957820
1961300
1965000
1966080
1967330
1969420
1972670
1995070
2077800
747790
896440
1744570
1825000
1838660
1886450
1913490
1930040
1932490
1944440
1947270
1949780
1949910
1950070
1957240
1957560
1961750
1966370
1976490
1981300
1987120
1991570
1992850
1997060
1997080
2005950
2010150
2010170
2018240
2021910
1158290
1199660
1099960
1813190
1961790
1716390
1596750
1635620
1564560
1576600
1564550
1294780
1399670
1446280
1399660
1330550
1309130
1336790
1276040
1233540
508550
954000
1194140
1108740
1883430
1883440
1883450
1989610
1989620
1989630
1426990
1442350
1476420
1485450
1540060
439930
490910
495570
522570
562730
596870
603030
655120
749270
801320
1015470
1039570
1531720
1568180
1720950
1721050
1724020
1766270
1806460
610310
848200
540690
342860
453690
405370
430440
632110
1271400
648640
431870
425820
640210
344190
498340
446990
1229240
593850
671900
1305310
823610
766630
1048880
818610
716050
713180
1025440
321980
413110
490980
522340
1125710
717190
467270
975230
426170
514540
563250
573210
386490
563430
690110
553760
1064460
1875580
2403620
1392820
1604000
2050650
787740
963450
2023920
919150
1557990
1297430
1348750
1878710
1962920
1949740
567680
1957270
1358050
1937980
1436870
1942490
1963950
1904400
1929590
1566510
291270
251170
1959400
1026940
1355770
1940100
1732480
1128010
1877960
1912170
1937970
689030
1956420
1967620
1945980
1965670
1033230
1646730
1966910
1779730
794350
1882270
1901030
1801090
1927650
1942610
1965840
1915800
1577380
1575920
1224530
1815730
1850690
1851640
1856010
1859590
1863650
1868280
1877370
1905110
1906320
1917720
1917740
1948240
1968870
1971730
1974310
1977280
1988990
1989180
1991090
2005380
2005630
2016140
2017020
2018850
2027290
2072930
2073200
2080580
601640
603150
610660
645270
673660
685750
685790
691080
701720
726320
748430
754510
767050
775520
775910
776820
777340
778340
778860
779800
783330
789550
794190
796130
799800
804440
805870
820830
823100
823340
823360
825000
835680
841200
851200
853480
862880
867800
870020
872730
877780
894070
908230
911270
918180
925490
928140
930480
932350
935860
954590
956090
957930
962050
963660
970000
975200
982750
991230
1007980
1054240
1261640
1270870
1272330
1272920
1285350
1286160
1348380
1351300
1351310
1367770
1969830
1210330
1889740
957960
1831700
1562430
1283230
1023550
1571460
1799930
1891090
1819180
208740
2222950
1876350
1416050
1556790
1409530
1324340
1890740
991170
1252390
990030
2187920
3035570
1931690
1580520
1302050
346940
1233420
300550
1444490
1770190
1059460
950300
1608550
1976440
1678420
1821960
2235340
1672610
1244630
1555920
727420
763100
1588010
1751680
1944790
1599020
2073250
1585020
1967510
1816670
1334780
1293730
1338220
1970580
2720
61100
299500
306410
311820
386110
391070
485870
493720
640120
684580
760810
1170080
1903170
1874490
1611430
1233410
1721530
1664220
602510
707450
312450
310390
337760
354600
454530
1882140
605200
672140
963870
510320
1076160
2109430
2054660
1919590
1755580
1243160
1298080
1196690
939560
624120
605100
513690
1943490
1943500
1943510
1943530
1982640
1982650
1982660
1982670
1982680
2088420
820030
820040
896230
1034400
1044950
1095840
1095850
1128420
1128440
1148080
1148530
1164300
1164310
1165090
1165100
1165420
1168070
1168360
1202220
1263490
1263510
1263520
1263530
1263540
1329420
1329440
1343660
1343690
1395000
1427930
1495070
1495100
1495120
1546340
1546350
1600160
1600170
1600190
1600200
1624860
1624870
1624910
1624940
1624960
1665000
1665050
1788960
1788980
1859130
1895550
2107920
1785150
2106730
976570
1604250
1789480
575510
685680
813700
935070
968950
1064130
1157640
1161650
1296260
1351370
1466680
1466690
1524650
1592640
1630490
1665210
1961390
1148760
1190340
437030
1100900
1322290
1321230
1975360
214570
312600
313390
313400
320120
352810
363650
363980
365850
392030
1241510
1956370
1640720
1177690
1241520
1587090
1921900
1428310
1218570
1282200
1524250
1397030
1749350
1379020
1289640
1601680
1719180
1848960
1372940
375480
935930
1965640
1932430
1637030
1710830
671990
1031120
1927400
1967360
1929210
1143570
1880720
1921140
1960650
1958350
1481070
1718430
1641820
1959610
1657760
1478670
1848450
1730840
1639590
1376010
1973110
1768300
1949840
1422570
1923170
1933140
1968530
1836940
603110
1679910
1227860
1609030
1301830
491720
1971820
1984390
1984400
1180520
1184460
1742620
1193430
1968270
1356160
1590080
1330300
1467580
1596270
1937850
1897870
1476830
1874530
729180
1972230
1653850
864700
1964780
1655060
696990
1963980
1918700
1326270
1916960
1959860
1491910
1949700
1528920
1663380
1950240
1963630
1624610
448820
373730
491510
1859770
581730
294790
301460
259450
1913210
1453710
1190160
1453790
1805240
1558510
1707870
1689270
1703600
816500
1262040
1651030
424200
952420
307050
516600
1714040
2166060
1779200
1948290
1615290
1494260
1771520
1288610
1686470
1684400
1578650
1096690
1263100
1300100
1336490
809950
664000
617850
1184480
1078510
774791
1095040
1243960
1164060
1525620
1331210
1101790
993790
1075740
1769220
1356280
1179210
1095120
1293910
1196630
1573720
978520
1553140
1329880
1203710
564710
1588380
808010
951430
1334730
1107300
1357210
1204410
1125390
1269950
1887840
1580180
1811990
1456880
1506440
1588340
1875810
1709780
1955990
1080450
1515320
1176470
1600830
1341290
1063020
1084600
1491710
1597580
1118740
346820
1630960
1245560
1346010
1104600
1119840
1141120
1531250
505740
1085220
1435670
1658290
407020
409670
409690
418190
420520
442890
443460
453290
453300
524850
547360
564150
564160
614530
675490
676910
736570
739220
741250
749840
749890
752470
774811
792230
865060
891180
891190
933770
978190
1015890
1052440
1144460
1601280
1371750
619930
572760
1944780
1764240
1747670
1675920
1543750
1448780
1426890
1126470
1035770
1009700
993780
918670
886070
1700680
232950
581520
330350
866190
1236720
1668610
2515290
725980
2050540
1999360
1272840
1044720
1249480
1435470
1969080
1907000
1746560
1646090
1679210
1695260
2018130
1866180
1599600
1376940
1386810
1388010
1388670
1413300
1428270
1436390
1440530
1445580
1455090
1509400
1533300
1559660
1560640
1563030
1567950
1568070
1568310
1577530
1578700
1593490
1653170
1707770
1779710
1804760
1811140
1835580
1840920
1845880
1855170
1869690
1885540
1888800
1897580
1906140
1907420
1908680
1909330
1912770
2007470
2010540
2012340
2013770
2027570
2055680
2065510
2071460
2080480
964990
1034890
1034920
1207710
1272580
1649860
1471040
1683900
970900
1950690
1158830
1909830
1950700
970850
970870
1343680
1495050
1664980
1664990
1930180
1624950
1095870
1128830
1398590
1427900
970890
970910
1922150
1624880
1895540
1950680
1950710
1922140
1624900
1624920
1495060
970880
1165430
1895560
1428710
1765780
1392650
2056560
1187510
722230
1274570
661130
3125860
1888930
379640
1801640
1549420
680030
956140
622680
968970
1227690
1406780
1592110
1604300
1552080
1319460
1239300
485400
818800
565760
968550
1354910
1529550
1226510
1490340
1099220
1308880
1151250
1205480
1337760
523770
1465550
1141050
1253860
1355090
1145340
1045610
1418100
1433010
1496590
1299480
1436920
1059110
1525660
1412850
980210
1038370
1766750
1388870
922040
1117350
1395120
1666250
1124940
1315980
2113920
2668430
1944210
207190
343090
870200
1214180
1315610
1594940
1495860
1604030
1874880
961200
1543430
1333200
401760
6550
1953520
1072190
1997040
1347450
1046820
1257810
1458560
798960
1875360
1827760
1132620
1442380
1461000
1559460
1776900
1565480
1709260
1403190
1705540
1826760
955700
1509000
1650080
1143420
1852990
1852840
1729150
1225810
1504310
1988430
1789660
1921160
1204280
1111120
469550
1408230
1200860
1832070
957890
1405440
496750
378300
1718020
1410260
503830
995340
740200
828050
329830
474010
396310
299540
304290
318310
318330
328550
339350
343370
356000
356800
386520
396230
406650
410910
416640
423320
423440
426330
428020
428040
443830
459310
461650
463320
466430
476490
492370
520150
540660
547990
552720
558410
568610
594660
609760
625990
633580
633600
635830
643570
648020
648510
648530
675180
684060
688000
711240
715440
722600
726230
726460
742150
748890
752810
752830
752850
757080
763930
763950
772240
772300
772320
772360
775460
776000
776020
786290
805120
838050
839940
849560
858780
868780
885120
886180
918380
922410
928830
944650
952010
952030
955360
955370
955380
1504740
1609080
1800790
1425990
2083040
1098280
1469280
1986760
869760
1245430
2075420
463150
1813150
1804630
279800
313650
319320
350010
801750
390200
427550
497580
558790
589690
599560
637060
814030
1174500
1225070
1433020
1247190
1309860
699780
867050
504000
1055310
399890
437420
517360
574260
662190
1004860
746840
916160
429600
363330
615350
394280
403510
429610
466490
834390
895420
949800
1113780
284890
369420
414660
458480
465170
558340
1085190
1261530
1986840
352530
1859020
356520
1176020
817680
497780
594050
573770
415610
443360
1058640
1296830
1769730
363950
1621760
333510
430190
587180
1255990
1301520
1860570
677520
576650
587860
850450
977570
1045080
1094060
1258460
1180540
1461930
363530
298420
1671310
2026990
793630
1210660
670850
1373710
1373700
1373760
673010
1373750
1373740
1655740
1826410
1581830
1371940
1031270
944250
1838820
1838830
1967340
1927220
1902820
1545830
1202780
540740
1792270
917680
1963280
1945750
1914740
1309610
449640
1849300
1884470
1230560
1942580
1475080
1553120
845290
1227930
1595620
1858920
1947350
1936520
1551220
1403020
1913960
1971690
1389020
1822190
652410
585430
882410
643900
669380
672590
288120
873890
575850
791370
392580
1437760
598060
1167950
546990
342640
657090
513230
1169040
1781030
1533470
1779560
1999170
1755100
1909420
1773700
971210
1594320
1915550
2004360
395570
1565140
1906020
354740
1182420
908360
588800
734730
1054040
962150
1068530
1202130
1393420
1966900
1980350
601790
818140
2012510
1627570
644390
2053750
2009650
1097100
1814260
970090
1633740
794030
412170
467000
391660
661670
661120
766940
457820
450850
618140
754120
1958600
450860
1239260
1990740
1168660
585830
1307090
1711840
485440
1797610
485450
1573070
1741260
1597170
1389270
1854730
1786690
1578750
1417420
1346120
1590030
1541850
1469000
1519470
1589730
1560320
513290
1662570
1086620
648410
1730360
1850550
341150
1798810
917850
365420
1390190
1151050
1954640
1998450
431700
415920
1584090
496340
2002450
351480
531110
452780
506840
521200
432350
314470
610500
376410
1627130
1761390
370220
621070
657690
354860
601540
1181830
1140530
1590190
727130
904360
1078920
1331910
1372320
1013310
1167140
1921180
1805670
1366700
1960800
1345760
1971650
1064070
2230110
1999770
2109370
748810
1345890
1458140
1245480
1805480
1340990
1649010
1579280
2143450
1162280
290100
968250
1155970
1718130
1403310
1156380
1669360
1946970
1160920
837880
503770
1696080
1823190
2250600
1623730
1962663
1426050
2025660
1702840
781180
2082260
1175840
1358750
1952250
1336180
1733240
1515210
797710
1165870
1059990
1273400
1743850
1132980
1547860
2129750
269950
2014780
465200
631770
1081650
684700
1610870
98600
657700
1334300
431740
585750
1297800
1269640
2050050
1721440
2100830
1382980
1367300
1329500
447210
922520
995790
856130
1597110
315460
1567420
563180
1489850
1075400
1444920
1974050
2315040
1592190
804530
691890
1569540
1731850
603350
1623650
1095320
1180550
1449640
449550
377460
301300
347280
416720
372150
529580
1049100
27940
227800
263960
299720
342240
575880
1453850
914430
1393820
975620
1181640
1654200
313980
2027400
1368410
1188000
1713610
344960
656890
300840
697660
208710
222980
310830
425240
264000
238890
396640
241720
259700
201070
298280
248710
333660
250560
238240
313470
284580
271570
877800
351250
334140
312900
327150
293900
273500
314290
335430
303510
240620
274560
262920
316020
358840
329320
303260
423270
314150
337270
652360
340520
330370
357700
332530
305500
330270
342300
327500
356070
406120
371510
335560
381090
368730
1163290
384500
269630
215550
386750
362310
343560
381910
373610
373630
370480
996450
1001490
1001500
1016630
1044630
1050210
1069610
1069820
1074550
1080250
1090030
1110030
1152050
1166800
1171820
1171840
1174830
1188800
1199220
1220580
1227760
1244930
1245670
1248460
1248590
1282650
1288650
1290460
1324420
1356440
1362520
1380120
1393910
1400940
1443850
1553080
1580300
1584900
1585050
1585130
1644330
1662750
1663950
1663970
1663990
2094620
2399730
2311510
931320
675620
558320
369060
1071510
36900
278890
963210
1058740
368890
1608660
661290
314360
376620
374830
571520
424640
359140
1223720
988430
1704250
1709700
1577250
347800
1730590
1114380
2055500
1502190
1931950
2178280
1496060
214320
586920
312310
677850
836460
1436590
692890
362790
598820
990890
2134430
2193760
2193750
1440840
508980
278490
821560
496920
1894430
1947500
1150440
1042150
1048080
1054610
1059260
1067650
1081760
1092650
1104670
1129680
1142750
1150790
1158480
1172660
1181220
1192500
1202160
1214500
1229590
1237330
1254590
1259860
1275520
1282370
1307640
1326330
1339450
1349290
1359450
1373410
1455420
1500310
1543470
1569990
1078420
1850960
1137460
1623660
1544890
770810
1023790
2050910
1524690
1673560
806140
813230
503180
273820
303710
1183420
1117970
397580
291290
335890
964750
673850
1899700
1937470
1843760
1433420
1508680
1627680
1404850
1333560
906950
908750
1053850
2074560
2081930
2256230
840440
1485340
1810210
919260
635260
1372110
495420
1961460
1574270
2240790
2233890
2055180
2536840
2201170
2088600
2183960
2182580
1990680
2153800
2172920
2253880
1574240
1996420
2027000
2054680
2069110
2086180
2087470
2087480
2146600
2173870
406760
429220
397390
414920
370940
429260
334210
412410
253190
435600
428530
327760
436870
508790
485260
370130
438910
432230
466980
447980
471330
531680
381880
540590
512490
555720
506150
560510
489110
622770
495820
577280
617680
454610
573660
595090
381250
263880
597990
823950
522900
598840
573600
762190
487000
484930
436560
672460
458680
743340
498500
765140
659110
759850
509250
493060
694480
735280
673950
806770
575970
809080
608110
718720
561510
468330
749800
712870
802400
844330
878330
674520
822040
848520
809870
1717510
1311070
263260
327010
750070
264220
853310
769840
1755030
639730
1933180
1933190
544140
368800
536450
267360
222180
1191620
1697760
473720
655500
725120
842750
915760
806530
1928870
1205520
820520
1832040
1601570
1043810
1709050
1717640
850190
1672310
1658040
1812910
1488490
1900250
1574480
1582290
1519710
1585220
433370
1300600
16030
223000
275830
251310
1448440
1583230
1677110
409910
725040
310970
857200
1040080
1196580
341910
907820
1229900
364500
1065100
675990
1472560
762370
1268370
434660
2054970
664640
1286320
562490
2909400
2021880
1341820
1671360
1072290
1497440
284100
1608070
759000
1815230
600130
418210
588110
629090
1418630
1037130
850320
1592520
444130
543960
1809540
1462040
390710
536560
724300
586030
989550
553880
1269260
1427890
1287800
532800
826540
479990
1653050
1777430
1523260
1364760
695330
492540
2000960
1774580
606160
1931730
1065520
1156120
625820
738270
1492730
1982340
1298140
1816300
1913740
613040
1904730
1374970
1774200
341390
3092660
859740
1593950
431640
395350
1215270
1904540
1451120
1080020
1475650
1720780
1793020
873390
1366420
1908670
691250
544730
687610
498330
1188080
1771200
343780
1182310
1257410
1252710
341500
453790
1647000
1449000
1074630
642580
1610630
730840
730870
1283140
318480
1710930
1823360
1869590
728530
405900
896880
1338520
1541220
959050
1043120
356110
682630
1945820
314370
313590
2075050
1806440
746680
696560
278440
39680
705340
1715350
485350
1770490
2119940
1810270
1582410
1620410
1839940
437440
2741260
494160
312300
1938010
1846380
871120
1309090
1427340
1477700
1220170
1924810
1549250
1812300
1898290
2066950
1141580
1564220
1605320
1709170
253770
1736400
976890
2016080
1281800
797400
843260
1062830
351940
2989180
1712830
1275890
1486280
1511670
1491670
315610
454160
2889030
1046790
594810
1257850
1451090
2123100
2150760
957950
1667320
1976240
2141720
1971790
1496680
1706930
1847850
446070
670750
1521930
1382800
1145780
1275150
756240
964350
1206480
1120360
1740100
753660
727190
355310
236010
439490
1433570
568370
918680
423900
1599920
933860
330670
1597730
1369340
1578330
1137330
399070
1502250
825080
516580
437870
1135230
655940
680330
838990
451800
710960
1755680
619890
793490
1731630
780670
1874260
962280
379530
524910
777770
559130
656830
704200
716760
746000
1065320
820020
1227260
1255920
1367530
1851620
2095090
2020460
1581680
416110
450170
1913730
1765960
372690
1893620
734920
1163870
1842510
833920
770600
513580
693670
800180
339130
690150
690620
737890
459830
683000
43190
205550
260930
269850
279070
285840
286930
293860
296930
303720
304910
305380
306700
319540
340050
340750
342310
342910
349510
351400
362670
377950
386010
388260
395550
398830
405550
418620
419700
428080
428920
432980
448320
449320
451600
453720
456210
457010
458660
462860
464900
471220
471700
476360
481870
488860
492860
510430
521620
521920
551700
552080
560300
561930
568440
570820
574590
575590
577380
577410
579840
582690
584640
586240
588930
594300
597230
598500
602700
603530
604240
611160
616040
622370
622440
623320
623820
628330
632250
637410
640050
643880
646240
650780
652780
658810
661200
661280
662550
670260
670730
675270
676700
691160
696140
1782150
2086380
696540
394120
793280
453650
682140
763400
658570
257030
1339860
811970
568040
1096180
1394320
597060
1896190
1297030
461500
2067590
1383250
826600
1702260
1879820
1511780
1822270
1967550
502350
1967890
717320
1968660
521110
1822470
751870
751680
1968880
534270
367220
516680
537170
1115670
715320
679640
1826100
516740
736610
1967670
496360
1967760
1968760
2492650
1057800
1690270
1302780
1316800
1600780
1484620
1126420
1830640
1080040
1711950
2173880
2220350
2248570
875100
912520
945550
962240
981120
1033630
1041330
1052250
1058760
1073400
1085080
1090540
1094460
1095300
1103410
1130660
1131360
1135800
1748400
1776120
1976520
1989950
1990710
213350
2121360
1595050
1848590
1694510
1422130
1420350
1786230
436470
914180
1184250
1135570
1090790
837950
724740
620220
2787700
970810
402080
961850
1269240
1033670
2161110
1983710
1476490
1450830
1521810
1301840
1328840
1294660
1573280
406730
1562920
878470
1594900
1016700
803280
881040
816720
1337000
2025320
2215540
1785910
514340
949200
959850
594820
508230
1174390
1907720
1438440
1885750
1254480
1578860
1187650
2138700
1884570
798460
1294880
1586990
423700
851820
1175510
351300
849140
595270
847870
1097530
1735110
908070
814360
1197030
592270
872470
546550
504090
422910
422920
1501100
353090
1572440
608610
266050
2025610
777470
1637950
1972440
1950440
1677770
1929870
1768280
549090
1530630
666960
1074500
743390
1338320
1198210
565180
2074530
1718570
1488430
1663640
2143680
280520
1549060
957060
1132180
1610360
1114220
387930
453960
567060
715690
1386650
1154850
1281190
1920540
2087030
1997660
406290
676930
1818940
808080
1110670
340800
1451410
1316310
933450
720250
348790
1478080
1004770
461560
961510
465150
1586700
1712390
1217100
773430
1408070
1347360
1353270
1691560
1324070
876220
802730
1830720
687980
1946070
457520
1385380
1620540
1210740
1745510
1571440
563400
694930
1736300
865270
2023050
1917090
1078970
1942280
2124490
2947440
959860
1766100
1324530
1531490
1304160
1201550
1816930
802120
698590
700360
701610
704840
713840
716250
724120
724680
727290
727930
730710
730860
733460
739100
746030
748330
750050
751820
751940
763550
765450
770100
772610
785770
785880
786450
788330
795110
795490
798650
803780
809850
814300
814400
814530
816150
818060
819980
820610
820640
827610
828680
832140
832460
833270
840880
841110
846800
848060
848230
848430
853590
853940
855850
855860
860990
865040
865980
867790
867980
869030
875760
877870
881190
882210
882760
884340
889260
891360
892860
895200
898430
900790
908050
911260
911430
911550
914290
915580
926390
928390
929490
931650
939000
941600
952700
953330
953690
954010
956560
959080
960900
963930
964620
967940
968470
971150
974950
975430
976680
1034150
501110
498830
1882820
1137350
1345860
1304910
1629520
1318970
642600
1075390
527380
616520
1319420
511350
498050
762490
963220
406850
1785370
1593780
1358840
2182690
755980
2131200
1833490
1257170
1328900
1328890
1975660
2173890
2150830
715400
1947070
2255370
731790
945710
1372800
1433870
248450
233110
844670
2192520
1582760
1810580
2143290
2169940
973070
973230
422890
889910
1975450
1381440
1701800
2368300
3218230
1575940
2172180
1454050
1420080
1278350
1503530
1661900
1279390
1024160
2101490
1984810
1543240
1276330
1793380
1346390
1379630
356500
1249040
2072820
1899710
1763520
1268750
580010
749080
887960
971060
1145450
1196400
1400200
1467870
1839260
2222670
1928540
1610900
1062520
2151580
1722860
1749900
1944430
409710
409720
1534840
1872680
1286580
981450
982670
983790
984220
989690
998990
1000080
1003480
1012430
1015140
1015190
1019920
1020310
1021070
1025430
1027820
1029220
1035510
1035530
1037100
1039380
1042210
1043150
1045110
1045120
1045220
1048020
1050510
1051950
1053730
1055610
1062130
1063040
1063120
1063710
1064260
1066180
1067080
1068110
1077450
1078360
1080240
1080330
1080490
1083310
1083480
1084710
1086460
1087440
1092630
1096100
1096610
1098220
1099170
1101190
1107820
1109820
1111650
1112830
1114870
1115580
1117330
1124050
1124560
1125330
1126580
1131080
1133980
1139880
1144370
1145330
1148500
1149290
1151680
1153100
1155300
1156480
1165820
1168870
1171070
1176360
1177020
1177170
1181650
1185620
1193160
1195140
1196440
1198740
1200350
1202820
1203780
1204230
1205140
1211640
1221540
1221990
1228790
1228870
1230880
1933850
1785270
2066030
1220520
1634290
2010200
1444710
2114360
1525190
1363680
1383280
1795010
1738610
1826570
1925320
2098350
1267070
487160
556180
547480
1665190
1402090
1631500
545040
356790
455100
1302730
1520380
1749310
1836900
1808680
1171320
1111210
1116520
1119430
1234330
1583720
346810
383740
1351080
1323770
393610
395500
1901780
905510
781640
1719100
1078280
497700
1053560
1232810
765020
1343580
645320
875740
1606580
764590
316810
987000
649190
349260
400660
496620
1304770
1716720
296050
308580
328730
468800
548240
858680
1156510
1304780
1356580
1454640
1538850
1364940
1126600
1380830
1778620
1010180
394540
878770
673980
1694880
765490
1073100
550600
1843750
1934680
1258590
1612920
1912380
673260
888130
1467390
1589360
908990
517330
672860
535890
1032730
1266680
530820
404420
772480
718180
463160
297660
1520330
1096060
796380
907560
559910
1593410
546700
415010
917920
1940040
709790
936210
1681480
432210
1161170
765390
990740
1655670
1032170
1389750
1683800
593680
1181780
1402120
1061550
1358710
400350
755520
486130
381320
984470
1598160
1667170
1108090
501120
511250
1425510
361200
1485630
317850
365820
251510
1062100
508530
1898610
550010
918820
1612480
1164390
1605130
1949330
706560
1278190
870150
978630
527760
691650
1270850
382330
1269550
1114520
945680
1482830
1821340
497710
876320
778120
597150
650750
672230
1384490
1942010
1201270
1942660
1969440
1817230
908560
1364210
1677350
3113990
1253180
2175090
1729090
1285010
1275550
926140
1846460
1487270
2220810
1662080
1066760
1804270
2166750
1063540
2183460
1461100
2098130
2026750
2177260
1489590
2101440
1919140
1819870
1499930
1392030
1445810
1866710
1914630
1738150
1013710
2116250
1256950
1196260
1124530
1013700
782510
807730
745530
2163800
2198460
878710
971900
544480
891270
974530
57700
1480830
1740930
1590750
1061610
1251460
1359120
1090670
1110380
771420
530930
925950
1142080
1442170
1444350
613900
1285670
2012840
1287240
390510
747690
619320
1141570
526130
569530
1859280
1145350
388860
1406810
2009100
1171690
1282100
1707990
1493640
1194810
2933080
1888160
2160480
1750030
2741360
252910
629040
480900
361100
702030
312960
552880
292330
504450
610680
978180
290870
399140
515650
1215090
1509820
1766740
1872110
1284550
2008410
1044170
1687060
1916350
733070
1360390
1973530
1663250
2005400
2116930
943370
2072450
2375550
1677430
1982150
1575430
1685310
1150530
1266820
1049310
1949100
949230
1253520
1605930
2057220
1213680
1913690
2000490
1623940
1579880
858710
1378330
1414650
1276430
1240550
1625340
825060
1173220
1913680
1455630
1487680
1286880
1844650
1995520
969700
904750
990380
363860
1261430
1584980
1108000
1788120
1125830
372360
2111170
317620
1639080
1850160
1867510
1502680
762940
2243710
1039280
1094720
1258340
683940
463170
1576130
259490
1550270
2190400
1346020
1526370
2228030
1347600
1389360
594030
2120910
1584450
1641960
1661330
346560
772430
1249130
1784780
1263240
2085540
3788800
1978590
1451810
2270900
2076580
1753450
2096620
2324650
2258500
794800
2106840
1232640
1233250
1234400
1234620
1234690
1237690
1238480
1239740
1240040
1244960
1246540
1252100
1252240
1253680
1255550
1257590
1259130
1262140
1263070
1264880
1265460
1265720
1270080
1270380
1271090
1271110
1272300
1277500
1277710
1282330
1283260
1291220
1300960
1301860
1303140
1303990
1304420
1305440
1306720
1307730
1315670
1316700
1324780
1327810
1329510
1332610
1335880
1338610
1340080
1342130
1345380
1345440
1346070
1346260
1347700
1348250
1348680
1350080
1351350
1352470
1353670
1355560
1359110
1363770
1369770
1370040
1374200
1374640
1376290
1378800
1379200
1383290
1384030
1384380
1388740
1391570
1393650
1395170
1395830
1402030
1404530
1405270
1406250
1406690
1415480
1416760
1419130
1419350
1420680
1420770
1421960
1423880
1427210
1428770
1433100
1434270
1434310
1435210
1440290
1440330
1442410
1446540
1450180
1451880
1452180
1454080
1454110
1454190
1454600
1454730
1455590
1455900
1456260
1457140
1464550
1470860
1471730
1478220
1479990
1480470
1482550
1482740
1482840
1482940
1483470
1483610
1491040
1491460
1491650
1492210
1494100
1499220
1499240
1501790
1501980
1503820
1505540
1508030
1514640
1516090
1519010
1520510
1522980
1523220
1523510
1523720
1529470
1540560
1543100
1543830
1543940
1545590
1546500
1548800
1548860
1548910
1550080
1551770
1559810
1561060
1565030
1568540
1569720
1570340
1571210
1576540
1576990
1577320
1580040
1584750
1586530
1588250
1588400
1589410
1591130
1591670
1595710
1597040
1597200
1608250
1609570
1610860
1612900
1615740
1617430
1627610
1631540
1633300
1634130
1638330
1641330
1641470
1641670
1643590
1644490
1648610
1650690
1651500
1653970
1654890
2026340
884260
1911220
1474740
1152410
557420
1219020
1059120
922920
1602110
1299810
1072310
1834870
575650
856100
1210610
963710
842870
1499190
1365010
1089600
384940
810000
381340
1215280
1066630
523650
859440
426190
586880
494170
1036660
1993030
1288410
1004370
2062100
2077080
1967480
1465350
1378890
1594460
1135810
2088270
1157960
1692510
898040
680890
1006220
453750
432240
813250
765230
1441680
1378100
372250
1102580
869470
494990
828350
1861880
886380
654470
1827430
2915460
1330660
1388650
744260
1106340
1011130
690630
428170
1489390
405950
717560
545860
817530
1035110
573300
428740
2102490
773670
1883570
1944850
327070
1193590
784100
507390
1253940
981430
973850
418360
1014810
899590
690710
409290
956010
759220
1079940
909490
654570
1036700
1500380
2182840
338190
491620
620940
1508460
349500
342500
486310
629770
977630
1733060
1972710
2084930
438790
604550
1248060
1025540
364900
357290
874370
788210
1951800
1004150
979810
1226690
1474900
248470
244590
652700
2940170
261700
448380
280200
2570810
2731870
2021210
2221940
2016590
1494110
454240
404180
1697700
2089500
688070
2081400
674230
382250
983290
463470
610120
262690
487580
366410
2099010
655980
532600
491580
531860
514490
498040
462220
463120
473480
542740
498030
489900
542730
542720
1301590
1383010
708340
1073810
1317070
1008600
545850
365270
215770
1377850
1298530
578740
320630
749410
792030
470030
1073390
800520
712770
388300
1215750
467330
581060
1224640
741500
1175500
463830
388970
1452790
1939160
1655050
1657900
1662220
1663910
1668150
1676060
1682840
1690060
1698520
1704080
1704170
1707540
1707790
1708570
1708800
1708810
1708820
1715690
1718160
1723760
1725350
1729790
1731590
1733480
1733890
1735850
1736250
1739150
1740660
1755350
1768660
1778430
1779530
1781350
1787760
1802330
1804500
1817560
1819290
1819900
1820170
1824010
1838540
1844060
1847390
1848120
1848580
1851020
1853660
1853840
1860550
1862940
1867580
1876540
1880230
1883750
1903510
1903730
1909820
1917170
1924150
1926240
1931240
1969130
1975370
1977530
1980600
1989990
1991630
2006560
2006730
2019990
2062910
2068200
2075130
2096800
2113250
2176240
302380
707060
431840
238930
754610
333970
958320
585190
856990
1064310
2060750
1178780
2007530
1566090
2104110
700820
2079600
1436410
2515070
1140630
1654680
1544000
756800
319780
257120
295930
291190
1708550
1609230
2184490
1842050
2109620
1798350
2176930
1451190
4460
16110
1989270
1167770
1234840
1305540
1459300
1527780
1530230
1687040
2069580
2075370
2075390
2316590
974370
1593100
816990
2239670
1257030
1949030
1363900
2005010
1598910
1998340
1725880
1436700
1687960
2162720
1554840
755980
1852830
395520
1457080
1725640
1817000
2070550
3159330
1296700
761010
1031460
1922010
958650
1113730
1102500
417980
453320
553780
591390
654580
721740
948960
898260
412010
268360
386090
2246700
1465410
1176780
1571660
503750
1634080
1345320
1438090
671480
1316770
588200
759040
1078550
676070
524240
2103590
1943420
1594150
1543650
1236490
681460
1989720
1024210
1894720
1386140
1937820
2306020
1733110
1830430
1411360
2059090
2123410
1568400
1418360
1546310
2154820
1295920
1803400
386540
389270
478010
342190
751630
977690
1198700
1301930
384200
414870
420560
629860
726000
853230
791970
804550
800110
673720
1125340
348730
852220
562570
859350
1274910
1422630
677920
1074620
366760
2121680
2164970
2187270
975370
1673630
1782600
1020940
1085160
1836160
325260
682080
548500
1405950
1521580
787040
668320
890630
911200
633440
865720
363520
1525370
2104460
1051870
391460
1049800
1051890
409510
2163790
1868140
1898790
922620
2182240
884880
1281040
1388550
2140330
1155330
1622900
2319730
2161700
2254740
200910
1634220
1949960
1934570
2842040
2537590
2510710
1977170
1622910
1983260
2458830
2439280
2679460
2302770
1469610
375530
2283880
1522930
1238710
1167750
1161300
1902850
509920
2071500
1881700
329610
821350
2562240
2381590
1545560
1674920
1913670
1674780
2224200
2311520
1263230
1164940
2051120
1296610
1955230
1960110
2313020
2175540
2271050
2380050
1851030
2238900
671860
1934780
1928420
1929610
2852400
1796220
2193050
2118370
2002850
883130
2217580
212780
1085280
10270
32120
32160
35800
34920
231140
289930
16020
46000
48800
383750
532690
2337630
653060
2404370
1926720
259830
257790
248410
45450
323700
577910
363660
583890
1729740
2397500
2162020
1887400
2316820
2012260
2155180
1769980
346090
531740
1155880
664510
702600
532470
577730
1550740
614140
1229570
1774080
434310
518670
1383770
1486630
1778870
1237480
654440
539750
1089770
661430
668770
733050
1205170
1475840
1770080
2254490
2193080
2230800
1489410
2095060
2267350
1675900
922100
607400
528950
1963660
1116660
1462760
296010
1037590
662940
1673780
2026870
606190
727220
803870
1613490
1501420
439440
2294660
2698940
1293420
1724390
1953860
2231450
1790330
2069180
554920
639880
1101290
1071310
583570
1025480
508290
882750
1296470
628340
1055140
389120
477010
1130440
852190
339240
856260
1036910
253570
1347140
770410
890130
911510
1065690
587920
799110
568320
1243220
1717270
896520
1178290
871550
420180
962700
983760
1453900
1866880
1016360
1343810
1920100
2056220
2273550
1835840
2055650
1993450
1587540
1296880
851930
2361760
1685460
286300
1068800
1655140
549260
1341720
691750
1174640
897800
580890
405440
699540
423800
501190
554750
932980
1098210
1412780
2103640
370090
1641830
549240
545150
588230
1829420
1632170
429250
1092580
987710
1395190
314010
1108350
1758640
717110
945920
1733500
424320
1193300
1967870
761320
602490
749110
591380
564450
669040
804990
896980
1184700
1629770
2605100
2217000
1410330
1919470
1902690
2024390
1521160
1973010
1669420
1162520
824550
1653870
1692580
1786480
1681880
1191580
1859470
924360
2464400
2057080
1469170
1100410
1729300
1782330
1987080
1063660
1574260
686060
1436990
297000
1730920
1096570
1254320
2062550
727070
868130
926170
1117310
1188330
1250560
1316390
1377260
1471910
1613680
2085970
2090700
729310
1225550
712010
738000
747190
774281
798850
821390
830490
836290
604780
628750
667300
679660
692200
704190
722020
736840
749340
764560
776540
790860
806850
815950
828910
844160
853860
864570
874010
892880
907590
928610
941790
949030
960820
978450
983280
986990
993630
1001880
1006880
1012860
1017350
1021260
1028380
1031540
1035920
1150910
1258520
1442840
1832090
1773740
2199330
1393660
1738540
1777790
1435750
2058140
3513350
3061570
1702010
1447240
2010000
623810
1567000
1183800
2133870
1024890
2381860
2878600
774801
509800
1607680
1538970
1001140
2005680
2381520
2001670
1912330
588970
611980
631830
655100
671090
781810
781820
904570
992050
1025130
1044220
1047960
1053250
1086450
1197990
1221030
1246780
1328810
1270620
2094270
1835830
1758120
1767890
1767940
1768000
1786250
1786260
1786270
1786280
1786290
1786300
1799570
1804450
1807370
1815860
1815880
1816410
1816420
1818790
1818800
1818810
1818820
1818830
1818840
1848280
1848290
1886260
467360
861410
1022450
573060
672150
684940
689340
693650
706370
706380
706390
718490
721380
733500
733510
733520
733530
733540
851650
853850
938070
346670
380120
380560
381000
399420
416290
418000
440790
448060
454970
486020
492600
498620
523670
540190
548720
557970
567980
581340
587970
601180
637330
741770
751480
575770
575750
542880
338840
882590
1352230
1434010
348870
545590
1052220
1655020
339700
1153130
1459910
321950
1287250
1410740
1495580
1505980
1524400
1676200
545370
1369670
272230
959410
799640
1060220
655080
1003590
1715390
1052230
2082320
2423620
2083160
2341070
2259210
2313240
2258770
2364970
2321000
2419180
2487460
2289400
2348280
992300
293500
410710
2388620
1155940
1336210
1613670
1175800
573780
1959350
1889040
1265800
1347970
1452070
1608640
1880330
1954130
754150
542200
1045840
690980
744550
1004330
568490
541310
2514470
990900
2365810
1628610
2471100
2339040
733940
1290710
976830
828230
950600
774911
1049510
805370
1724530
1735010
1394830
1868060
2183720
1290010
1093370
1792230
840380
1309040
1112930
1835970
868350
465100
1880020
1860050
1770390
1040740
2252830
1438100
2247610
938390
807860
801020
1104230
2062390
824270
1082690
1547990
1293120
895180
806550
1513840
898380
1521770
1915940
815240
1926490
1291330
778980
648660
1786930
1159260
886590
1238330
1454930
918480
2018320
2112500
1546600
1123070
828460
1572120
981130
1709950
812980
1151550
1260400
599010
1862660
1754740
997430
970220
1190370
891100
1384700
894110
1520170
1473100
1229060
1518300
1813930
1072800
1172150
974970
648440
1587970
1274430
1735420
1727520
1275410
805590
1342410
1091540
1427510
1655920
1922360
1290720
830590
2357080
1033360
2309630
1310150
1565800
793990
984570
965940
1636000
1821520
1235980
1175720
1625830
804910
1359170
2373290
1386190
1654360
1583830
1002510
2328090
905560
1636660
1520090
1375920
1263060
2219530
1457540
590790
1477060
1973260
1644140
1920410
2137600
1991480
1921780
2133370
1118870
890910
1357610
1690150
1316050
2091410
1753800
1626010
1087790
929670
2183700
843890
1336340
1499690
1541690
797620
1787470
1272020
832020
1470220
1745410
1253720
1389190
2019260
1632930
2161330
1786660
2070220
778830
963570
1335810
799870
1758920
1675100
1109280
1033110
1136880
1534520
1302590
668360
1212610
1555270
831690
773330
1682030
1243060
793450
2077970
1336430
676570
994750
836610
1706170
2080720
1686130
778150
769410
1735240
906880
768310
1433830
1538270
1200740
1026430
1088800
1158660
1857640
1883090
1603940
1032700
1627850
1238450
2241390
1757890
1581770
1981610
1298670
598530
370070
2158540
1272070
1525770
1511240
1432200
1234020
1248030
1048740
1288760
395270
603700
781950
803930
738210
795610
290060
1542550
1167640
819500
1282140
1629530
1676130
2838400
461170
1165750
1056680
1771360
1736710
1231990
1435480
1264250
1966420
2993780
1730700
1213740
467090
300060
1933840
206410
1319850
1227280
513910
1493940
1338330
1208600
890700
416700
746900
1036820
1983700
805900
914700
1493880
1517830
602120
2089620
2005390
2078640
1160820
792880
1775860
1489600
885810
1710620
693700
2225530
2132450
1482750
1305300
1984610
2237830
2126990
1345370
1944360
761170
1000380
492410
598440
611190
1081510
1008800
2101290
1051580
755670
1241700
892930
1195920
472690
1458930
984260
2192840
2360290
351160
1797140
2327820
1519660
849920
767410
1625710
1439930
1212470
1819450
1546640
1596730
875110
1376840
1304100
1270030
880490
2180740
2126310
1874340
755950
1758100
964050
1794520
1025330
738860
1746630
2171010
2084720
1391610
1777100
1600870
1396390
1341090
1501500
1823330
2088450
1288600
1056070
1049230
1729600
1360670
2450530
1550630
1316830
1360510
1521410
1272120
893360
771370
1928670
1172520
1698920
1520570
1705880
816170
812110
1302860
2240630
2210710
2114390
973040
1024960
1424070
890840
1179390
1676740
2484360
1149510
1799060
1347390
975220
773510
2011010
916050
915730
1978750
1005390
2409850
1427680
852590
792820
2088440
1481600
820300
2005320
951680
792080
796980
1047810
2188890
2022020
1439180
970460
2120240
1281860
954270
1026560
1065890
1637970
696460
698300
698330
699750
703210
704440
708300
712380
713050
721430
722250
726120
737810
739210
759500
763760
774781
777400
788380
792410
800230
812800
817490
829540
841030
848280
853110
862120
867730
884770
885240
893730
895570
931630
935440
1020790
266840
986130
1623070
995070
789770
979790
1139800
1209650
1267470
1387480
1388570
1402420
1427710
1548680
1569810
1641450
1682060
1682260
1842900
1289990
1072920
1809310
1567830
1620340
1920780
1174460
814620
769520
2138120
2223000
1321440
1293460
1278210
991260
552100
1366850
341040
853150
2108330
2873440
1669000
2230650
1177980
2168200
2189860
494320
1742020
1967260
1578870
2213300
2114740
566990
2330500
1566200
2996040
2727650
2399830
2400340
2193600
2262770
972770
1576240
939870
1815400
1653910
2222770
1848660
2079370
1143440
906390
1371330
850960
772540
992000
1574370
1846920
1848890
1457330
905300
1031560
1221640
1683370
2220480
1282080
1715470
1041840
1182690
903560
837390
1152360
849320
2179630
818790
2392760
1876560
1454200
1414680
1323910
2128690
1699690
862700
1952160
773190
770050
776410
2005290
1058430
1025270
839430
845380
1172050
781100
1567490
2327190
1780960
962070
767340
1221730
956430
1325470
1003190
1255880
787100
1392760
1183010
1787140
1220710
1178000
1281530
410740
2182940
988070
1973350
1569560
955540
1378710
2025080
1754760
1656890
1116240
2149190
794760
1892950
873120
1446100
1510090
1948210
1737380
1953590
1732650
1214400
1686600
949880
1957590
1975670
1894250
1362890
2206820
1314830
1170300
831570
1853200
2085920
1877020
1430220
2226910
1843860
1521110
1094870
2475980
2443110
1328350
622890
216090
1727180
1311540
3341510
3389020
319230
350480
2338770
1749860
1921530
1402110
1409300
1299690
1150760
1562230
461870
2240530
628740
741400
723760
3055950
2960700
1885570
573110
1924780
949770
811270
520670
462240
462250
573070
485120
2244470
1254370
648750
889480
1870630
701860
2354940
1972400
2200780
2009450
2150660
1665460
2294130
2138090
1501610
2381620
669330
2448340
2433610
2485620
2250410
1376910
2374820
2447080
2389260
2483950
2244630
1961370
2448270
1173730
2431660
1937500
2111870
1566880
2214090
1012610
514390
664750
844870
1442520
518620
1741640
2313250
2099080
1077090
1348400
1582620
2303350
2412190
2101130
407530
654990
1086640
1524750
2328980
745330
947270
1550510
1120210
1761780
1604270
1621560
1989770
2087610
2526390
1100290
2218400
1624550
2498570
1467920
1633860
2239150
2497610
2086910
2480000
2455060
1734280
2281870
1681600
1417750
2379850
2442040
1853630
985240
2444470
2359170
1793260
2107860
1620520
2227030
1284130
2416290
2259230
1950490
1557430
1122340
1978800
2079180
1807210
2519060
1895970
1083790
2474320
1840820
2323840
1376360
2523430
1510070
2519670
2492050
2304650
2586520
3050220
2245090
2217980
1801110
2197910
1424600
2707930
1642060
2199420
1154030
429380
1988550
2442020
2246880
1274540
1594040
2008420
794050
2111630
2668080
703880
1736290
2632190
436780
1340480
1605850
814540
1364130
2539960
1392860
1430190
2477340
2495100
1038450
1654660
2384280
1566540
2148240
1351380
318020
2247570
1260590
1551670
1100070
1552740
1211960
1638510
1070590
2195150
1680400
1757240
1984260
1711070
1576570
1476450
1990260
1062120
1157100
1216310
1469840
1031660
1681020
1969850
923550
1723960
1081420
2129670
2181930
1392510
986760
2191530
1614870
869370
882990
2212490
1008060
2236240
756490
1804610
1216780
796350
1655560
876480
1373580
1064520
2175040
2180150
982050
956280
793200
2357050
989650
896400
1074190
2085500
1891230
761100
1513420
1548190
1080790
1249510
1209950
1748290
1269810
1423720
1616300
1462100
1216540
2170100
1724070
1346970
2486880
1131640
911180
843580
907040
1805200
1322650
2412880
767980
770860
1556430
1979190
828540
1866110
785680
2154140
643950
1472260
805070
2141690
1051170
2150800
1747440
2085860
2424650
757540
1665500
1138360
1680250
923540
876410
844350
1437340
1779460
2291880
1940090
1592120
2317820
1926270
1772530
1903620
1730250
1856030
1382070
2263010
771410
771350
238010
797410
1039200
257730
248530
278460
383580
434210
438180
466840
502140
509110
512640
539720
507490
633130
657200
661940
924140
259080
261680
271990
278530
278570
283060
296870
301920
301930
311680
410890
472870
526490
577480
668350
1034940
1243670
262240
316600
331390
331790
333220
335200
337420
341310
342090
343270
345650
345700
348540
348620
351030
350810
351790
360550
360870
365070
368710
351710
372330
377330
706710
383670
386480
387110
390730
392370
396160
397500
398140
398980
407230
408770
414370
415850
416130
420950
423650
423880
1150080
427860
942970
1905020
1124260
431510
434420
355800
732240
390680
603020
460060
788700
1109300
437690
556440
1964260
1048560
846010
635590
969480
1010780
720730
2072430
1522850
365760
1361670
1307690
1654800
1701520
1211240
1849000
665340
1015540
1269500
1592540
1569890
1155870
1742740
1814930
1742590
1596170
1701840
1916850
1143900
1584950
1910300
1350100
1091870
580570
1399750
1977250
1897630
1971470
506480
2307580
1319550
1985260
2134770
2109700
1894730
1261520
1725660
1518820
1937570
916350
1410440
1714920
1266420
2166310
807230
1363210
2015500
1499700
1431040
1691280
2088340
2065570
1797380
1983020
1681870
1694420
1902710
1266030
2157560
1534180
2083210
1668290
2232840
819220
1303660
2156960
2161120
1008830
1507180
2223380
2022090
889030
1588880
908620
1247640
787440
1523890
781800
1996470
833390
807850
1598220
1101330
1798320
824850
1050730
1791820
1202730
885910
812360
1730140
872310
885940
1229190
1665790
1530860
925290
1772780
1775980
1996710
1112670
2114890
1823860
770660
2260090
877040
2198570
2444350
2256450
1952540
2458260
1439040
1929950
939150
2337140
2191490
1747690
2235760
1989290
987990
1563070
2058430
855160
2282400
2182930
885220
2000460
1933680
942440
811440
2083840
1694300
765780
921420
1702880
1363790
1008850
1478320
1489480
1022040
2087910
1200630
891380
1042600
1587860
1745380
843760
1327260
2305030
948370
2063010
1490910
979550
1109800
1905260
1367130
1195350
2433220
1370660
2008050
1540840
1243790
1038830
1085820
1486050
437720
438270
440340
444170
447570
448720
431540
446610
448780
445230
457530
458760
460160
461640
463020
463350
463390
464080
464780
465520
470300
417990
485860
774561
223810
779650
941480
486650
694770
92100
206690
357070
345220
680620
744400
320330
2370
586750
1097820
946660
2348100
2695490
2145810
1681010
2167040
1499800
1168610
2328760
361020
234350
218700
216930
208640
208620
208630
204440
60350
32140
32110
16060
16000
15960
15910
15900
684680
689350
667530
714010
1209040
1021950
745340
1437550
1147690
1321270
640890
1124830
1260810
1914970
1495640
1591290
461040
1026820
824190
788770
764030
743640
734750
712390
652980
506540
615610
558660
547540
542310
394140
510050
509190
502550
466910
464700
2311190
2132540
2383120
2168150
671610
2933130
1875060
1971870
1581480
879000
1522660
2001340
1148270
1711420
1229500
2158860
1519140
1069270
1122830
1425280
1447050
1447060
1689310
774121
979160
979900
1041450
1064580
1064910
1139240
1143680
1146880
1146890
1146910
1162760
1403890
1447080
1474880
1559960
1745220
1857580
1928650
1951970
2021280
1361520
1381880
1415750
1449380
1474850
1474860
1505430
1650130
1505450
1382370
1420950
1650040
2021170
1179540
1217720
1279480
1398180
1440850
1190820
1223110
971540
1505470
1560130
1619060
1635920
1863570
3418570
1937780
2453160
835960
2420660
553850
2417610
2178070
2386310
2287520
1636030
2511300
3065800
2443720
1540210
2305840
1298280
1603980
1709730
1494420
1553260
1206070
2287220
399520
1285960
610900
872750
1133950
661450
1644320
2156280
1096750
1809560
512070
854550
1300650
1304360
1488740
1449070
936010
839930
2183470
1624220
2173910
2074480
1714020
1286030
776440
2231740
988930
1703010
2212880
1581720
1417590
1185000
1365940
1755150
1081320
1671630
1388090
1891350
1208240
947960
892760
945820
952970
1696960
1067730
1172720
1063500
1654510
997340
1645990
861230
1139840
2220130
1237460
1655960
1728120
1811050
1693970
1264850
1633060
2297150
1234540
1447540
1191510
561260
708110
1033720
2119650
1933650
1855410
686170
1398070
1720750
816220
954760
1234930
2013580
2182450
748990
1186400
1085070
1200300
2233270
652310
2145230
1760080
1439190
1185330
963900
1543990
1691830
1004310
2146450
896940
1073870
2170580
2110820
441010
1413960
778640
1007240
2252960
980630
992610
881880
1702910
852390
710220
2092660
1084630
910260
2317960
1685520
795050
1833620
2095100
1607740
1034560
1690030
1627310
938270
1947950
1517230
1211180
1128690
1957910
1199140
1995870
2337850
2218300
1197490
1481700
1092850
1251910
2186240
1103310
1634530
1470660
811360
1760160
801290
1018950
951700
1165860
1918240
2197470
2120900
770400
1710890
1213070
1506630
1187840
794570
1163930
1962090
1359850
952090
2253940
1356790
1147280
1923720
1079310
2244090
1370640
1188270
807950
1209760
2158730
716010
867010
839890
1249620
1083290
2224400
647650
815830
1384460
1907380
1146170
1315250
878540
1530040
1315120
1206110
1384760
1779230
885290
2112160
916150
975120
1734990
2078510
1128160
2191100
1040810
1406110
1097160
1432760
1926080
2026270
2080240
1698750
811180
2396330
999250
1010330
1972590
1302240
2082350
2180000
2259690
2140850
1712350
1217830
1040240
1614440
1039880
1859580
1909080
743850
1343640
438730
739360
938510
1087070
1104250
1245000
1831410
1952340
2333430
2274410
1830040
2124380
2192620
2128270
2001070
45410
1583910
269890
731650
1255460
2705890
387370
474220
225160
2491640
1754460
340350
725780
1957780
268220
594550
2321470
1486920
2275070
1989070
2124780
2053590
2121980
2137700
1688350
2295790
1931770
2525440
2535810
2298950
2312650
1897480
2194840
2304790
2426400
2198940
2273170
2488470
1684270
2533180
2417490
2454060
2508680
2539420
2196560
1504250
2140100
603960
2497390
2008980
2517560
1983970
1763260
1849250
2218760
1103100
2320660
1879620
1517320
873180
2382110
2382150
2074200
2341860
2341870
2382170
2382160
2382140
958050
1704530
1834310
1144300
1675620
859960
879260
1727430
1778130
983320
2350010
1383060
297190
1310120
1110600
2268720
824580
1230430
1727000
1083300
1727200
1059310
1034130
2201110
850500
732820
1092830
814660
2237190
1626740
1371930
986280
370120
1719960
982540
1553740
2054450
1467830
1020330
1970460
1675050
1167490
843360
1514030
1298600
539300
856540
1620890
1536000
1486170
1274690
911760
1875280
1980400
2061820
1479540
1734230
1933060
1255730
867590
1985770
1390120
2431070
955470
924520
1404630
791960
1531840
955530
548450
787820
788500
2427120
2148740
1014660
2060740
1908900
2137480
2262070
2266320
1688310
869350
1581080
810470
1766150
795940
2172110
1319210
1700550
1443100
1277300
826040
919690
1067450
1724700
1387290
2280390
824250
2207970
1102390
1452900
2203500
1052550
436390
415860
399670
393530
299420
372800
351800
338180
323780
310370
1245540
1569550
35070
765410
497640
779590
1740150
776490
2212330
1056180
1770500
2233240
1378200
701040
1962520
1329320
2027330
2395150
1551590
1468720
1161590
1743830
1175360
1432100
1150090
618470
2106810
1815150
2785950
1154090
1413660
1132910
1274600
1807330
2132350
466300
3126180
1336980
1669980
1137100
1584940
2479230
1709510
640090
1847600
2077060
356280
38190
38180
518110
624950
846200
1679220
331570
269530
2441120
1563770
1416430
1281360
1275330
1096130
1197710
1158150
1144450
1071890
1074340
1071880
1066700
1063350
1059710
456690
2277310
2134650
2134640
2086810
1958460
1886400
1849440
1674980
1497820
1442070
1377420
1318130
1197670
1781050
1700130
1598600
1521920
1435780
1148430
2254910
1932230
2013900
1363020
2345380
1764550
796580
1025530
1081800
1418520
1431420
1413790
1431220
1428840
1404050
1389890
814510
1393270
1126840
1345080
1417690
1727990
1476690
856350
1987630
1305450
1758370
2236080
1397010
2013120
1158770
2493160
1434870
1782130
2305790
1408450
2376740
2345230
1486120
1752890
1689730
821720
904990
1028160
1192630
1668310
2381340
1837140
1715840
855010
1459570
1351980
1244520
1490880
2230040
1250510
2133330
301730
817770
864190
1194620
2010310
1202480
2164070
953560
970180
2017130
1499030
1444430
1623340
1683070
1131900
1056660
1065670
1512520
1263680
2444370
787980
1744420
1624760
2185290
914480
952330
2346160
799060
1515280
1568920
2440270
1581420
1446470
771240
2152730
1513710
1565910
1055150
1691170
895120
1216880
811250
1177030
2103480
1853410
1589120
1724980
2154650
2327490
1771640
850760
1561380
1088420
2150370
1945990
1964040
3530
11230
1486440
1620850
679120
1526360
1681510
1985930
2276850
1697810
1058550
1302090
1796630
2101710
1950770
2090160
2172190
2250250
2271380
1650590
2148880
1757610
1157840
1820430
2365470
1045180
231020
744390
1931020
2140510
1275670
1431850
2218750
434030
605770
1712120
2362120
2721530
2486750
3610
7530
23150
32150
18600
2751000
2022670
1979440
2107680
2157830
2165720
2312500
1218580
2506860
1413210
782700
1142030
765160
1257920
1024450
1627760
716610
1604540
2126300
1249170
2148760
839080
2129850
778140
2080300
1636980
2076510
769540
801940
1556740
844130
1308060
1091390
1369740
1500490
1492380
972430
815780
2426310
2266930
1195550
1661810
1378370
908790
1662660
1013100
1292440
956550
1998530
1136420
1693100
2153630
1944570
968430
1380900
1961500
2197760
1408780
1204750
1919090
1400100
1462900
2286770
1560450
1820270
1859120
1292410
777760
1227750
1014750
897760
1953580
2120830
950950
1567860
1811940
1042010
751980
1191430
1209430
1677260
1441840
1032750
870990
787400
1044210
1522570
1565080
1948650
845730
1078200
1724130
1415320
1366570
1138280
803270
1688240
1263920
2093420
2343230
1412900
850940
907780
1061420
945910
2226890
2113690
1849870
1793970
2105230
1154800
2131930
844310
1956310
1161660
1865210
1329600
1989190
1113670
982990
1025390
1757920
1234340
957830
971680
913830
1169160
934600
2367730
2248580
610980
2003660
1925450
809570
1863490
1532520
1511830
815730
1437890
1580560
1541590
1368640
1247110
1465370
896500
2468960
2076850
1196190
1069840
1776300
1306860
800910
1487160
2203490
603910
875660
1202140
935450
1465170
1622720
1897680
998470
1128310
1211370
990400
2098100
1650450
834150
1564920
776830
1019170
887590
1190560
1682200
1582950
952290
2255820
819640
1192580
881470
852720
2304230
1238340
2196980
1679200
2017160
1773460
1866120
1342180
2312360
882940
2274850
1906180
1181030
1778460
1860590
2226940
1029160
1039040
1536190
875080
1904650
1196160
1076950
1032770
486810
448400
416310
347610
347590
346140
1092510
1087940
435040
560760
1038620
1038630
1090390
1151630
1175160
394680
560750
765770
836540
836550
836560
1048920
1069460
1149590
1155790
1350850
1747310
1333190
1388330
1450050
1579780
1644020
1700140
1831320
2246330
2406590
1155340
1175150
1175170
1187830
1195340
1197700
1236450
1480400
1544140
416320
715090
666050
1070180
792160
1158260
2086820
466780
1182770
2019650
1059830
1078750
1048900
1120800
343390
397770
560730
560740
560820
615970
765690
1038650
1038670
1058940
1061120
1061850
1096950
2017080
576130
815000
503460
351470
365400
402980
449680
467310
473510
514360
524030
541920
543170
551500
552780
566560
575760
575780
576480
595780
607210
664870
715290
898320
1521520
280640
340030
1572040
1540150
1232610
2010740
1273010
1498600
1052760
1484560
791200
1539150
1251520
1746080
1820060
916260
1712310
1416600
2011330
2215220
1404150
1090300
1857980
822070
1551910
855480
1462790
1150460
809900
623180
2367760
1490330
1072750
949050
1541830
1477330
894160
1293510
840940
903850
1371700
831490
920690
1446750
1063080
1254540
1179750
963770
2216320
2327790
1362860
1353850
1208370
872530
867120
1592530
1628890
1349000
1252850
1362400
2050140
1003490
1166540
1609870
945810
760010
1145120
1331070
995160
833690
947600
918690
2287100
578420
1414490
1189970
1684920
2061300
1933510
545030
1179440
2226350
1666500
825490
1337210
1248730
1907150
1506520
1585250
1472620
1899620
715050
869650
878410
1008260
1430040
944530
1089290
1367460
966210
1983540
1935080
1472790
1870310
1179620
1502600
1189020
1723490
1685920
810060
1732310
880590
1152120
2409200
1045400
1142810
1069500
987240
1603200
916930
1456920
1599270
1384420
757380
1264590
2425910
1802500
1290960
1196880
1104960
2280910
1590380
1817470
806830
1081630
1396610
2193990
1320710
1694360
1384400
2184230
768880
1669350
1342660
999750
2337690
1512570
1612810
1414090
1183140
2019270
1786030
1362980
1975530
1153730
2009920
1620700
1731340
2177810
2365570
1053820
1984110
1390830
1371470
838760
1986230
2261100
1543120
1095700
2172090
806990
896970
2359070
2378190
1265170
1637140
1386040
1594790
1897530
992880
2127300
1501340
843130
1684860
1014420
1235400
917290
2340300
878180
819630
1820470
1847820
959350
1779720
1435980
2078070
1418720
1121140
2128040
816270
1476850
911630
1989650
1845280
881050
882330
2442060
1110640
1921940
1353250
1918520
1060360
2305870
1631830
773930
1615560
1699790
1210670
1435680
900060
2218890
1581940
1838970
1094420
988980
2183760
2010520
893350
2240130
2230280
928660
1765260
1305320
235520
893610
1731690
1567270
971280
1808980
1636070
2139480
961210
1738140
1606760
1941100
1416460
1296180
2205710
884470
1155490
1046070
867460
768110
1050880
1058560
1377930
1751700
1221400
1518610
2233900
1690210
1815020
1510780
763050
1972640
1131940
1001070
868370
1656880
1560390
930150
2228390
491670
851880
1674440
1193330
2305880
950750
1321890
1423280
1337590
949960
1183230
2399640
2255290
1551810
1456760
332070
2060160
2082580
1274210
2534620
2586820
923480
2557750
1161830
2183710
1053060
1255050
1028660
1491570
838840
1942000
874810
2205500
1367520
2053360
864130
989010
877310
622460
1057310
1262770
1239470
2250960
2017490
1405720
2051830
2238780
1219860
874380
1996000
1478180
1131780
1480040
1031380
798560
1747520
1659920
1519610
1594400
2016620
1386340
805920
1777820
1642350
1907830
2388170
1037810
1412610
1791640
946170
1465300
1336500
909370
1240620
1159450
2009770
2176320
848550
1571360
1911600
810570
1136100
865800
1232180
1601970
761730
1029760
2218980
980560
1271380
1790360
1230800
1068770
2181750
1891740
1599430
2194660
894790
1815260
773830
1160790
1811780
878160
2114810
928230
2017640
1776500
1431570
1719680
1584170
850110
1415370
956590
881970
1558320
2268540
690820
996430
1711490
2068750
1719550
1389580
1414900
2374360
1511040
1343410
1140400
1824580
926210
1432020
2197960
1062680
651690
1156130
2301450
2285500
1168740
819780
1975170
989870
2183490
845600
2205740
716100
1220120
1446980
1950310
1500810
2077940
1028930
2355530
1856040
1230840
1741210
2248250
1696930
2383920
1330160
1123030
1316560
1833730
1398670
1595280
1260480
1816270
1467200
1654280
2471900
2474180
1643040
2001300
843050
1072280
982180
858050
798380
1932890
1406000
1564470
1409180
2416550
1722520
1840770
1841040
608120
1033340
1804290
1147390
769390
1151770
1208580
1203360
1157090
836790
1375520
1943160
884500
1448990
961750
768460
1253570
1024790
828600
1468470
980850
1333350
1184210
12580
1309080
914230
642840
1225640
762670
1993910
959930
1878910
2107770
2002320
895430
1720790
2023790
1562980
2143340
1365560
1235130
1693360
1361190
1619450
2016230
1747080
1599220
1246600
1824260
1183080
585260
1151940
1007520
1532460
1471900
773130
1225660
1734610
781920
983670
1507990
1086900
1778110
816190
2003200
1568280
821800
1007180
1525420
1361200
2153590
801780
1655970
1479940
1760320
1493950
930780
2496830
974430
1106530
812450
1771440
1149220
1904590
1819800
1217580
1379660
1716470
1587810
1204480
1596820
797640
1124960
1708750
1979700
1227490
1015580
2347030
1578500
2091640
1650670
926470
1973230
2072550
1118700
1987450
1145030
839530
1726760
2219810
1589720
1253010
1305570
1487640
1025320
1909800
1389560
1341310
1250520
1161210
965510
899270
1691790
1721480
1335050
2215340
1755990
904440
1622560
1098490
1219450
864480
658330
1588060
2229590
857010
1997070
1158500
1682920
2236860
545750
1565870
770490
806600
1729770
1992210
1275210
829630
1598020
2460570
2181990
1088830
1661690
1273390
1508490
2272710
868550
1774220
698080
2502980
1201620
1695500
2174180
1715220
1047090
1726970
1503180
851040
1287000
1845610
895710
1079550
789830
1385840
1409700
1126440
810450
1093850
1983670
1061920
1305370
973090
946790
1713340
1160870
1305610
1469230
816380
1635720
2075960
2331680
1136070
1979160
811040
1134370
2196850
917050
1122970
672040
2173750
1433940
777410
1586890
1565200
1256520
488020
1389730
1073820
1348810
844300
1814010
1590180
1420830
1549980
2241970
1429780
1740990
1655250
2158900
2009860
1655940
1170350
878340
913180
1326870
857130
1926160
1226940
827590
878910
2174600
2069220
1004180
1375760
1618140
1483400
2083790
786080
1546060
866780
2267450
771010
2385230
954070
1236190
1449650
1694320
796760
1309850
1104340
821330
886780
1624380
1641230
2077990
1546630
1251300
1572420
1069390
2476580
1681310
1949420
1206920
1047720
2250170
828960
717940
1792890
1588940
1729950
2432030
1179310
1340730
2323370
973170
1082940
2254430
1538770
1543760
1678100
2284310
2485660
1126590
1136240
1981700
1934660
931140
1591300
1939570
1310970
1345240
1452770
1103050
918620
1864650
913420
1139490
1848730
790790
1319290
781670
747240
1038280
1804870
1509640
895000
966460
1516550
1411660
1429670
2285120
2000480
1710310
2151700
1018420
774261
924070
1694450
1639090
1552130
1869510
888070
2307250
1716810
2113630
1778470
1499780
1633260
1313310
2095340
1236330
2211150
1891430
2412490
1093830
856110
2327830
1801190
958130
1174270
1810430
2159020
2335690
1328220
1292040
1334800
1663170
1750710
1755130
823290
778050
1786640
1411920
1612380
1213000
1689550
2170240
849680
868430
1303210
1427300
814990
2429590
1649030
1261820
2448760
1439100
2276060
1200420
1533120
1176000
1424570
876100
833010
964110
1624140
754640
913010
1020480
1933980
1859890
1078320
886730
1551150
1067350
1229720
870400
1410140
1065160
2412730
780000
808980
1475890
996050
905870
1592610
1560100
1044750
1622270
1027530
1901730
726510
2164280
965970
1585540
2495050
2128750
2156260
1006190
1707880
1661580
1677570
904550
2108420
1088600
1308220
799890
1200430
2063710
2266720
1648050
1352870
1787210
1885090
1147370
1475350
792760
1003650
870190
885630
1483540
679410
1429870
2382730
1556670
925670
1476800
1203030
1913780
1504200
1281510
1346420
1778720
1565880
1903770
1632810
1233780
1244470
1357230
889280
2011310
1803170
1963670
895470
1930340
1723400
1255420
1400630
869110
1132090
1710600
1282500
1600330
1381980
2211870
705780
1926440
1333380
1437170
1286560
1590790
1390490
1105870
1312290
905390
1375000
1553110
1162330
678930
1894760
2251580
909780
1132760
875610
1131920
868460
1804280
807830
772600
1434350
1958400
1181520
2366080
1978610
1055240
1524020
1811400
2099030
1432260
783060
1987900
1648450
1589670
1663260
2148370
832710
1850240
1141360
2263970
2361940
2083640
1557670
1201770
1111410
1329540
2397110
1706850
1033100
1729170
1024670
883960
1343970
1218460
1763540
923690
1978330
2110600
1755120
791490
1616210
1476520
2090140
1189250
1990550
1487650
1177070
551130
1034200
2386350
898810
868890
1207770
1063850
2011410
1593180
1001640
1746130
1778120
957280
1764410
994450
1591520
1288020
552400
819740
1305720
638510
922550
1644500
812190
809440
1741220
1335970
847900
1728110
877260
852650
1311160
1839590
1172760
1184990
1764000
1804580
2158880
1214760
1609590
1660910
1688980
897690
2001220
1096650
904340
1557300
1408260
2058370
1848070
947470
818440
1387300
2018990
1218140
1151860
2177150
1534850
1743260
1981010
1725440
1612960
2142540
1660040
800240
845480
993890
1765540
2285400
793400
812850
1067850
993370
2497210
2225370
1131410
1382530
1807600
834100
2249890
512680
875790
1696030
2449680
2274160
827640
1098040
2012650
2517910
1694620
1826480
2123690
839730
1410210
1105710
977180
765010
778760
2177620
1436210
938480
1258870
1639250
1610140
1209200
2248590
2277790
1193120
1545280
1770850
797610
1764010
1303760
1730000
1496990
769690
802920
2383620
1278960
1404190
1260770
1179460
1312950
2077720
1451300
778850
1322170
1341220
1807930
2085450
1602880
1965940
887280
1204940
888710
823740
1494720
2064090
1685020
2002510
1736090
2312030
916470
2478260
900330
658360
1331510
2141600
1395900
932560
867620
1727620
1198390
1559990
1344530
2245730
1156470
1170910
745650
1011760
2107470
1191190
2186740
2443360
736930
1038810
1015790
1739130
644580
1024690
2013420
1515990
1445440
2388680
1479170
1519900
1465860
1125450
878640
1340920
804210
1253610
837780
2176640
853240
970620
758880
1044300
1072720
1069210
1436220
1332490
1325380
1609600
2442880
1443490
1596440
1154720
1412630
846530
1647200
2358910
2459460
1127920
863810
1283810
1089100
1408480
1342600
1104510
1193780
1518200
1026390
1672780
1902210
1309940
1499210
1322520
1370630
1881340
2287990
1607280
895890
800200
1957860
805320
757810
1056420
1857870
820760
1157360
897360
840410
2193410
905790
1947060
2076430
866500
2477200
389940
798200
845650
599070
1684900
933630
856760
1393490
1361020
2085910
1890590
1304640
1775110
923130
1578950
2026080
672310
1505570
982440
905070
2310180
1935460
1743050
773360
898980
1355360
951640
1788620
2004430
1194160
1980890
1967450
1345040
811110
1303740
1308760
1202510
705510
1520660
2007850
867700
969530
2018610
871280
1921760
876560
936700
1465590
1468430
1501320
948650
1653860
1365140
2222250
1344110
994020
1709460
1451990
1346320
1513110
1500620
2349910
1214150
1041780
999310
815150
1888120
1713530
1126060
1675500
1037340
864880
1933990
1054500
1920700
1795470
1872500
1397270
774451
1677380
1588110
1309430
2280370
1489680
1415200
1880180
1142760
804130
1511130
959730
1194170
1505390
1455720
2072580
2231850
1751710
1848640
1185570
2235670
1204720
905010
800320
1102040
698410
876310
1156320
1651610
2114430
1709030
1248350
1728300
2326690
816770
1024720
2106910
983650
1550470
815420
905590
982350
1260370
1023970
2324340
2241560
844290
1587790
991480
1182090
1156850
1739850
656380
956200
779620
1000600
1178120
1244210
1815110
1369400
950570
611390
955060
2074690
958510
893590
1141650
884590
1140520
1010520
839460
986370
1943370
1417540
1355400
874840
1851120
843780
1355390
778470
1345150
1564080
1713660
1690390
2083920
871320
1028330
898250
1716590
1074220
1982130
2098370
788800
827270
1644990
1386710
1666320
1373920
1399650
2458940
1279260
947300
1745740
1463210
2016580
874130
1979590
2472570
1682530
1824710
1205690
840230
1755470
1593280
1837630
1394500
1426480
1380210
2123550
1646820
1913720
809320
2369100
1079050
1393890
1778210
1752850
1546710
1543290
859510
1533780
1060370
1828090
1755980
2235500
813730
797090
1388150
2485070
779550
1134530
799270
1595270
1289500
1976230
1097470
800330
1786110
810760
806330
1653420
837280
823330
1564580
2092520
1535660
2430740
799120
1212300
1862270
737840
1586350
1479530
1679530
1989100
889330
1685730
1625440
1819630
852450
2098950
940590
1245600
1517490
2287760
781610
2333820
834930
938640
686040
1048850
2437760
2381050
1720200
946680
1819250
964460
895670
1985660
1969820
2311950
849030
1607240
1599860
1582130
595300
1158900
1612550
657510
907270
1605190
880780
1736850
1125800
1384090
2074810
1556960
1143170
937320
1848840
1894980
1591190
1762520
769060
753570
917000
1084870
883630
933230
2350370
1288420
1222830
816870
2261920
2226800
2513810
1577810
1265580
933540
979350
1283220
1483130
1654920
1102230
827540
1669490
1385950
2275970
2478140
634090
2499970
816840
1639760
1653100
1566150
1576910
1373260
2080280
1276370
2147370
1223550
769580
2242610
1408110
2068370
1686680
1907280
1414920
1064900
1466010
996170
1444700
898790
1288930
1891140
1098510
597730
1690250
1013340
1344800
1372630
1930730
1706340
1678630
781310
1049030
1998980
1188630
2134600
1468190
1858240
909100
970550
1554340
1461500
1386160
968320
1895240
1057120
1119710
1218200
1881850
1158390
927190
1266690
1749020
1540910
1667440
1039580
1986980
853980
1079870
907890
2092750
852760
1682420
766850
1082760
1562040
1049820
1485980
1017240
2261410
2237230
1407950
2128310
1466110
1674240
1572340
1292750
2230210
1379510
2353440
1110340
848260
1254110
1167930
755410
1076280
2061150
1485280
1788100
1081890
1335560
786800
1256060
1530290
1477860
1584320
1358760
2264140
2199440
1219910
1070440
853290
2259340
1987750
2207750
1375690
1225600
2183660
918990
1061180
1185960
2147640
1570050
1121270
1142550
1019940
1706060
2256220
1120960
1749260
2299470
2193100
2201260
1127030
1535790
1488640
1237890
1921200
1625960
1220900
793360
1416770
754110
1844990
1709090
1460250
1608270
1124800
2396830
1012970
1468750
1642940
772680
2261650
1243360
948120
1496430
1188490
857420
1489900
1238220
2409970
795550
891330
803220
1163990
1487430
1567400
2081060
774891
1728170
1798310
1035500
1178380
779330
1969280
1154560
925700
1021230
1171160
979590
1081590
1754200
833800
1185370
880270
1315910
2327200
836110
781490
1734890
1210410
1734790
1649740
963050
1220910
811890
1455380
886470
1790760
859570
1112700
1150890
2499880
1927480
1519620
791020
712890
1097340
1191730
1640210
1571880
946460
1462600
1111100
2084820
1128570
1153430
1163150
823280
1231760
1049070
1296450
1286010
1556150
966010
1699130
811860
895580
1187950
993530
2163030
2472870
713060
2141100
1050190
873790
1514000
1218090
1117120
796140
1893020
1009940
2138480
1470910
2255490
2348260
1848680
1253650
1987590
1723560
935950
765480
1326220
644890
951740
2156380
2190690
1785510
1124630
1010590
1708580
1211060
2196140
941350
1356800
1737220
1073900
1036950
1540190
933140
777660
1156680
1013430
1495920
1517520
1822530
1255740
1761450
1589680
1422780
1605690
2124650
1482880
776790
1256500
2298730
874450
2485470
898000
1507910
930630
875830
723180
1000810
1133730
1346700
1228730
883790
2227340
1163730
1588580
1305220
1583000
1388400
877270
1734900
1907430
763200
996380
823550
859090
1291370
1642130
1171130
1770550
1085900
816760
1420980
2205510
1408100
775490
1173700
971500
1031910
1015710
2261660
914630
929850
713930
718380
1436490
1461020
1571730
845840
1263200
1790960
1788800
827940
1193550
1312420
949860
740790
1000470
2101800
1012720
1043800
871410
1497710
747320
699180
1499710
822130
2336590
1225920
1921270
1537940
1312380
914090
1449630
1544530
1382790
1153980
1095200
843010
1717260
1041630
1659490
2294290
1216930
671690
1609390
796650
2177490
2233870
978970
1300200
1118470
1394720
1736550
864370
1117660
2222370
1214680
1448630
2326720
913440
843930
931430
1680700
2221100
384230
847810
853210
863640
942310
1365930
2087360
1687250
1811740
2096680
854190
1567050
2171980
1636200
955670
1088440
873210
2072480
904770
859530
1798290
1321400
2195750
1462680
1218310
1145200
889520
2092180
1214330
973800
990260
2390030
987250
1385740
1864070
1732220
1214540
1641060
1428570
1081040
2023070
653850
1523640
658090
1599690
1020250
2435590
680390
1018130
1807560
1580890
693070
1094730
863840
821870
1114830
1328750
1513460
1413440
1560750
839210
1846370
1593750
867080
1559500
805660
1190690
1230640
1158910
1447070
2015110
1881270
1054630
1538170
1797630
1969460
1212400
1870410
1557400
1201250
1249390
1277190
1051470
1568270
1595290
1080700
2200420
1656900
1582280
1126260
2268050
1052030
831100
1573160
1441790
888750
841470
1315640
1497510
915270
1692210
1886850
1221430
828160
848960
640160
1856550
1202580
805480
1093360
1172220
1105530
2018350
920510
2155650
1439030
827100
1313470
1519040
1742060
2143140
1745650
1486890
870750
2097100
2277050
1266980
1369560
1863370
1374280
923030
1352000
866420
1476410
1508450
1949440
872690
906280
952140
1625720
1258830
993490
1485250
1057850
2116850
1091180
2363670
1297470
2176790
2312380
1549690
2124070
1623850
1828220
941320
1990620
1428560
1276530
1802870
1293880
1799650
2389240
2013030
777020
847860
1198270
2192650
1376300
1506410
787790
2027360
1098670
879410
1231180
1819660
2337450
1430100
1341100
2246400
1065410
829040
1166310
2180390
793260
2388360
829750
570810
930030
1796180
2274700
690420
2206960
1730100
742970
2005800
1601380
1585640
800120
2103940
812870
1131690
2202710
875430
839340
1286600
2346580
836350
2169230
1254440
2111520
1238970
1520280
913270
1973370
886830
1113850
813970
1737980
941160
953240
906450
1466090
1471500
1194670
1150730
938960
1117880
1722410
2060670
2010720
1626410
966020
929120
765530
2076800
1475960
813240
1181280
2149690
929870
2166200
2442050
1624980
1572380
1998300
2322660
1942720
1351250
1787980
1306020
1415020
2267770
2304450
1951680
862580
1087800
983040
1379470
2226960
2447720
2356450
981260
877460
1067310
1925330
971480
1162930
1033960
979080
1283880
796910
1968790
1522690
892210
743990
2441090
1677980
1810610
2143170
2096580
1273920
1189060
2020080
2172630
869600
1175050
790610
1594420
879450
1055430
842130
1120420
1311310
837260
1551830
925520
1673600
860070
2205670
848500
1269150
1318730
2124670
776290
856770
2328960
1011740
1262060
2431940
2111470
1807410
788910
853260
1431690
1436910
2101330
1139950
2072170
903620
787950
527260
1998470
1566740
1480010
2439510
2307080
2392040
1697560
904310
1040190
2199270
1230500
1098840
603000
1336130
781930
1169870
2369400
2151830
1721890
1105490
887300
1595000
796030
889970
966720
1841060
1042900
1819620
1683670
1504220
1538680
1106790
602770
1673800
1137230
2249950
771570
1023280
2408270
1510800
1047160
1466950
803850
1380470
823510
1379870
1648000
1534270
2270970
910470
1507630
1882550
1358770
1290770
894460
1266900
1778520
1582510
1030380
1398110
1742930
2095290
981600
1529410
815070
1258960
1884390
1250960
1006250
866510
1189380
2222750
2427320
706960
1136730
919890
1269770
1164040
2330600
1578080
1575540
2095250
1268280
1566600
1878210
2073410
1587180
984590
1762720
2195560
1570120
761480
1131810
2131500
604990
841830
1341460
1445980
2364050
1257200
2140900
1954050
1227910
1026400
1997520
1507860
2339570
2124570
1690650
1422820
2422090
1117810
870030
1369870
1005470
1576510
1506300
2124660
1637490
2173800
1414380
978120
1921080
993870
766730
1113310
1866990
1213570
2057420
1348520
2423090
1454150
1102940
797350
1237240
1338790
702340
1447310
791990
1508000
1240630
939410
1286980
1719000
1185340
1031630
1254530
1130880
1708110
1972180
1488020
2382280
2027490
2528840
1143320
1030330
1221650
905880
2176400
696840
866200
1139160
1400170
1497520
1659340
882560
1004230
1051920
1870280
1607400
915540
2013720
881550
1038410
2191460
1325910
958490
1698350
2125420
825170
2252170
761660
831350
1965410
1269710
2190880
799730
1393560
2073900
1036460
1475160
1594290
1382920
943390
979090
1576060
1513090
797310
1164910
2167880
791800
1355450
961220
894740
1219980
922090
1136250
1473650
2268250
981670
1032230
1448880
906190
1008030
1865510
2518660
1881250
1416700
1054250
1443820
2109550
1334590
1221830
649730
542620
1858940
2149560
1519420
1867810
856210
1273540
1261650
1157350
1699380
1176460
1585340
2119370
999280
1192840
1227580
792350
761300
898340
908310
1094100
981850
1506900
1024850
1650550
1218850
1406720
871570
1678060
2188520
1128800
1261990
1591470
1350240
844970
1046470
1699660
788510
1520690
1332620
1036850
687340
1012790
1639990
1719140
1254870
967250
1618450
1507890
1830240
2244330
1865340
1177970
2260030
1190840
1439460
1119070
1395310
1682620
1251330
851950
2063240
1998100
792900
1694110
1663390
1114700
1070820
787200
1945780
2435890
1827720
1215700
1805100
1060060
1417720
650600
1019150
625860
1407050
759010
1397850
1262190
1816900
1203890
1834550
1955700
2182710
1822030
1504840
775220
1406140
774711
1870570
1449330
1199610
1101780
1466490
431280
1897130
1844190
1386950
1157980
1740180
1366810
1424300
944910
893840
1814950
914850
2321690
1399460
1422910
797200
996000
786420
958740
1616110
1549220
916950
2253730
1960970
1015940
787070
1215830
893960
2189750
1188100
1027960
2005790
1485080
1007200
1447640
1416520
1622030
1669820
1383120
1518000
847600
2069090
875500
2165600
786640
1291240
1484600
1025460
838620
2277780
893060
1043450
1849380
2078290
2096980
822510
1766340
1528570
931090
904430
1557510
2200400
1226250
908270
841300
1422880
1709290
1787100
1147110
1509850
1453940
2168610
2143590
1765130
763520
1415500
1660860
1565970
1502070
1865700
1026160
1011310
1017370
1100270
1514360
1261760
1162180
1279770
953610
814010
1455930
1992120
1068070
1979480
1688200
1493720
1012280
1018730
1776350
1583590
1248390
1850860
1149910
925070
1151500
1015930
745130
2270990
1118070
996920
2163890
1749300
1438260
1249010
1557180
671100
1380290
1614500
892490
1264050
1008020
1067460
1431020
1063110
1419740
1836950
1821800
1548820
1831400
1076100
1215380
1130590
1016820
838730
854250
1040460
795310
1936210
1541020
948240
1295030
1580570
786710
759440
1427770
1052640
2145300
1416260
1931750
1629550
2325040
1847950
2013610
1758030
2221620
1243140
932210
1649830
1108030
553630
972280
778930
1394800
1730290
982700
1997190
1796610
1651000
2074330
1417090
2090040
926730
1097120
1888270
887660
1599680
1185820
1003940
1769740
2133100
925540
1340870
921840
1313580
1904310
1596980
2016280
938870
1011440
1141380
993290
997870
1169540
1385540
1599700
1048370
794180
1351870
1420960
802810
931120
2265650
904800
1272050
1825690
1135370
1785800
1800120
1319790
1709350
1036900
2180060
820950
1312070
1856110
1801620
1150800
819210
1217870
1479310
937960
1882950
1736310
2263340
1721150
1177990
1037600
1002440
2133930
486180
1778630
953870
1064660
911240
1437430
1337430
954400
1337270
1360700
610620
1041940
961640
1496510
793480
1981190
958310
1480630
789260
1344600
1801470
1692290
1116030
1020730
2145320
2147050
1352050
762110
1604320
2128300
1605580
1820930
807960
1862220
1443810
1028990
2095150
1386460
898490
1039960
1262780
1237120
793940
624460
1091260
1578660
562350
1635790
1777670
1557100
2099440
1724510
938210
1059230
842770
1986370
919560
1887000
1750330
1406930
2085360
2015280
1577590
2533320
1178710
1473820
1098760
1096420
668590
830630
640290
797340
2050530
957510
1307560
1328510
2172420
1332970
1137020
764780
1217370
2001360
1785260
1924170
871670
786330
1784550
776080
297490
269810
1133320
1528200
446540
2183690
1305660
1377970
975770
1994540
1144910
2160230
2068690
1274300
1027710
2144830
2502730
2231890
1016600
555310
467440
905350
1699870
1261670
1172950
954710
2215080
1081490
891240
1767760
1468040
1023310
1887050
1334910
1853140
1004100
1071260
1267950
1185360
1087810
843620
1443910
816040
1729420
1496620
1091190
2443780
770900
2115400
814870
1485230
923630
717850
917900
748650
1392790
837600
2272090
1157320
2062820
2170090
995900
1608310
1043500
1727220
1588950
775310
1643660
2341030
860000
778000
1155830
2293480
2346540
2009850
1646200
1747790
2463930
1330920
1190180
1278390
1581820
1666260
576430
841020
936610
833260
1692310
2128020
1404960
1418310
1081430
1886930
1262180
1419760
2375540
697900
1562510
1087770
2416370
1396260
2323580
1475260
1090060
2566020
1248240
2345050
1228950
1840100
788410
533740
1714960
809070
2173700
997310
1029100
866950
892020
1585030
1421100
1853990
2379030
1302850
1929200
2210210
2015360
2205720
911170
1594950
1177350
1644840
1107040
933930
893940
1290260
1994380
1552600
936770
1625700
1514660
890940
1738850
1097870
849870
956480
915300
814190
1514920
2005370
1882780
1180970
838100
1245350
1897720
590800
1435440
1716650
2002700
839920
2154250
823040
1142280
1498220
1433970
1829130
1684240
808100
1369720
2280460
765710
724630
1306580
2091190
1589770
791620
993650
2164080
1245360
2119210
1509670
1666310
2318760
2021540
1189120
2096670
1591050
1061360
1535880
1416340
1113640
1700600
2310030
1210880
1044070
1640030
1869870
2025650
1457840
1730630
1681920
1276590
1281810
949170
2100040
911500
1606140
1985150
1212740
806540
941000
1582850
1680280
1516900
2316950
808550
1383400
1320950
802550
747650
1031480
1517140
1661130
1311690
1027810
1314270
1701190
2385350
2240910
1892890
1857840
1193210
954720
1126970
827780
1741620
1706240
1759580
2382600
1079450
910230
1413890
2015140
2178970
1417670
864360
670330
1505240
2197950
1046330
1651860
887720
1753410
1487360
2417790
1470060
1801860
2345630
1694290
2182850
2166430
971610
1307200
1393770
812740
1683580
882620
1594560
1732130
867660
2158650
1359300
1645980
1630630
1380840
2414710
818890
1359760
1593860
1975180
1796450
1334580
1309730
953900
1166740
1002630
2214760
1550730
826640
1446930
2270910
1068120
1761530
1108660
860770
1031470
877150
1469160
967970
964180
1497650
805110
2282690
1729290
2222970
1099460
2248350
1576750
1309140
1322180
1950650
2429720
875670
1432980
1076880
1122930
1361500
2259080
724920
788890
2108950
1002920
881620
1712950
879600
866730
1956670
2224660
1293900
2078360
1538900
1758530
1001390
838750
1414270
1483890
1803960
868770
797420
1182070
1819950
1769280
2312960
1805000
2344980
1720740
1983060
1258040
1675760
1424050
1091320
1281380
1937550
855190
1885130
600290
838430
944450
1848870
1740320
1806960
2163040
895210
1088950
2200330
1275540
1041100
1504010
932940
1325370
1072610
951360
2120750
1068700
1187490
1830450
2252790
940850
1045930
2347530
1511650
1111370
1087020
992870
825610
826460
2361900
1017650
2178330
1057730
1639130
1460120
748020
1578110
964810
1005060
1751310
1295760
1211160
1064590
1460290
1364010
1995760
836590
1853390
2320990
1826640
1186160
1691510
1937620
1442360
1027190
917380
1542110
813360
1728590
832690
1240690
781880
1062050
1952630
769030
979330
2081180
2136320
994930
2013670
1518430
1307370
1305940
1519550
590670
654890
998830
2356310
1825150
856420
934800
2012070
1817200
2116790
1122760
1825910
828860
1087060
973720
1260840
1274550
2316900
1693620
1599210
1462550
1728010
1064990
2481790
1548400
1711620
987660
603460
2131050
756340
918000
2150180
1421630
924040
2303500
860790
1121490
1998120
1222260
1787160
1513690
1584200
973690
1097600
983840
1207390
1531070
2163450
1279270
2231730
1037090
1191450
1879100
820090
868230
1458390
1163960
1245660
1371090
1768260
1976650
1839050
1011290
1572180
871640
1151600
1055000
928520
411550
817230
907000
469800
977290
2250820
685330
835600
1412680
769590
1023720
1285440
1171140
867110
2495500
2058120
2452480
1070690
1860760
1630690
1052590
1643170
1702970
888690
962510
1089830
1511610
1153700
2054200
1278880
2076390
896550
822930
901776
1336700
2022330
1034060
2279420
1532650
2473210
1247040
2181730
1842390
1713720
1697050
1137110
1793340
1505770
723350
1805310
620070
1416720
1182530
1192070
541910
832430
956540
1167380
896700
1213650
906370
1688270
773390
2346510
2203480
960660
2375840
1075790
949520
778770
1080780
1604690
1456200
1702140
1286670
2282110
1927780
1563820
1573090
1065230
1755880
1673920
1611860
1522490
1184600
1401170
1673450
788050
828440
1092060
802650
1352520
1645940
958980
804700
940520
1639190
1047870
929210
2433830
891870
1366680
694070
753230
722210
1841580
1418020
1881420
892840
1299370
874080
796370
1379830
765320
1449720
788150
2252970
1852090
879620
1994220
1699780
1162820
2330970
1371040
1285840
2064380
1623370
2373850
843270
999560
1419580
2507710
2357040
1462580
2080880
809490
777900
1274380
1489130
774091
1691700
1411200
1667540
2376390
1241230
1647110
965470
1186940
886020
771670
2341780
1096980
806360
1630910
2210630
1807140
969060
1832140
820580
1482610
2053580
1627560
2169460
2095740
1478780
1693900
1436040
1283860
1537090
1432880
1204710
1165910
538900
1846890
1204370
1773390
2331000
1455040
934410
1747850
793240
785690
1098940
822150
801330
1814980
1475600
1335500
1128610
2481850
2264400
2050960
2419120
2529230
913150
854500
1179560
1485190
1155410
1281080
2102480
1829730
2276550
2181980
2130470
671920
1068100
780320
1252920
983640
1186320
1823750
1744400
2274390
1486660
976120
1758340
1426010
984810
1144140
1694180
801280
1916660
1931960
1107920
1965490
969880
792650
373640
1614030
2187840
1923060
786100
1190990
1440510
831770
806000
1551820
2080160
2177040
2251410
1040910
2110700
968790
2349830
1040000
822910
1618910
2061510
1009100
925050
805790
1220690
2381170
976160
1097180
1796210
1385820
1766690
819370
1437120
1119060
1548920
1547270
1389880
1651940
984830
1300000
2019020
1384530
2179660
1078770
679900
1803510
1027700
768800
2209760
2126620
1333920
1567580
1098750
456180
1878000
974150
1202100
1439070
1964870
1913190
838490
1374940
820660
1803160
847800
1454320
1126290
1138300
1564700
765060
1239990
2303570
2063000
1970780
978920
1980570
966730
1365720
1148930
1522350
2101560
1511270
2353730
1035280
1220040
791430
1479390
361790
1364240
2320570
1107060
1474000
739170
1486870
961870
1689350
2080970
1077490
2088170
977450
1241500
1651850
853760
2329980
1046670
1728130
1303440
1522960
734900
1587390
1583170
1164850
1271030
2077100
1351820
1146970
1405260
1690640
1506400
1573790
860530
2156150
1086970
921500
2442230
708100
624320
1192950
1591140
1713190
899180
1765470
1731730
990360
1822500
906660
830470
1231130
1080440
1467360
1150900
1229200
1230570
1460670
1699740
2237980
1103070
1801000
1045280
974110
747280
1382380
2162510
1111310
2183170
1255130
937070
1635950
1531040
1085840
1152570
981080
1918680
912790
1299430
2080980
2217420
2090180
2006830
1731870
1852100
715210
1466260
930300
1391690
1271300
1383930
1361180
2237690
1225680
1983010
696860
1150160
1527500
816180
1609090
2465670
1784100
1469450
1361240
2174030
922050
875230
1645270
2006070
1725480
828950
1147840
1563100
1093760
1824960
890300
1584630
840020
2074310
1162630
800710
801060
1521490
2122170
1463030
594040
1103930
1348160
749880
962970
1686060
1509130
2152000
847940
1601890
852900
889220
1023610
501850
2011130
861940
1809730
384880
1279000
1887260
1385830
1743460
928130
1200180
1822230
1460000
1167460
810220
2100460
1433030
2008870
1016970
1191420
1441760
1655550
2448810
2135990
2275230
2493560
1602900
1214320
1342290
685770
1019450
2423320
2271180
1221510
1569340
2214750
2244570
2506470
847580
1029040
989080
812170
1990190
1613950
786560
839850
2130940
887750
762080
1340600
874060
1070240
2140000
861770
2284900
775530
609720
860590
980950
1582720
2054740
779870
1900930
996730
893470
1343260
881090
1092300
1314540
1364430
1116670
2227130
752600
793820
917800
1225220
1312990
1252160
2190190
887890
905150
1400180
873070
1129330
1573620
2144350
2440730
2013740
1157010
893050
842470
848930
2148320
1489840
2051440
2258040
1385260
2176150
2382120
905800
922510
2095870
1000640
1688460
981280
1065350
873250
1249780
1311930
1853790
797570
2018490
2009930
1486860
661190
1520500
983450
1950250
1397110
2142810
1146390
1117490
727010
2303360
1002980
1542290
1423610
1296280
1149080
1527170
2240410
1136830
1637300
1032070
1748240
2507750
946650
806580
2299890
1173260
1237210
797190
1091590
1465510
877250
1314590
1573970
1011070
886610
2270980
1710870
1120240
1995730
2431830
1745370
778260
908950
1202630
400280
1344820
1641890
859920
1401840
1231790
2151710
1272690
1469550
2007030
1426540
913120
1732050
1131750
2119490
883000
824260
1404980
1667180
1714100
1987160
1753530
967370
2192480
1507420
1023090
884530
746270
1892240
1642820
874090
2098600
1836280
2322720
2144470
1052660
932150
1838340
910660
867580
1009690
1447600
1879750
1052010
1679740
788010
787300
1461630
882700
1251690
1534860
789240
992890
1115030
1178680
1609860
786990
1463140
993220
1367680
776580
1765060
2074460
1124990
678830
1410790
1923070
1849270
2190470
1209360
869120
1981350
1378500
1855750
2141090
753980
2208060
573750
2126980
1441180
1631160
1297370
593060
1907900
785920
916100
1573080
949370
997180
988110
979100
1951660
852160
804970
1276850
782450
1884990
810660
1258580
1634190
849360
2064110
855940
833510
867130
944220
1658960
2138920
1201800
1465480
1858260
1430120
1299580
1860150
896070
908840
1453450
1478030
560840
565080
697160
2395940
1019070
1740380
1948960
2292550
381550
2093330
1504030
820210
899530
1372370
728830
1541040
1252040
1655090
1913200
2013880
1201810
2211640
805500
1489470
765470
966580
2154990
1083190
1709000
1495570
1250440
1838070
2252850
1740570
1535040
1685010
1420850
861860
1188290
907620
1646880
898680
850340
2158620
2065000
2427910
1353050
1647940
1375230
2089460
975760
1090650
859380
1239660
1887490
1417500
819080
1047750
2109570
1491510
2113490
1906640
751400
1928350
1068410
965710
990110
773240
2108060
1221460
2327910
1941000
375570
1930920
806970
1217490
1379960
1048830
1876750
1660500
1710520
2368260
2260260
2091830
1468160
2018810
2006700
792340
2283050
1070410
2117960
2013640
1216870
773170
2199610
1996810
857540
869010
1253320
1486200
2256030
846020
788190
1814170
960550
1636730
1238620
1180530
1674880
2302140
1594340
1550100
1661920
1084080
2176180
1160800
1574620
956400
2138010
2361360
1957080
2064970
1588460
1387410
1663270
989160
1968330
1048960
1298050
1574420
2300280
1920270
1074820
818240
1337600
2057720
1551240
1310520
1077210
1396140
2226660
1543460
1444860
890740
1657780
854120
2072190
1322490
1575330
2069420
1564850
1482530
1101100
1867590
1564930
819660
1337710
1370710
1337340
2462600
842250
968410
1047350
2267830
1740170
1747210
536900
2369480
2059740
1066230
1831530
783050
913670
871710
969950
952230
1688320
2160240
1682210
1612020
872820
1465040
717310
850250
1362780
2269380
2021410
786570
1767910
942270
1896610
1887250
744070
1171110
913000
821790
1471080
943230
794530
1023150
1998130
1249700
1998030
1309200
1831930
1819210
1208770
997720
748120
1751070
790780
1949750
754620
1866460
1066470
1452020
979740
1014550
1196550
1162350
1028520
1585370
1107940
961860
955490
957850
1449470
2098330
1498740
1210970
1555880
2226550
1105660
2054620
477190
2390220
616700
863460
2332130
1656240
1098980
2312050
1871160
2225430
1581310
1639530
2089110
1489300
787960
977540
1169920
1240290
1921840
799420
957440
1693260
1585040
2106760
931930
1923080
882220
1371800
1047320
1397290
1829200
1768920
1028550
1118570
1017750
850550
1413670
2012100
1401620
1834000
1939790
943640
1519650
1532760
1216050
1678520
2345820
913280
958960
739050
1272030
906160
1625130
1971380
2157410
995930
833440
1600720
1899210
1641080
802530
903640
1611270
2271190
1229450
1698040
775570
1217550
836870
1987550
1287260
1325270
1525970
1568580
2160710
762610
2101620
1053040
1969910
944840
2464090
2372440
1477320
916540
2370640
1500830
1713990
1285160
1880840
2004730
2176850
1813330
1543270
2159470
984930
2320280
855490
954420
2334480
1005250
875340
1547340
1969620
1211930
1001240
849840
1591690
780150
2325440
828250
1146120
1979220
989490
1585700
1684480
1818250
1520580
1763060
1458370
1162400
1595510
1181160
1762370
1747560
854870
761150
1281920
907460
956210
1350500
1351500
772420
783890
1269300
2020030
1056610
2384940
1492480
1354240
2085600
2409790
715270
792220
1033120
1034950
1343220
952400
1381290
2166260
350300
817920
1603480
918450
1717280
1617160
1350390
1302220
841570
1051160
1758090
2008820
2163620
2248340
1151920
2016410
2023810
932810
2006360
1686960
873200
2000110
1586820
1372090
1284850
945520
980380
1219610
2403020
2185920
2244550
1346790
772450
1477900
1460310
1050170
2193670
1533090
2152190
1108130
1083410
1338980
1665250
1806570
2403950
2267810
822540
2110070
1433950
1108640
939380
1484730
1008970
715350
787120
943210
1575870
1685850
1521980
1196890
1170110
982390
1352340
1787860
1155590
1787480
1070890
1776160
1407850
760920
1285510
2083630
1059160
991490
856980
1245640
888560
874400
1110460
1734250
1252030
750350
883300
818940
1770460
2251340
1722390
1016430
1572910
1591150
1347080
2376470
1754040
860330
1231530
1126820
1364330
1586510
1364150
1324010
1371160
1443450
1793060
1640080
2386250
1467620
2051420
1803630
2472000
1283770
1802460
1946310
1476340
1072620
798480
2350390
2167770
2014750
1958860
867770
1018820
886530
1892850
1062640
1577190
914140
2162950
807780
1142230
1854810
709710
2345060
2161130
1227010
1574360
1424080
1581070
1599530
2446710
910150
1426110
2061710
1614360
1439700
2353870
1210380
2128340
2016640
1213780
1678510
771310
1082180
2005150
1292920
730690
2283280
1702780
1350480
1231770
974840
1252730
1730030
2310300
876470
838980
2522370
1837800
2251660
1001430
786540
1158410
1308570
727540
1285750
1715330
895510
1051900
1465640
2193580
2251670
1767490
2192170
1002410
1283520
2231060
1642480
2320130
1637510
1905530
880300
2192750
1428980
2220690
1934910
1750320
964340
782340
1994430
919330
1411180
1885120
1147030
1176090
1085340
1529770
756200
1428140
1467320
1448940
1016610
820690
832470
865130
1306210
796060
1100200
1561670
821480
932420
2080250
1172400
836230
2312890
911100
1820140
1270520
1961190
1946140
805800
1210620
1002600
2330140
2077610
1091940
1325030
695490
816330
1412310
1021640
706520
2062690
1159860
824470
883100
778580
1823340
1052310
1451230
978440
1494050
1274630
1608450
1414250
1522070
1755060
1509630
846220
1600100
767590
2413030
1244300
976950
1556860
865760
882020
1692590
1145970
752640
1808240
1264510
822450
870430
1543550
1589580
1273780
1451560
1400270
2353650
1036320
1245470
1316280
1870320
1102000
1671290
1425370
1542820
2172600
1751320
2439100
2059600
1799820
1330800
1484550
1700040
2017580
861510
1597350
1602490
766070
878980
1963450
803680
951050
2211460
2091850
2397400
2360730
1052560
1433490
1437270
797550
2308580
999410
1598540
2106860
1132840
1099830
1188990
1011470
1103320
888140
811160
2519850
1612110
1427120
2057910
1791510
1172340
1661930
1383480
2012610
751550
947540
2073640
1542860
1000790
987490
825240
1519890
2431090
1862010
1175210
2147420
1990830
869630
1721410
1400000
807770
2223590
2299730
1811710
1109880
1771340
2312040
1249500
2061580
1574030
1439440
837220
1425240
963280
795040
1512800
2139300
1973250
2486810
1508950
903910
1185730
886650
1217310
596500
2021710
792560
1080180
1660490
921670
1067520
1245900
2094550
1216980
839260
1440220
1479360
925090
1140490
1557230
834210
797300
1072860
905650
2306580
877400
2121210
858760
798950
1086980
862850
2358440
1778310
745430
2006330
1418430
1930950
811310
968700
955870
706240
1631950
964450
814320
2134760
1841020
856320
2352890
1387830
780500
1502800
1721990
2209020
2013780
1680650
1604390
1716660
1522900
768840
2100300
1117980
1261700
1694380
1535190
1513180
1622060
1143860
1092530
1330790
1718400
1206960
1581890
789160
972990
1986630
1675480
1979970
787370
1489400
1609680
1275760
2059230
1624160
1203500
1883710
1340400
1219940
2333760
500590
1262080
947290
978470
1081740
2451140
1720650
2021690
1737480
1632960
1816710
808880
2095840
825580
2132510
2167760
800530
1035890
1626370
868570
1062670
2353280
1474120
871310
2308220
1745690
1812960
1094170
1689220
995230
882670
1531270
1972970
935910
898450
1801950
1362390
1501410
796710
1040940
1165960
978290
2022680
1704780
643270
1196390
503780
858490
1432960
1528120
1111940
1677800
1330100
1996210
1705590
1213770
938170
1542760
810690
2124210
1379590
1752410
2077150
893620
918850
2214170
1170210
1499860
671150
1324830
1627920
798720
1677510
1251130
1508640
1516080
780370
1216590
2070120
1463960
1278170
2297160
1558490
1219180
1516240
2202110
1095070
2311090
863280
772110
2500750
2184970
2450120
1022310
1458330
944860
2334780
1931200
1089110
2050470
741110
985260
1460970
873280
1320110
1125880
1237070
365980
1186170
2124440
894830
1553400
1561890
864500
1445360
1522540
1547790
1134450
1195320
932920
898080
942580
2296080
1070250
1020210
1059470
975100
1388160
2311220
1492450
794820
2295650
1192700
1312050
1583840
890880
888670
1186270
940380
816240
782570
2070560
2157100
2286520
2430790
1564340
2084040
1490590
949820
930320
1351140
1383690
1953370
1023860
900290
1214050
1285620
1895860
1675020
1137030
1188970
1396150
1725470
2334720
1482060
792120
1521050
1420060
1546440
1839960
1864210
619270
1489660
859610
1507770
1006120
2160320
1051290
1140180
2056550
2373540
2302960
1527510
1740140
2241350
2064150
1434440
1576790
770160
1720220
1293950
756350
943380
1115470
793250
1388490
907090
761140
1739200
560600
1007350
1820810
801220
1608110
1652080
812060
1402790
2065090
1635770
2147860
1975550
829940
1376760
1270910
1321590
1305820
792640
845940
718370
1606920
2162220
1948620
1055160
1147490
805940
2027810
1635150
1705410
1972630
1554660
1140620
2363530
1456000
1004510
1572330
1584350
825620
1679270
2228150
953990
1169510
2282330
2166580
1166100
802850
859460
1005890
1734770
1383670
885190
1379320
1506600
2113310
2346370
1841600
1207380
780120
2257790
877440
2236920
1313050
1233820
1978970
1966100
1273590
782380
984520
1453840
1340760
1207800
801410
2069760
842490
1714590
2265210
1211650
2072840
922650
1757440
1748310
820840
1107340
1863610
1323480
1444750
965600
1220460
2304240
1140130
987230
1668710
948460
981900
820880
804610
1740710
817970
1693380
573730
1962980
1531790
777050
1613960
2308200
1588650
1395330
2201880
1736900
872340
2250590
912650
2277490
1181910
1005400
2066270
2251850
2326100
2199920
1384540
995850
1556610
1008690
1195430
2447010
2436090
981290
1598560
1415660
1800640
787930
1722620
1726050
958880
1606980
1127990
1738710
1170980
2074710
1767250
1889000
852660
938660
2303910
1302440
2183940
984230
1440870
1841270
1413820
1282600
1031800
1219840
1913870
2284090
1141600
1488720
1780420
1854280
1022130
1931870
2322110
2012540
1477570
1221320
2249690
2227840
1684840
1738520
789280
957770
1570720
1895300
916040
1132410
1290850
739130
980160
1142450
2471780
1558970
861260
1841700
1532830
1221280
2365660
779570
2376030
1247460
1124810
2144360
1617780
2127230
2069410
1141320
1575270
1686440
2083180
1690660
1049000
1289690
1045850
1790470
1965580
1087970
576290
1007560
1690400
2372890
831520
1863090
1782880
2362350
771860
1912420
1398690
1871990
861960
1521670
1896530
1723440
862130
1363730
1789180
1007140
1591570
621170
428490
1780290
2471920
1111540
798350
1240350
636720
2363390
924090
794630
1581320
2158820
848660
1746890
795160
1119680
1255010
1766830
1462880
1333330
677190
1736480
1200280
2005000
1411040
837530
1619110
1236480
2200380
1348220
1737130
1595090
2416030
1750410
2165550
1677410
1508900
1064090
2246390
966470
955840
1783510
1397000
769370
2274480
719240
835450
1029080
822720
835490
665370
985600
2161590
2147890
2124790
1671250
1425140
799080
796110
974310
1168820
1361810
870010
2104560
2157630
998570
1585750
2013800
1153860
988330
2141780
1470820
969740
1602260
1036000
1007830
2217440
2066330
2224420
817390
1022160
1447570
2255480
1641990
1902120
843440
1045740
688770
2365880
2126970
2378540
490510
1826290
1280770
839540
1424630
1212290
2408790
1391280
1085800
2105960
2182590
1822340
2105690
2437430
1806700
1413500
513490
1362340
2082730
806020
2278780
1115570
1443200
1918710
1047140
1087950
1002520
944630
2068220
2320910
835700
794850
1588700
1547160
1446720
597030
842030
1966500
1579100
1996500
1067030
2322130
1123570
1353870
847240
2094750
1067280
1583130
1676710
1229280
1581210
1172640
2387660
1761420
2362740
1103960
763990
2073540
1342900
1081500
1232230
872040
1213810
1493590
1654190
953190
1012580
1715000
786040
821780
2005430
1145830
1741300
1644920
1893200
935680
1035010
2014620
1906100
2024140
604590
1563190
879160
521560
1154150
1413090
1215660
662470
829610
894890
1953760
1204630
1631770
924790
1325080
1211360
1402580
1330630
1790860
1155950
1661700
2312390
1515290
1143140
1781580
1473630
1210640
839030
1169020
2260080
1192260
1836120
932820
1795960
1081710
834030
928210
1131870
1782790
1596030
987900
1292880
872000
944380
1531750
1145220
2324230
1404180
1550990
1899830
1392520
1941550
1616580
1527270
1839540
761760
1682880
672280
843700
1713450
1846510
788320
1287810
1475740
968310
2265680
907520
2177800
1683960
1763620
963020
873720
1069480
1900970
1767310
1124660
1471630
1650320
2014610
2477440
955980
1456750
2123800
986710
1377450
906240
909170
807880
1486620
743360
997260
2180840
2213770
950130
2240690
1267170
2355010
1152040
725910
1102740
2349010
1252170
1844550
1071800
983520
1441130
1360500
1457490
951420
1362650
2437680
1659180
805720
1593620
1285600
2445640
1755420
1332660
2146180
850230
1289490
1095090
1778960
1311190
2478270
1962440
1506720
1155100
1371540
892780
836700
1043870
1414710
1370370
2108430
751740
1240460
974390
923420
2426610
1756340
1486970
1325970
2286330
1729820
1597280
1668190
1085520
1016100
916130
1514610
816830
1414640
1219230
1125860
2405170
1553210
1061200
981420
1192890
1302180
1977960
1714320
448450
797660
1328590
1011510
1224420
1312190
1073060
1006920
1577310
2491690
1378860
2356440
2149940
2271490
1214060
1357990
1547410
1452130
1509210
1471470
739290
978640
1459360
1645620
994040
770440
1037840
1455450
1760700
1888450
1500260
1030180
1213550
936500
1206000
1217340
1364570
2172030
1219060
954410
1148290
2250400
953440
1998580
1444150
1537930
844820
1686640
1694200
1718860
1511090
1647770
1488960
1223200
458580
1182760
837930
2345470
1215710
2475890
1407300
1183170
1274800
802190
1342640
1699510
1332990
1866700
1209450
1649540
916390
1610530
2076840
1485100
1481970
883330
2117080
876190
1032570
748720
1010100
2077270
2207630
834470
1840780
2079610
1085010
2119730
2058240
2166630
2053060
1181610
1595770
921700
2399360
865540
811640
879650
1338840
1160700
1743820
995060
976090
1046230
1862980
764390
876160
1202170
961060
2548010
863120
895330
1590660
987740
1035550
1500110
764890
2192890
1252120
1489020
1032670
1013280
1341620
1286810
1021200
1206910
1208330
1094000
898690
2058260
632130
984600
793680
1995100
762500
834800
778550
2119100
2207070
1389710
1275640
1261900
846370
1014790
1289780
1128260
2009720
2098940
1963600
1105430
2083250
1011550
1602420
1592740
1693650
848270
1592990
1091910
786370
811130
1853150
989770
1539750
1506940
724260
696580
956500
1862260
1156590
1382860
1853810
775790
1397980
1013680
1699960
2132090
1272130
759080
1580950
1676980
984880
1602280
1555580
1459660
1071090
1057150
1880280
1463130
1175900
2439660
2220750
2119440
802360
1139890
1311990
1173250
1600840
2079380
1578050
1983120
936140
798190
815560
1265440
935190
954780
1926560
1231190
1976180
2385620
1219170
2393130
1504150
1926340
1512590
1355810
997170
1270590
1335410
2546940
1463120
1211420
1565500
939350
850330
1367750
1174940
1784570
1022550
2095230
995280
1076350
838190
1355430
1687190
1873400
868560
1259600
2154290
1068680
889470
1074690
931000
1040490
811190
2463660
1225710
1781160
1969740
1226890
1141150
1348030
1839880
1011420
1897140
1250590
1411030
2161000
1597330
1193070
2169040
1096590
2522970
1493490
685970
576670
1881260
1248680
1363270
864540
1312760
2130740
826740
1862030
1468220
2300070
903450
1338640
2094380
2216000
2241980
1676720
987800
1105240
1011240
2011160
2104960
1587800
1320230
2155680
880470
1398390
979520
1871590
1730390
1654310
1351220
1793400
1290510
1923790
2096630
773440
1305060
2250090
1501920
1630810
2136400
1429950
888150
1092260
754930
1223670
2149660
1466180
800690
1024150
1632000
785950
1054270
1505790
809610
886330
2209860
1301410
1671340
1998330
1663220
835710
2209380
1720040
1392170
1065050
1231090
1180020
1157830
1554960
766040
1722440
921720
1387200
812100
1554380
876780
1042930
843920
1948100
2412150
1171800
1847060
1511230
2363140
1184570
1355370
822680
1678930
2095460
2077650
1091550
1156570
501020
1518350
1863470
1595250
1755890
1816080
1024980
1755340
1878350
2087450
839020
1545570
2018280
968370
1119520
1395600
2417620
1955340
2359300
1466620
857590
681580
886230
1783280
1763230
1359520
1417340
2329130
2189970
2222420
1638430
636740
1896620
1767930
814770
2123350
1102200
1869580
2338600
2162880
1263590
808810
682450
1103000
1181000
1455230
2214150
1750600
1742010
863900
1217070
1192810
2293410
1011140
1641600
2175080
1354460
1053640
1083600
1790780
1112960
882040
1712420
831450
2080290
2103630
1209080
2386710
944720
1346330
1726730
1755280
1397620
772470
1714050
1237110
825350
1436650
1558360
1371380
1677840
1611800
1574510
1492610
979680
996980
1372560
1764030
1486180
1938740
1054180
1636360
676440
1486340
1843190
1735980
1074700
918870
1758110
1079810
1595300
434340
1557690
1023030
1121340
1810220
1423780
1778100
897000
1829090
1056840
1289300
935660
1028750
977310
1420180
1172430
1760980
1713680
951860
813260
1008860
1973240
1744620
1994300
794940
1817670
1431100
1161670
1019790
1801560
1157080
1964800
1310390
1356300
1921740
997760
1069960
754530
1334840
1538420
1492980
1837580
1215860
791760
1014580
1058730
2376690
1013830
892640
1795410
1867540
1583370
1199900
1699200
1047380
1493810
1013660
1504350
915850
1569690
1648580
940580
1414180
1027830
2348850
991660
1023640
761130
2487640
850840
1470550
1019720
1303160
1570850
1967320
2004370
943170
1794950
1934790
1175590
1216300
896850
2325150
868970
2284770
1640000
911210
875810
2260750
1368810
1434490
1964600
1262260
2183320
2205160
1756480
1631080
841320
1458920
1664370
1014350
1414300
824760
1643340
1928910
1489830
1021880
1685950
1499180
998690
1308950
1162560
2119680
1054310
1490970
1718910
1412040
1299220
1047340
612240
1260300
1592930
803080
1195460
777730
1823610
1621380
1137360
1037480
677810
1057720
1807240
1873550
2386610
1079600
1154420
2426900
1053650
1301770
1198050
1638680
1064030
870510
1651980
1772830
1012460
1967940
1202880
988590
1167170
1757570
1804970
2063950
2448460
1354300
2205950
2091510
1042110
1766650
2128560
1557410
2271480
767840
1816890
1625020
2312780
1560940
673240
1726870
1817910
860600
2272280
1388720
1431620
1544500
1164660
1146700
1124950
2364260
1680270
1054850
1560590
908590
867690
1942080
1101630
871290
1330370
987810
1069360
980520
793350
1346130
1460480
795960
1708210
1031320
2326020
1832250
1338880
725100
948080
2159350
1210590
1626710
2021130
1748230
1794740
1606770
453500
935790
2208220
848730
764880
903760
2010420
1424270
1625420
1814060
1680310
1153370
2105660
1061150
1896920
917870
1522180
1308040
989780
1890520
1380650
1587710
1436600
846700
820710
1348700
1090370
1107510
1287420
2314610
2131380
2347680
1240600
2297180
219700
919400
891790
1427540
2325990
1354760
1500390
2121370
1600300
1814000
2093900
1005310
2102980
966400
938630
959090
886460
1059500
1825440
1985360
2122040
797450
1130970
1464190
1947690
1200520
860320
862460
2403570
1967920
1333050
1820770
614450
1648590
1739930
1762510
947110
1719130
2225080
1178180
1282210
2406870
834070
920640
2214730
781860
1728690
1052920
1393690
1431290
1941740
968500
2132430
1287970
2228830
765460
789680
1446420
1207020
2223010
1137270
2217030
1482700
806480
1367090
1170200
2335190
960610
1412440
906110
1133200
1175870
1192060
1502540
1526160
829260
1313530
886540
1283370
676180
1048640
1157820
2413750
1178230
1612180
1766810
1060820
801700
940700
2185470
1006950
846340
1699830
1687760
1196350
1232120
600200
1807320
2079080
755150
1108040
1800560
597900
924960
2160200
1507640
845750
1255660
1315900
884070
1699860
926450
1888970
1287590
2079960
1142290
1393970
801770
1828700
1572020
870450
796260
1139090
1701930
1585930
847260
980690
1669030
1051300
914070
1188710
2160340
1578710
1972890
1918470
1549640
1488420
1185520
1286530
961190
1983420
1512860
1484720
1159550
2314510
1352010
770070
2058750
834000
1101170
1316760
732850
1586230
972890
1790380
1974090
1515750
827530
1347880
832080
880570
774351
1064480
1211830
1690360
1186730
1393610
1635440
782250
1652960
875160
890500
2340150
1206930
1050280
1525810
1422210
1122280
1464610
2375420
1470970
1391770
1738630
1726410
2276270
2340030
928970
1372670
2007120
1595640
1194870
1575060
829390
1159940
1638450
1045020
2185400
966240
1395410
1520150
1683410
2230080
2163210
1065780
1390670
1453490
2183500
444470
1171030
2166290
1318700
2372360
1174440
1021840
1185390
1007990
1183500
1033580
1527280
2094220
1365600
1916920
1437700
1683090
851330
1076790
1566580
868960
1002830
1702670
1885370
1398170
2232100
2018560
1569470
2193900
1833360
2357160
2238690
656510
1175650
1416150
2182920
1110020
1891680
1395630
1309980
830510
909190
992520
1657880
1106200
1491640
843160
1364980
1431780
2251380
2327320
2139510
1909860
1398710
829300
1824130
937910
1214590
2016540
1368000
773610
1634970
1151880
1838650
648390
1965800
1902300
1161640
1015250
1039800
1550280
743550
2067260
1251320
982320
955260
1174030
1506820
1650740
2156270
1330730
981660
1512470
1341630
1848300
839590
1948090
1033880
1723050
1747370
1277310
985040
1833190
1757360
1702100
2358750
702900
690370
1064450
937950
838710
1001550
1183160
1455730
2490690
2223020
1424900
1889770
1667550
915160
2012520
2328240
2321460
1371620
931200
959380
2159890
1155560
1452670
843860
1233690
1031110
2159370
777310
1373320
1883530
1581700
1416690
863470
893460
912120
1417010
1070280
1274820
881060
1431550
1348480
896840
1857010
1761630
1255170
1739970
2099400
758930
1762270
2102240
1113110
1254180
817630
2466890
1768640
1094030
1797580
1057390
545880
760390
1951260
2005020
1550030
2224030
786720
1563490
1085230
1201880
1293230
612040
1442650
2278010
1349620
1070390
2151950
2498790
1098870
859170
788900
961560
891470
1157040
1427800
1801230
2430110
1826660
1203850
2359910
1578760
2515790
1455130
421190
1653700
1646660
1170370
2424450
727840
898830
1017480
2257770
2191090
718270
536690
1196380
1486840
749850
1624830
952200
1560050
1032650
926410
995210
1851570
2491540
1295570
1664060
1744510
1355420
1754790
1601520
986400
1014030
1240270
1789370
1717300
872810
1096310
1222420
1094340
812470
1699970
1295440
1168550
1011830
1924480
660400
1358630
862200
860640
1137700
910530
1393870
1092150
1508570
1820720
1428370
2384140
1264220
1323600
1427880
1792520
1152280
1492620
1873800
1167320
1042170
2441890
1473170
1365490
1646830
1398210
1099500
861010
1687050
1321840
1698550
995140
1812920
943950
1971750
1603360
1243750
2170490
1061430
2417300
965390
983140
778030
1468820
1121100
1675330
888310
2203350
807310
1254280
2103710
998020
1414530
1236070
1594660
1498180
988080
1199060
1357750
2477630
1849740
1389850
1120700
1155680
446530
2066210
1926390
2237820
1372430
1884050
1531230
2165350
1185630
1082480
932220
1488670
2215330
1103970
1448800
953340
1367230
1637540
878590
2457610
925900
414160
1248790
1106770
1240510
2271590
1339380
1463360
936270
1862840
718680
2398940
2165130
1236990
906930
1783360
1331200
1303480
1977840
1275600
1633200
1522860
1152020
1632690
918300
1034880
1333990
943680
1223260
1345360
907900
1030360
1161800
2234310
1373350
1462650
2204870
1730540
1729100
1123090
2202510
970030
1028740
1622810
1047190
1532260
1498450
684320
1557700
2293760
933660
823580
1131830
2417150
1710880
1424850
1310050
1858070
1632500
1117000
1736670
1699820
1873130
1487900
936630
1658620
1815290
1233610
1193900
2229150
889080
2120410
1678910
900390
2310710
1457980
2273820
1868310
2091960
2276100
2096570
1057560
1629320
2250210
1504460
815480
1685300
872360
1199420
1019190
1009300
2250710
2469740
1398900
1538160
858080
812860
1661240
806940
595260
2063160
860930
838220
1344340
915930
1677920
756520
894360
750270
1426280
1921550
1158450
1018770
751640
1576880
1066810
1275060
2094610
1222170
1017780
1470120
2004590
1605290
635050
923460
909570
2163220
2338220
1957220
1706710
2144320
1067390
1024520
973220
1355020
818590
2430870
1951070
1924820
1763050
1490190
1592100
1103120
1062060
1633430
1228560
1182680
1858550
1771600
892980
1815540
1783700
2252070
1398410
1274020
1151130
1706470
1821430
941730
851810
1151570
1043510
843630
1202610
2211970
1133910
1401880
1527880
2057170
1231540
1758460
957820
2099430
1248140
1478960
941620
790160
1851060
2507890
1706670
2349490
2100050
2054340
1758320
1234450
1356240
590510
1218740
997530
1295390
1346980
1088770
1183600
1010480
1995600
2118990
1590250
907020
2355830
1583140
1894320
1971170
878570
1851450
1002950
1702980
1495910
1027800
2015430
1314230
848100
835560
867850
1761040
1101200
2161450
700100
1383740
945740
1428780
865930
1268960
2195630
2300570
1449420
1821810
366920
1736140
884960
2515540
1096630
1171080
1779810
988240
788810
1024250
1128180
813590
912770
1480020
514870
832550
922220
1457340
914510
824400
921740
1724050
1383720
877610
1075370
1231740
844990
1828770
1740000
2446340
1589450
1218300
1093920
779320
1118730
1515740
1052850
1059280
870870
981880
1631850
815360
989340
1596610
862190
1540790
1219700
770850
1642230
1543090
807060
2022470
940320
2226830
1301580
1027720
773710
1356970
1146330
1422380
1015240
876840
1139060
1231710
1133350
985590
2206280
1028860
1181390
2154570
1914980
1094580
1079910
1364280
1220850
1696900
1841900
2295210
1804300
2384790
1918530
1132290
1098700
2051110
2299040
869850
2413140
743110
1632770
1412950
938280
1746770
2386590
807140
2266580
788350
1184360
226280
748420
1756490
847230
1670210
963980
1383620
981690
2004180
2119660
1285660
1707050
828710
1260030
1163060
1042460
1077390
1816050
2161190
1854740
2289080
2051100
866790
1248450
2278820
1984840
1315630
1715530
1928360
1118670
1500230
1737010
1097310
1689930
1430340
2065810
1150720
844380
704940
1767610
1579000
2093950
1012290
1104620
894930
2277500
1050910
963860
872270
1571100
1787030
1880370
1349640
887710
1437720
957490
859220
876290
1150040
2310400
1054550
878680
1454060
1114530
1577140
663760
1750260
1124710
938360
944200
1481910
1352530
783850
1609220
1820790
1703460
817660
2000600
1835290
1388140
1778830
1081160
621090
1647860
1047430
1783750
1928100
1874720
1702830
1019700
790050
848720
1770140
945880
1152910
1728100
1270720
769910
1174450
1668890
913260
1482340
2396000
1086990
877840
1369830
2440810
1624570
1530300
1680670
1441740
805010
695510
891480
1760240
1622840
2152030
1513260
914890
2261280
2189470
2156590
814230
828770
2451230
1035900
1722110
1403680
2018340
1910260
975520
2330400
2003260
2428600
1429530
1558650
2216160
1730190
1394490
2117130
1310590
1737640
2125770
968600
1668850
2312510
1981590
1177510
888570
2182160
893740
1459710
855100
1674100
1245810
1052600
1966870
1272860
1024400
2288580
632040
1966590
1040150
1910230
2325070
869260
2197490
2239340
1202280
868200
1065390
1589540
1529780
1608940
786280
1709240
1840850
840500
961740
2105750
893030
1600980
1030470
1863670
767960
1536980
906920
629240
1721020
2236300
990060
1759210
1229390
2192270
1343990
1560260
1238540
885590
870260
1563010
1289510
1417020
851000
1482920
2263700
1402010
2382130
1517350
794750
2114820
1042090
774161
907160
1435160
1510600
1454580
688660
1232650
1597470
1882200
2430290
689610
2092850
1749170
2062210
783420
2300400
1753810
710460
1064140
2088430
934840
986670
2185280
1523680
2067760
1354520
2347950
1846800
1604710
2063310
1195620
1721910
1285080
777380
796360
2402100
425770
1551850
991860
1879330
1399850
1054300
1506420
1483300
761220
774321
1076830
2149530
2096130
669690
761070
2018870
950850
1481580
796070
1501900
1097810
1063100
2106560
1418610
2394630
2279550
1048780
1425380
1659910
1775720
982100
1384290
1537740
1805720
881920
2060480
1500480
826660
1114460
888640
934990
1837780
1508260
1680440
2203730
1455080
809680
1264360
993400
1834120
2268110
2115610
2272290
2471250
1214850
1335680
1316570
1253880
2362150
1453480
2506560
2274120
1721100
1983690
1673670
1532840
1602700
1113770
837920
1011120
1104890
1043560
921090
2157440
2154090
1907980
1022640
1576920
1045650
1728680
1174670
1149090
1706090
1061620
1474770
1943820
1427450
1400210
2367770
1203420
1650860
1624470
2261750
1145570
1713140
1159480
2265450
1998250
1546960
816280
2494610
1331400
1018640
1604800
1575300
516570
771320
845460
1558180
1241040
862640
762100
1695080
876150
2375220
1723320
1495760
1109110
1222380
1144000
1430690
1814240
1472740
693150
1183320
976780
1314880
1195230
1715500
1860350
1598090
1162310
939240
1565430
856850
1579720
1264410
1996880
806180
2375560
1121530
905860
1072660
1310480
1047610
1658750
2128360
1087820
807690
824300
2216370
1386890
1013820
1635250
2458540
2215180
893010
1366770
2423590
776670
1409710
2051590
1782940
830520
1073840
1225040
1386310
1178390
903280
817640
958690
770890
1384940
2295570
1452200
755980
2256360
1498660
1601100
890920
1793960
955120
2050200
1662800
731720
2290480
2469370
550370
914390
1542100
696060
1676530
1204470
1273270
1461800
814020
2101630
1998140
1060450
761110
1033090
800290
986320
811450
2143010
994860
1573500
707560
1399380
2117360
1328710
706990
923810
933210
1329800
1949880
1234820
935980
1052210
1502550
1709040
2402790
1155620
1905950
2319830
1376730
1527520
1600130
738190
1654350
1209610
1701590
1117600
1586050
1194390
1740120
2321970
1879690
912360
2201830
1808210
1399240
825930
1383220
1185190
975980
943960
1354270
1165450
1053330
2005440
688940
843040
2395360
1121120
1464120
1675110
502740
2258910
2050740
1710250
799860
1461490
1429350
1579190
1387510
1070990
950730
1073860
694240
936600
1147600
842170
768170
835640
1785460
1543520
1007490
1184450
1481930
1196520
798420
2087350
2423660
1145820
1427480
1756510
1366720
805420
596050
1452360
880610
776890
1609160
2195060
870290
824880
900490
1843110
811080
1403460
1993110
527040
1641370
820510
839570
1324360
598880
1178140
1065750
797060
914200
897010
844440
1082500
775720
1114000
1718650
1067560
1317270
1773570
779250
1030580
2172980
852180
820240
2163930
1820350
1193930
1452210
943980
1718900
1219080
2407920
1763110
420330
1237590
2375740
820250
808270
1987030
2392660
1727270
1417130
922800
1177660
826480
1213860
1800580
1352850
1088960
1042530
1400910
1249850
1707690
1545880
1024080
1893350
1565090
1373990
966530
1443400
887850
1074640
2088080
1233990
1236020
1062020
1935470
1346210
1349890
2202340
1517190
2301510
1484960
1631350
1219300
1126450
995460
858180
1248710
1727860
860900
1363160
1704980
1852660
792050
1150400
1430810
847490
892440
1554760
2251810
866280
2292840
1051940
1105140
990020
699850
862150
1056280
913690
1070430
851980
1333270
1729370
1597720
1451950
1266440
719350
1606450
2391780
771690
1644630
1679770
1986120
1987040
1504020
1516680
1633640
1176480
1729160
1621750
1151200
2200760
1289060
1547290
1195910
1840490
1499660
2013180
1605050
1065880
616680
1512290
819520
1673620
2481960
802210
1844110
812460
912990
1339880
1090700
1064490
2409840
1375430
1278230
1202550
1361680
905460
1452350
1758010
1548050
983900
1189730
1392660
2051050
840910
784130
730460
1133590
616620
868000
1811440
1572100
1110490
2016510
1035190
1740540
1487320
1475780
785130
1324030
1383270
2151960
2210300
1524350
1714970
1804890
1419750
756790
922530
640700
1711680
1989940
2187850
898660
843870
1575690
1155900
1491480
1646710
1064360
1611290
2266400
1959260
1422980
2070420
1192420
818730
1332730
2156970
1518810
1245630
1429100
2163540
1584660
1123870
1487990
656100
1115960
1426130
935880
1382020
802660
724710
2349500
2217810
1232900
1766700
791790
1689980
884290
2158050
871400
2214130
2054810
1359870
1164470
1120090
1590840
2207160
956620
1816690
2415950
1846300
1337080
1647390
1435310
1686980
2139710
1165840
2074040
2365600
813440
1180620
1234070
2093050
1089140
916640
2237510
2480780
803260
1367950
1865050
1044350
1218710
1723920
777140
1492990
1479050
1664100
1426120
751380
889210
2010440
933030
1681730
970400
2342170
2223280
2244150
1212940
2009350
1388260
2091880
798730
1206510
861920
2219240
2129160
1660570
683870
888010
837800
1157200
907250
2074800
2008100
1432610
1145000
1651580
2141470
1578410
2510560
2021230
1086030
790890
1106920
972050
2420820
1805930
1732750
2358520
1919710
921770
2100720
2008240
1416980
2466850
1694530
348910
1203810
1649440
1510390
1122290
2333470
1827290
1117380
864200
1002420
1063360
1082890
1866230
1269250
1630890
1492930
1761980
1077340
1977890
1281420
758220
1044790
1066400
796930
1451570
1009220
1471490
904930
1282320
1484800
1767140
1873170
1760420
2387950
2183800
1037190
1673570
2077910
1858600
1198450
1410600
1232670
1604100
1803720
1599710
763740
1377370
1247650
1004570
905330
2213950
1036490
1147220
1119870
1660200
1918080
1644200
911690
1754910
785110
1142460
876270
857900
2449300
2462890
1113490
1612850
1938040
1410860
536960
1575070
1566370
2423080
2548370
2301250
1238490
2003220
1195070
1073410
1904800
1653360
725110
1147660
1817380
1147020
2328160
748970
1029050
1113690
1046240
2109160
2345020
1291860
1693540
1491060
1292560
1660150
1632920
1399270
1936250
921520
1246420
2147260
893020
2151900
1485140
1202420
1112110
1834710
790410
933070
961700
1647420
1517150
1486370
1234980
1551290
1752830
2197020
1978920
960680
1940140
874330
2113530
1434750
2394830
1116700
1727550
2134900
1546940
1340770
2267870
2515240
1837700
2105250
1072180
778810
1647050
861190
1082240
1176990
1681620
2300080
766420
958360
878020
855320
1612820
1008370
878100
1991690
1091400
1744200
2466870
773340
2019380
2015260
2063960
1849040
2460480
1981250
998220
1543080
939390
1572170
2209190
1483330
1648040
1168320
1235830
843660
1844680
1869310
1114030
1777160
1294040
2197130
2300350
1206310
805400
1785680
864110
872060
1726280
1799500
1673520
1231750
840980
1675970
1486080
1363850
859820
1513120
805950
2219190
2309250
1582740
1480910
1835090
2155280
783560
1022180
921690
1555070
794650
1825990
818860
781990
937130
1617560
1765510
2130750
2062780
979970
1108630
718750
949390
2443400
1171640
863690
991760
765950
1272340
823160
1655910
2349250
2098210
1941850
1641300
1797410
820680
817200
1637910
1814770
841950
1785320
1249420
1166790
1338020
950460
1852110
1875540
1508980
1743230
2011340
1620970
1449430
1092040
1840700
2193380
943970
1621140
1224450
2158530
1092080
581460
1911230
2351080
1610820
1588620
1964620
1847440
2118110
992790
1010650
1053600
2392150
1749420
1462620
1129240
974850
1249730
1824080
1145040
542100
799920
772440
1261300
1144070
1830100
1445650
2318550
1156980
2293180
1426160
1375120
1680770
1329990
1667800
969540
2019840
1004350
934670
1733610
1994760
2085790
1015150
1416930
950210
888760
1894650
1263800
2149480
875510
806510
838160
2153570
2315940
1073130
1355590
932930
1812130
883900
1678450
1790990
1329190
812090
1462420
972560
805610
1774100
744900
1970740
1079420
2071540
949380
661100
978660
1010670
1821150
1800980
1584830
1859640
2193090
2372080
1777940
1549130
1197020
2189690
879200
1417970
1170400
1501530
2194710
1359630
873980
1490610
2166850
1748980
1444770
1062470
830500
1248370
1809420
1358640
2064580
1734370
1234180
733040
1019270
1602440
1719200
1275350
2306380
1546930
1219110
764490
1009510
1485120
812770
942060
1263090
1251770
836860
1594410
1579590
819950
1617370
1688850
2016290
1363430
1558740
1677890
1125480
1895230
1903840
1335340
1684910
1554790
2106610
1979990
936170
1290040
1527920
1311640
1137170
1936000
1117360
788610
1858860
2491660
767800
2125160
897150
2236880
1057710
1918270
788040
2181770
1492420
1546210
2397230
1960610
1394930
967960
2256100
706270
448990
1495560
2209670
1263780
1883950
2124040
1824110
904500
979990
2101670
1563380
888630
2303560
908480
1480520
994320
1077730
2026290
1076120
838690
1965390
896730
1072350
1810310
1795620
914500
1198060
1605300
1792610
843080
1160880
1140500
1899430
1011960
2013480
498460
1479830
1160440
2091370
943920
2087940
1101220
974910
801900
1442300
1043690
840180
859700
1385700
990240
1409190
2346140
1008650
1793210
1237080
2387100
1053300
2145750
1023750
2113300
1559750
1432750
1601790
1295490
1821820
1194520
1363660
2072540
1427400
2155600
1320990
1131490
2445490
2087390
1271310
1482870
1546550
1605590
1943220
1629600
2053100
1451580
680240
1794440
1082730
817150
773540
1592840
1254200
1750200
2226870
1679130
1185470
1172940
1370850
1788560
932120
2084050
978340
865630
1556250
1226180
1002200
1533500
2182200
981310
1630590
1036400
725140
815250
1692430
871510
1602770
1560960
1929930
1773540
920280
1081170
1408930
781830
1205020
2169420
1278690
1406740
1604700
1351710
1074300
1944140
1570080
1652480
693820
1618090
1726160
1937510
1402000
1114430
2005750
2396300
1532710
1188020
1844150
2295450
930970
790210
1708690
1741510
2163140
1540650
2099150
2417990
1104930
2386850
1294310
1404560
2392690
2053250
1379110
1385960
2020570
1503140
1459720
1206180
2216170
1987490
2203570
1175460
2080060
1210700
1614040
837440
1017880
891040
1504260
2094390
1779220
1852890
2066320
2095770
777870
951190
1103800
1630180
974830
946040
968820
1664130
960200
2179470
1754840
1310230
1097280
1097780
1344790
1125730
1667130
1525580
2216980
1734560
1376640
2064530
1000980
1986880
1445870
1494150
1983430
1443680
1301970
746510
835800
1245950
1203310
2179460
1219620
740330
1055170
2181280
1259340
998530
1058370
2159870
2270920
1807660
1526340
1943280
1585730
1063560
2082830
1737170
1022270
1800520
1068360
1671180
969220
816400
2142640
2003350
1361470
2173200
2391120
2291980
1997610
1379900
940980
1481440
1272060
2174080
1534900
1265680
1631410
1287860
1566910
1339580
1750640
1419430
1146600
769730
890800
1401070
2343570
1286640
1015770
1247910
906360
2258020
819560
1415670
1178060
1297270
1291990
2307690
893150
833760
967910
1740730
2179560
1989640
1186960
1977030
1410850
1372680
1497110
2060080
2172660
1645140
2190280
809330
933840
1141100
1878840
1183700
1020050
1890010
826010
1338460
2413080
1412470
1593040
1974290
1099010
1300890
858440
782650
911480
1602590
2166640
2011070
889240
1292070
1702990
1434330
1217820
955410
2327750
1564760
1223370
1023020
1430420
1517470
1017360
1012120
1089790
1772710
796840
1634830
717710
768590
995920
1311710
1829010
919190
1082650
1703480
1542370
1622180
1452950
1273890
1937480
1010240
1817610
705370
1531140
1175420
1405480
1310270
872230
1702180
1024970
991070
887630
753930
1621950
1721520
1854970
2237370
2243150
2325490
2417930
1181360
817720
1350580
2221080
861160
2315580
2286560
1450270
1725340
736430
1947750
914440
1539360
1003400
2376310
1804440
816060
1679880
1527090
2348360
1606730
1975120
862770
2159440
1859150
857140
1913360
1329240
1571940
1999120
1691370
658890
1212530
1655840
1095060
1010430
2328520
992420
1739100
1201530
2283950
1465310
2074980
776320
1452910
1602560
1014820
2417360
1421410
1952440
966420
1133520
1082460
854450
2390670
879280
1148780
1561850
2220450
873970
1835870
1995230
2207080
1940550
1276740
2327710
1663890
969940
2183370
2025780
850050
863430
1504110
2381010
1183410
1916380
826020
868580
1433770
1641220
1647430
1731700
1163560
888090
1530120
724480
849350
1003010
1432400
1838030
1433550
1705140
1054620
812410
1722570
926490
2152560
840170
1354530
1093330
1637200
932250
1509040
1273750
1417490
1563420
1577700
1632220
895960
1172060
828170
690550
1002180
825210
1231780
1501090
772100
1043160
1689000
905180
1964220
1476290
888400
1247740
2118130
1612150
1293520
1463430
732060
960630
313700
1034850
850710
1074530
1460300
1205150
1259560
1700700
1990790
2334220
1786830
1125770
1723700
1672340
800670
978210
1457220
1673540
1353370
2217210
2018250
1175570
622930
1677180
1216200
1437160
971100
1675670
1864850
1996570
1035700
1643820
1583280
406160
932450
2120950
815010
2063420
952250
936740
2093250
1380310
1384880
817470
2169760
1092070
1829810
1727790
792800
1397960
1048890
1301720
674170
1511540
1513450
916010
844750
731430
1114260
868830
1061680
1481940
2232380
1058210
1511850
1204030
1283660
1181880
2012620
1642250
2147360
2124770
1871920
2111220
2357140
862300
1561560
1452110
1420050
1884540
835950
1076230
1217880
1349970
1764400
1083700
1910210
1910720
2203700
1584060
1860960
2235610
2096790
1650020
1117840
1060870
1986620
2162970
990720
1129660
1700380
776360
2408120
854390
1468370
1728390
1593760
730300
2201340
937980
1579680
923140
1982750
796050
930940
778600
2144530
2465300
2411390
786060
935640
2242310
1816070
787720
1727810
1262910
1107130
1270390
860550
868380
820500
2025060
1024430
2229080
1807980
1723790
1696610
946000
1079440
1933070
2239820
2341640
1197820
833540
1861970
1843100
976500
932870
1813440
1010830
2363810
1714730
1798420
879090
810460
796460
904520
944300
1345340
893810
2146230
718120
1983000
1637520
1341190
1358100
1837340
1096600
1165470
1048100
2016980
1665990
846080
1805130
905090
884240
1828940
1273110
1184720
1115060
864950
1225290
1365590
1801650
877380
1837510
826550
1323420
1081190
886490
878320
1894310
2166600
1545250
1941750
848810
1408810
1578540
2115120
1184310
1563550
1373170
1869980
1644830
924560
1539250
1308560
1426230
862500
1629940
853830
1496470
1462780
1327390
1473760
1020340
1345940
1907570
758140
1708320
1983740
1496090
1250610
1014600
1717130
1046560
1005940
1616070
2159880
889060
1415110
806930
1273380
861760
1235220
1082000
1264200
2235530
865810
1729250
1044920
2181620
1118500
1851300
589940
823770
2257260
912110
2150930
2198740
2470650
1400870
946300
1639660
1526180
2170050
1612200
853200
793000
2055540
1606670
1879220
809830
1426980
1281170
1994230
1733190
1976620
876860
1086690
1213660
1357000
1886870
774141
1478630
1691420
1677310
855030
1001200
1161180
2187290
2363930
1712570
2090890
1825480
851730
1334120
2023440
1416230
1604600
1280260
1580380
1287310
1446320
1181010
1077320
914350
1448290
1340420
856890
1433980
2127750
1559700
1071600
887900
1039470
1357190
1589490
895650
523890
2184870
820620
801150
1131540
1666850
1506430
1351550
1973580
809530
1501150
2091540
2018830
1409260
801300
1789560
1019340
1773320
926090
1961250
1829960
1401150
1309500
1158470
1558090
2436230
910730
1638730
1886150
867510
2329580
925810
1304300
960420
974750
1789090
843430
1314730
877750
789740
1575160
896370
2109610
2132710
1176440
968460
2152810
1460710
1233580
866750
2118910
1460100
855990
946600
2146500
1886070
2194400
1717610
2247790
1372910
1600080
1668640
2184220
1519640
1204760
1163830
1411490
1874560
1867520
1245260
803360
1567690
2243560
1030950
1968570
869420
870080
1812060
2055130
994360
476680
975910
1412540
729370
773120
1182370
1358250
717870
1566390
2413930
1926110
1411000
1668420
661070
1252410
931480
1394510
1624620
1055120
1383170
1214570
1893420
1137810
675500
769020
1497140
1737730
2515920
1077430
2122430
1662940
2490790
989750
1873510
1524930
1213670
1702190
1482330
1088720
958900
1194680
1398570
1405180
1237570
1190270
1007400
860580
354780
624371
992480
1318210
2446560
826100
2163760
1651680
897110
2284260
2216700
1293400
1865220
1490860
809800
2326740
1417960
1355140
807930
2255530
799670
1355510
2443000
984820
1378290
839970
910540
2290550
990500
690310
1117470
1450210
1023840
1583530
1328050
1116990
1066600
950160
1858620
1220990
1597060
1931970
2227990
1179010
1363170
842150
990950
1599080
2113570
848780
1361760
2321310
914420
1712430
1206550
1766000
1568130
1114740
1102100
1514300
2151360
1067780
1298020
1999090
1095460
2137840
866270
1972550
1291640
1428040
779090
1340500
1070510
2340390
1708250
811750
1084930
995870
2253370
1719030
1307240
1753760
1149070
1393360
1069000
1219730
2226000
1730110
788310
1677580
2119000
1586980
1586370
2199230
594350
911640
929610
2293730
1457600
1138290
905060
2450030
2418380
979260
1444570
2457890
1997010
1096240
1391000
594320
1371660
1527980
856240
1180690
1982430
818220
1142000
2411830
1370250
916180
1220330
1637750
1830260
917910
1261280
1380250
778410
2204710
1428440
1720050
682160
1603260
1168990
765260
1067900
1322830
1014610
2310360
628830
1537410
2104340
1588500
2157130
1892370
1526750
2210130
1606640
1780720
868920
813650
759640
1573420
857710
2199570
1164410
1394140
1853680
1159590
2133490
1711940
2418740
314580
884630
1632480
1660270
1122880
986820
1387560
1232310
1929450
2142470
1011630
1161110
1421970
720090
933970
962610
1353550
2327800
1480240
1861090
1611710
2055910
1080060
1573300
1102780
1442150
1776080
531630
1826300
1052100
1583410
1166120
1750290
1795560
2010600
738720
964390
1361480
1014720
1353540
919240
1803760
910400
1488080
1837650
1134700
1737690
1814710
691590
1822300
1800900
1960170
790570
960270
885890
1919440
611040
1559770
955190
1503630
1445040
1566990
1476920
426050
1454010
2251030
897580
1142130
1338360
1180940
816570
2127660
1101180
910850
808130
1831060
768290
1894150
1300360
1194700
1160780
911420
1644310
819480
353080
835740
2425950
1853090
1035830
1256490
1120050
1386500
1769750
1103080
1505500
1897810
1480410
947530
1558210
1114020
1943930
2204720
2231280
1572990
1777090
926250
2260310
1577460
1062210
975110
1221080
2215820
2164310
2190590
1646240
867750
1960590
2255630
1074400
1595600
1661450
1528560
1370950
778840
1405740
1905420
1762560
1393080
818670
924370
1376370
930650
1061900
1554460
1027990
1654900
2079890
1656210
1347420
2213390
2137250
2142220
1165290
811850
2243370
1623870
1736570
2251910
1042980
1701690
1828880
838420
839010
845270
1087100
1061930
2225970
983190
927050
921070
2123140
2213610
791320
2069310
490930
1383200
2472790
2353760
780280
640760
1099470
1309890
1264500
938850
2073830
810540
709750
1554530
1027610
1170290
1888490
1460910
1532110
1464520
895220
1738650
1212460
1380430
1692390
871580
1042100
2188920
1828400
2020930
616750
1642890
997670
1068490
2334560
1461400
1020780
2021050
2021530
2051880
779220
2238750
2180050
2447970
1132850
1255060
1663410
1717880
951450
1575910
1275450
1082440
1670880
1270500
934070
1104490
1276450
2388390
1622680
911440
1586270
1055870
2214020
2441670
1197100
881690
1598660
1306160
1787600
1123020
1186670
1702540
952370
871810
985940
2156070
1093130
1587700
1933660
1667210
1006770
1632230
1819580
1231460
1084910
1124640
903680
1798670
1049660
2132460
880510
1459510
871620
1158040
1547900
2102130
1242790
1761010
1564980
803390
1197840
2284780
1572320
2058950
857500
1542000
796440
2355990
860030
1665180
2129390
1003830
2351490
1608220
2084460
886450
683260
977080
1446670
867530
854740
1747500
1512960
812650
1366290
2197360
802960
2325060
1610840
1226210
1582310
959260
1125110
1788730
2335720
1881540
1274610
1198890
689290
1466350
649890
1715750
1259290
1579450
1336290
1968610
2013680
1722840
2192200
1134390
2357750
1089030
2063970
1746870
1464100
1956600
1743080
1220070
2349820
1495260
1287100
1599590
1812440
778590
1144330
1942530
2416250
2101190
882230
872090
1452220
1798770
1992430
1584440
981160
1587910
1573700
1205540
1885640
911660
2194130
1096640
1218280
1097760
2255120
890210
2253490
1413020
1328470
1412000
1639890
970360
1090940
1089310
821370
1111200
2245890
993750
1831020
2071030
1631120
1437050
1792810
2062190
1300180
1445860
2390310
1821090
856730
1344120
1215540
1516340
712910
2177030
872560
1792290
1679990
1335890
1182820
960340
1611890
1219520
1166580
1069220
1000370
1729060
882900
1673720
2128330
2218090
1193680
2207670
1482800
753220
821190
2245310
1000830
2430220
1041520
1017800
629550
2196930
1087050
1871310
2409410
1536870
1745000
600510
920200
881510
847590
1681810
826370
1090900
1336800
1797880
2267100
769220
2393470
912820
791700
2191370
1487140
1851560
838070
1597220
800490
780760
1524580
1563860
843390
1030160
1208040
1953490
963170
809040
1454240
1620750
1448650
1099090
1798540
1037760
775690
995170
2288480
964910
1268700
922320
1404750
894120
1520680
722200
1125490
1703470
793510
1169000
1002230
855580
1422180
787690
2431100
815550
1528580
917220
874030
1382200
1005820
845170
1679670
917830
2188380
1599130
1025010
1721300
1631330
769080
1851730
1399300
1880490
2431880
827170
1316520
1297890
1075000
1880310
2243920
1706640
1653890
1421140
2156410
870120
1588910
1343850
1643600
1126020
1823540
2121630
1825620
1755570
771120
1633390
851320
2170700
754760
1498630
745400
1702740
1911560
1515230
1291680
1448970
2386930
847450
1583190
1140020
2176450
1550750
1047800
2303800
1365700
1447330
2249510
1350280
1696230
2443210
818580
841800
1484340
643260
2499930
1866840
963670
1160670
1510380
2367500
809410
1524530
1928280
1411710
1256040
2218420
1090660
1349540
1515870
1684230
2191920
2050920
1126640
1559450
1341400
1369580
1777000
1892410
1607500
2377210
1130570
1287090
1757690
1307810
2161580
1143720
1346270
1255520
1787730
1834820
916290
1375810
826810
2240470
2244880
2222480
2375160
1451030
1194050
1152940
2125800
1274710
2428620
1500240
1988810
2222910
788540
1425250
618610
2445210
924200
2067610
1857150
880330
1721830
953050
1315390
1604450
1141300
1093910
1036550
1361580
1106030
815660
1001990
1398680
1209520
1023680
1870970
836470
1190810
1226230
750290
1094050
833640
1028010
882910
999830
1504490
933380
1235800
1343920
876370
1202570
2177610
956390
1390390
988500
1377140
2190270
1964440
1005630
1610330
1862520
838540
1644680
1979240
904820
868260
2301040
1294360
1244850
1138310
1477640
601520
1416710
380680
1750060
1800330
1144080
1116430
1230860
1067050
810670
987950
1824380
1033000
1889760
1609800
2413720
1675170
854030
2170450
2090170
1561010
1221590
1855190
1507530
1400620
861000
1397760
1114960
1152450
1201350
1784220
1751780
1042310
1933970
779150
302130
2446510
853020
742490
1045070
1060470
1490490
1885080
792680
919040
1321080
2281360
1219890
808120
1229650
767010
1683010
1574200
1327540
1997830
1044020
689880
833150
1190930
1681540
889450
1504050
1994460
1047830
800550
1553940
1726450
666640
943040
1655660
1022530
2234060
1178030
794550
843400
1103890
813280
1160500
1064170
811940
787150
800860
1970160
1043360
1508430
1360430
1366560
1077890
1274060
2081860
873230
1463840
1145560
1066730
1554280
1156250
936940
1734540
1337870
2400740
1061220
1051250
1583820
940140
941630
1778060
1010920
2391400
1574800
805980
1245500
908010
1930440
1024100
2445680
1446840
1548830
1198490
1412180
1745750
851790
2506400
1991420
1900070
950910
1001230
2132840
1724570
1531800
1031290
694680
1927950
1787650
1778190
1156650
1476950
1168000
1043610
837720
1231940
1554770
776930
946070
1273570
1953560
1961740
811910
765630
2163430
1437500
932500
1492200
2203430
808190
1070220
1238320
771070
827920
1744270
573710
1237700
2279370
1490460
2011860
1604840
1791460
974240
1886290
1033240
2171690
1690990
1472950
1232830
1320400
1141870
1710590
1001600
1744610
1387170
2416970
749370
1120640
964570
889130
1623930
1684170
1672920
1562830
756170
1182790
1705480
1681400
1061540
2353820
1354420
1118910
2078540
1379150
1851390
1626040
1516330
1715160
2002380
1783050
1503540
2180830
1613190
2269980
1428030
1526020
962390
1943690
2195200
2388520
1701950
2413840
1334530
1371880
1180130
1867050
1022000
849740
1644390
814700
1831680
1222570
818370
752200
1628270
1027480
1103690
2387210
867920
1714440
2221090
1022380
1442750
1619890
1713830
1447020
1499980
760330
1284200
2477770
1974250
1556680
926120
1240790
890640
2145490
1194330
932300
1261570
1509780
947310
1580480
731300
1863030
1285490
2442520
1107720
814890
2251450
2063050
891860
2211800
2064120
1683320
1423060
1378670
1131590
1178150
2226440
1851380
1538260
1658650
1165400
2287790
824900
1321350
2210780
2269450
1299260
1115760
1970730
1063890
1544460
1097650
1055940
1196170
1204860
1249260
1068420
2079240
1487460
728140
2467800
1226840
1769510
1581180
1161810
1671770
1050180
1617880
982690
2156450
1011300
1685610
1692620
1436830
1789270
988340
2302640
1186580
1443030
2322280
743770
895820
1036780
2086890
1361110
1147750
981540
947250
2392140
1393410
2273500
845860
1807250
467750
2166170
1417270
1388230
1052070
2360690
2154040
917690
857950
1248520
1023410
1806580
1876720
1607850
1753170
1342080
1778910
1857850
853780
1701090
2097540
1478240
912580
1165610
793010
941200
1338420
2069990
1651730
2214120
1149580
817220
1779690
1323000
1483110
878810
1036370
1787080
1448350
1709630
1373500
1820020
1523370
2026430
2232710
1277230
1411170
764080
1208950
1498460
1808570
956990
2011230
2277840
871300
1995590
968590
860730
1679960
1544570
815630
950780
1759980
2005640
912590
2431230
1759460
1193990
1530800
2449130
1645950
2174930
1845050
761910
1586850
1815550
1817290
2193940
821260
2131350
1731200
871270
2460680
1597290
797070
1395850
789490
1437520
1772650
761000
2018530
954920
767020
2455940
1986930
2323300
1174570
2102220
1303670
1347430
1674030
1537030
1271840
1030520
1467740
1120750
1587610
1459500
1438870
2183830
1810230
2259180
840860
1706310
905130
1971560
1060170
1154480
1836590
1103340
1779650
981020
1371600
951930
1611930
1686160
2069900
1390060
1595350
1450530
1179880
856380
2126630
1012370
1982050
1500970
2113050
1787050
1589260
1921770
1312250
1777950
1271280
932190
2151130
1098090
940990
1452630
1756500
822970
1249300
946330
1811820
868930
1623390
1267670
1991450
1390000
1702380
904530
1953510
1385940
1650790
2327660
2209680
1403650
2258830
779390
732930
908120
980750
1768550
2142840
2243040
1280910
1834540
2213500
1169200
1835060
1216550
1204270
944180
1336170
924430
1630880
777090
1586650
1119940
1450780
918440
941980
977160
1071080
1964590
933430
2316750
1659560
1564110
1396290
1578160
1919400
984580
2076200
2056320
803520
2062110
1171260
1241020
1038070
959710
2431320
1288170
1361050
1293610
2495720
2286200
1522710
1742480
1578900
1956120
1863480
771470
2355750
1555570
1141880
1985510
1068520
1081870
1916930
2271320
1064050
1692850
717300
786650
916630
1887960
1364340
1398730
1398660
959130
1903830
2313950
1691380
2279560
1899810
1819230
1503750
2142170
251650
1265410
923760
2157540
1363390
747110
2380090
1600090
1066310
1322730
2105590
887400
2431310
777550
2181600
1631860
1627330
1365390
1743410
1611110
640880
911950
1592180
1210790
867540
1855270
1061260
1882050
934830
2515960
779360
1962150
1486270
553520
819550
1294160
1903100
972420
1893530
2177200
1665810
1084460
1267330
1574390
2462970
1475250
1050010
770630
2009380
617640
915120
1025160
1650680
1199560
2095130
1089800
1815570
1371710
2209990
769340
2072150
2517470
767930
1530920
1012160
810780
1051600
2228320
1231120
799350
1398860
1169070
1906910
861550
1866090
406710
2178440
2495650
1573530
1251850
1361390
2492890
1276550
1385190
1429480
1011370
994590
2311350
2336650
852250
1803560
1960620
2452940
1374050
2257360
1457820
1565580
1109460
1643280
2148730
1502770
643820
1908430
1112330
2068320
2398750
791050
1109550
1840150
882630
2272970
1150140
725330
1707310
739010
787990
955620
2341800
796620
1442240
1269030
1874200
1044040
1190540
1829500
1156330
1055280
1728080
1859500
2013300
1869880
1170500
1054900
1576370
1256660
1676420
1751980
889740
1055990
2468560
768640
2154400
1662090
1219650
2111040
1437030
750360
2013650
1722300
1923690
2353410
959020
2201160
1339330
1073890
1535480
1660480
1666030
2255350
1481670
2413730
1107750
1931470
726810
1774980
1933020
1421760
1369410
2314110
1162570
1098530
1575240
2155800
1090340
2018190
2338850
738590
1907170
1014570
1249680
1492120
1612270
2414810
802900
2415120
871590
851250
2130590
1658450
1771130
1465610
1506760
912810
772200
1350570
1808900
1502410
1271980
791470
2020270
1751610
2084620
1882930
1922650
1558020
866740
949670
2179060
2012500
2063890
706490
1086140
2292750
1723390
2375430
1324630
1343700
1029070
2405450
2051450
857770
2417160
1649480
2141640
1107660
2175900
906730
1165920
1366520
798170
1554850
1827180
837330
867760
1998110
2203630
873830
1462560
964100
767550
914050
1202240
2357070
2420390
1095820
982710
2010240
1607730
888880
1601840
1652260
1637740
948490
1741040
1493660
2222830
913370
1333030
1037750
1957040
1592810
906460
2240900
1586970
1840620
1218260
1227680
850810
1175140
904700
2145960
1194230
584150
905220
1025420
1625610
1067380
1055360
833650
1053020
968620
1724780
896590
1043390
1726850
1041060
1519850
844180
1053660
910990
770020
1262920
1903420
1121590
1357700
2099240
1557740
1299680
1660590
1049420
1225850
2345910
1320550
1049930
1991670
802780
1328000
952980
2094350
1212870
1491790
1109980
2180710
1794710
833890
1068990
430100
800380
2091760
1447920
968570
1355930
1463830
861580
1300940
806100
1847130
1049530
1906680
1113960
1530150
1454410
1465400
1399740
1060110
1958120
1939640
803150
1175190
1420740
2211570
1443370
1596110
886350
1706940
2121190
1499640
846490
2001570
1209060
1834340
1128660
1693310
645150
903040
1346170
2054730
2258670
1553230
1757470
1498490
1358930
839520
1204990
868450
1991010
1557350
1083760
2455440
2176430
1640920
1606270
2020860
1780370
2074500
2295700
1780260
2143150
906850
1105150
1714850
1328830
2220330
1104450
1439340
1160980
1868030
2279060
1633210
995000
819960
946690
890750
743190
2241570
1204220
2379800
2341330
1050520
1527260
1634320
1314980
2372070
764720
678460
972620
630080
1457990
2063990
691430
1943890
1247030
2099990
1801630
1379980
2129970
837180
1391990
1728830
1227320
2552100
866540
1479470
1952180
2327670
1304680
2085800
986010
2219270
1710530
1676050
829780
1028360
2051540
1846960
2004650
1037690
2094760
1528130
1667490
1757250
1663010
1565850
883390
1581860
683620
749180
1208490
900050
942480
802180
1489060
1298850
865310
1225260
747230
743420
1177370
1970050
2198800
1006160
1611900
1718920
1994440
1189470
1222090
2166140
764500
1709580
2384310
853620
837270
1189230
887510
781520
2389440
1334980
2271560
1453230
1987470
1574020
1460830
1374350
1378010
1271990
1253230
795480
1520710
1194790
2278130
1542840
2071200
2308650
1821070
959700
1739400
990640
1561480
2540420
2293620
868440
1267920
880800
2286020
994230
1325870
1606590
1934800
1426330
1739060
1040430
2383050
2108820
2012420
915820
1008290
1713400
1227820
2213420
1043350
2089000
1177300
2144390
1165590
983070
2122810
2103340
2056190
823650
2137560
1836210
1460040
1680340
816410
1867670
888900
778360
933740
1048570
814960
802490
1267400
1447900
2103680
1506660
1633080
988480
1292520
1373560
1200220
1195820
1672200
697670
1507490
689700
959590
1017130
2380240
2063610
1759930
1999940
1245080
1199010
993640
810700
1211070
1097370
1674490
1292140
2136950
943310
2362550
866710
620350
2113370
1116650
985620
1736590
1048000
1062070
1518360
1740270
2086580
1028310
1727450
912510
1659800
1370770
1143780
334360
2253720
817510
1730800
1046570
2279380
1217900
810420
1777390
1518750
1438760
2170910
1179420
876200
841120
963830
2204960
2270530
1687210
1509750
1531190
1589370
763710
2326820
2054600
1791680
791950
1753220
1678280
2313130
744240
2379620
1660300
815800
1003260
1590360
1514190
1554080
1243410
1482720
1672490
947970
2188220
1294720
1103790
1203460
1400510
1688440
927670
2181440
1600470
1095520
2157670
1680380
1970060
1399930
1646560
1589710
857570
935560
2154630
1821110
2162960
951100
1796640
1755620
1815450
1505010
1392670
1807200
1697600
1171330
1464650
949680
818390
1259370
1102750
546070
1505830
2192850
1088540
1539640
1792710
1117340
1181510
2153400
1603280
1371790
983610
1984070
2171830
1010070
1493930
1276710
1140790
2495180
1645730
2216360
619610
1182670
777790
1682950
1634210
2419370
2351400
980800
992070
1417610
2095450
1568570
1178310
1077470
1743220
928950
722960
1748970
1995290
1705560
908400
1286380
1202770
2026880
881730
626660
935720
676030
1227130
2242980
1399990
1555080
2255140
989190
2126010
2072970
991750
1232010
1592600
2014690
2192730
1462740
1511250
946190
618000
1190190
1614960
968290
817860
1647250
2129470
944510
923010
2438020
930620
2150580
1133300
1653660
1084990
1050670
754310
1915910
1667240
1795080
1166760
859640
1663870
1854190
880580
2016690
2142140
2162610
1713470
1468060
1710840
805020
2082990
860680
925610
1497230
2086990
701880
1594090
1043060
909060
876180
2054800
2374580
2246800
1491720
749860
2084270
869500
1258770
927370
2020750
1555950
1935490
1199150
1631420
1539590
993390
2022270
963370
1555380
2221170
777540
2179030
760300
1236320
1682970
949600
1034820
2052540
1294020
2086390
1372010
2322120
1707850
791590
1357930
843170
1995240
2154640
2330190
773590
2206570
1408400
1078460
1037930
989580
1766440
1119950
1535420
2085160
1094660
801610
1812930
1204740
1701320
1300190
1359900
1227100
2000750
1921210
1762010
1002670
1664660
1708410
1828270
1410100
1716170
2085510
1481430
1836240
1352200
1127470
1841030
1922070
932290
1714300
1222800
952510
1833890
1853970
570900
1339790
2139790
1153950
1144290
1345030
789200
2196120
970130
2317140
954240
1381370
1081410
2202270
1141280
1709450
2002480
2319080
860090
2019630
861790
2069340
1134480
1626140
1208220
2209910
2209800
1184640
1110280
1893870
2348170
1823570
810640
1945700
1432350
1666830
2270420
973130
848770
954080
1004550
1148770
965030
2133360
2246110
2368130
756880
1218530
873320
1706810
650680
1417640
818410
1950670
754480
1047930
680400
842290
916210
1575950
2366910
786630
760990
883280
1767950
1570160
931820
506560
1814230
1589520
1140570
2203170
2406540
1865590
1783090
1560110
1516560
1585230
2396340
1060900
1926870
965670
1734960
1533600
910500
2197780
1301220
2349460
2082650
1014270
1002540
1424350
652890
2324930
1231810
1713750
2265270
1308510
2205870
1234900
1406080
1151090
1336100
1079780
631810
1346110
816610
923080
1200200
877190
1127730
1371780
1111270
1463820
1162440
1381530
1848940
2217560
1550680
1638340
776550
1058470
787140
2146960
1371910
781890
1659080
2153990
1316000
823670
1512940
977100
2446030
1855240
1370690
1464730
2294930
1582870
1029860
1394340
935920
2379890
1642600
1977640
1837530
1007440
1361230
1071350
2106340
796490
1514620
771950
2328110
776040
950530
1923820
1021120
873040
1168160
869780
1187900
1422810
1108620
914640
1636690
1383680
1866570
1464400
1765320
1258020
887910
1010970
1480650
2339650
861710
1035310
2469610
1468280
346500
2151310
800350
2066300
1402400
2258300
2246850
2113160
1452850
830410
1232430
951480
2139560
1073380
833910
1142200
1754390
2111090
2276480
1502060
1234940
1803290
1649960
915380
2481340
1112760
1764810
1243040
2382650
943260
1010950
1920210
1628850
1143430
1251040
981830
1389990
877910
1519020
2176040
2226080
1214380
1239180
2003370
2170890
1910560
2147580
767330
1790730
1832260
1676150
822530
1502790
1688810
1380390
1114210
964770
2274990
2416150
1629100
1596130
1511410
879430
2235620
996690
1796380
1035950
1985630
1861780
1402020
1287850
1611300
1399090
2089450
1771880
878300
1127290
1995680
1796870
1821140
2006170
1352440
1981830
796090
838180
1984590
1797840
1222600
2065840
787920
1193660
1215930
1820890
1721940
788820
1964000
1063440
931310
2365090
1033330
1236860
1166860
856190
1382710
1635670
1171880
778800
1707320
1599150
1372550
1783490
972650
1121710
477120
1355010
2262960
2445540
956470
1230870
894540
984030
2090980
1357220
1398750
1296860
822740
1452540
1073960
1432620
2233830
879470
1116280
1220080
1463450
1897000
2276540
887040
1544080
1432330
1056350
1806110
923370
1550340
1721250
1049720
1098650
762860
2453320
788120
1448310
2148170
974140
1984140
2086130
1441590
987880
835690
1277840
1689180
786140
1223210
874200
969420
1463530
310870
1391130
1191540
947400
2303950
1200780
1758220
1542670
2420050
1365550
825370
1371860
1748300
1698290
2160680
551440
1446230
2310610
706510
850040
772670
1449100
1900490
860480
824640
1440360
1515340
2363570
805330
1377890
1653330
1862710
1727260
1251200
2205730
2347750
2183080
1981160
2197830
2463710
2018840
1043040
1839080
1552960
1164330
1986240
2472840
1505750
1574530
1010380
1561530
720270
1498710
837290
1736490
955320
864740
1673530
1391800
2007570
1556550
856600
682990
1067600
795320
786390
2286540
1845480
951260
2283930
1635350
1185490
1821460
2059400
2459280
1080690
1124190
1032660
2312230
1992020
885380
2410690
1052540
1482910
1324320
767680
1488380
1348800
1533870
2251480
890280
1206090
1624320
1121460
1540490
1198550
786490
2264730
816850
993340
1399250
894010
1129650
929230
775590
1673470
1084970
1118950
1585360
1706770
1246620
849800
2456690
1113970
1610290
1377900
2182820
1600280
1528110
1485900
2214140
866170
817410
2055090
2244840
669520
1929670
1690530
1854050
1567310
1686480
844930
768180
765400
2460730
1096960
1336160
984510
2069710
1790890
1511690
432310
1562400
1154290
2506850
1214130
1846040
1157070
2003050
1478620
886270
1483800
1397800
803750
852530
2055270
905020
1210150
1811070
1502920
1709060
340840
959880
1411870
1409000
2334680
2390650
1642690
988310
764110
1367430
861910
1500030
831670
378760
2091740
1756090
2456280
1945160
2285210
2365560
1202250
1057420
1899290
2075160
831680
922820
1927270
2133250
2304980
1928810
981620
2098930
1524470
815080
2333390
2204970
2334210
1297340
2222310
1376040
2179860
2281230
831950
1822130
1366060
789620
956060
1733660
793620
1699980
1549950
898930
1224720
925910
1522120
823700
757130
1419510
1313870
1988750
907390
1729730
1640880
1564180
1617480
1759340
1609050
1946550
831060
2083450
1609300
972600
1252050
1625510
837110
1654730
2398310
1771260
2345200
598030
1769010
1036200
1703140
632080
1876830
1152620
1824390
1937720
792070
1547250
1816880
961910
1519820
1821870
1281140
1138990
2511230
931590
1201870
2243230
2280810
1379040
1625800
920800
1852650
811900
760120
1727310
1412840
1155090
1031670
1418320
782420
1341640
2260530
1408570
1840570
1046660
2292910
782690
819230
1020090
2128410
1184900
1693580
1784630
936470
830430
1515020
1301230
924100
1585390
777640
869080
1531550
1800300
1082720
2323570
1274200
1306850
1009910
875520
1436680
1200400
1380360
790170
937040
577710
1777130
1220340
919610
2362900
1196800
1229420
2275820
1479340
1455780
1230000
1555770
1706610
2358160
1254130
790120
678540
1692060
2306390
2091220
1906880
1589020
711770
1777560
1534290
2420930
1860600
1668870
1154160
1712670
1396630
2233980
1618180
2126500
1673840
809360
2234000
2269010
1138910
1897250
826440
1064670
1849800
1397240
1519690
770110
419990
1839280
622270
1458350
1060400
937120
1100210
1697730
1423680
2205700
1025890
1718660
965730
1086860
983260
2077430
1028480
2447190
1644030
895370
839090
1697620
870580
1423030
951370
2405540
1811290
1457740
916370
1550450
1756810
1180800
1547380
873960
2096510
1788840
2397830
2292610
991430
1629200
1563110
2364130
1298500
813450
1449400
1553280
2495700
827110
1855920
857330
2128220
1566060
779990
1051590
1510670
1054710
1564100
1497290
1862990
1036870
1607180
1515800
2144110
1747030
1591360
1323950
2326070
930360
870670
2053940
1172510
1551230
872380
802740
1470900
1167270
2193270
1805140
2153050
1129030
288730
843190
1036840
888800
991280
1015820
2079810
1458880
1759870
1130990
2022980
1613050
922590
1035300
2201660
2023670
1524790
1577690
767690
2250100
1508630
1028280
1569650
1349040
1506280
1346240
1755240
1542060
536670
345460
2057070
2231610
1198570
2165650
2179100
1272520
1068230
660760
881150
1619820
1282710
1681120
2497380
1509840
1452410
1152830
886960
1992930
1684440
2383700
1245930
1548930
2241190
1025710
856440
1174810
1558730
766780
1518380
1003850
1538480
1208400
1537390
914690
2366300
1122960
1529440
1029170
1636380
969240
1562020
1626900
1108540
899340
1162170
1532800
1066840
1100920
858840
1657960
1575310
959170
1098910
1172410
788130
1028130
764410
1463980
799610
1115840
2235790
1346960
1815340
957080
1810410
1640710
780080
1942120
1641250
979620
779060
2005080
1065630
1580440
1518690
1263120
1046060
1188280
868390
1286170
913650
445800
1475330
890900
1040480
1747940
807430
2019110
2389500
1681860
1222390
843420
1460610
2143410
878080
893170
1903850
752180
2125400
745450
943030
1928940
971230
820910
1808800
1720560
1733100
1143610
1597560
986950
1037150
910460
2291950
1339650
702160
1779180
1267240
1118940
1204930
1519590
1849170
912250
1081450
1576220
1103770
805710
869100
2213460
894380
965900
1359020
1182720
1668780
1726020
2066200
1132190
1848330
1487100
2064950
840050
1182210
1475440
1649570
2384720
2004520
1561880
1780270
1226610
765620
961660
1418010
1173130
982980
2396090
1976950
1268250
1679870
1482050
2078240
2482000
1891210
1627360
1071170
1977110
932160
1674960
1661600
2183860
2253360
1015750
2050400
1785080
1406270
2301330
1286280
1488650
2428190
1984030
412290
1176540
1365500
2178780
1653180
1301310
1656230
835110
1684830
1676620
2249160
1314930
1212150
1095550
1728020
1149860
2404620
1551660
1830210
2285880
348570
1213890
1251760
1997780
1673360
1653200
1478420
1245550
971080
926100
959400
1380520
1169430
913770
2287080
985430
965880
1562970
744610
1235430
1041070
1865060
1308170
2357430
2263550
1421600
1445430
1619750
957220
1282700
2001210
2385260
699230
1231950
1367420
1048170
684050
860960
1556980
845390
850270
1651460
719840
883860
1314620
1386660
959890
2277910
2066430
1485940
1568290
1012560
1247940
2168870
772070
1629710
1360360
2009670
854150
1239490
1938800
834380
1956680
918950
2352470
1903530
2075920
1422220
2417580
2256950
984540
846850
1176890
1582210
1304580
898010
1553800
1233460
2440710
1090520
818480
1280730
1758020
1729590
755230
1261750
733030
1659740
1011530
720300
1579530
2234370
1497180
1791790
1060560
1779660
2489270
1698440
860290
1892450
1508280
1571600
1359890
1074070
950700
890820
1533050
821410
1509590
1741030
1120900
1399230
780750
2163460
1625110
2008230
1503090
1745200
1736630
2085130
770820
2180980
1692630
2203510
2278640
1259300
1868070
951110
960710
773630
2119740
974070
1617280
1701660
1339310
1067760
1784020
1266380
883160
2147730
1089050
1134260
2157340
1009370
2023630
777270
1253110
2167910
2066240
920190
2208530
1473930
1499680
1092190
1076530
1492640
1258780
1070800
1979460
1081990
1476430
846780
1038740
1538910
1170190
998850
2136090
2017730
952460
786680
1439010
2407400
1053190
1210230
1013580
870890
1368970
1204580
1054980
1844500
1749360
959540
2121850
1633400
2343160
1305730
1815170
1383040
1243130
1210570
1252780
898240
1356890
1653790
1260170
1791710
1865170
1037260
984870
1014310
1066670
1533370
1911120
1177310
1354370
1209910
1586240
2436280
1669390
2126120
1161360
1328410
1638660
1799000
1269620
1566560
1590020
2092410
2222850
743000
1177270
1892770
898390
911120
1330080
1999970
1547500
2174840
1178400
873160
1467670
1230990
2017980
2272770
1240730
1014560
2387110
1575960
1502630
1987440
770090
1162880
1483010
1466750
2367690
948660
1649430
987040
2153770
1896630
1258790
1439310
1698870
995270
788520
1003690
936070
787260
2218290
1813940
800830
977640
1633160
1804420
1813690
1711080
865090
1804590
1364460
1100930
976240
938050
1657150
1168970
957050
2057310
958990
1292770
1167350
1850270
1806670
2338090
1630420
1208090
1103130
1010120
2175800
1013180
1059690
1035800
1992410
1188070
1598490
1542460
2019360
821570
2146680
804120
1024730
818530
1437480
846750
822920
1357830
651080
2211730
1711910
556200
1445400
768130
1163910
896110
897040
771400
1411700
646680
1889870
2250110
1530240
1336450
1069940
848090
944960
2140870
887420
1094120
1702220
1726790
985840
745090
1797250
1542710
670320
1061640
1106980
1207130
1018810
932790
1123410
2170960
1103650
1398620
1688250
855650
2220390
1221070
773660
2334990
1995030
1234590
809220
1072530
1768980
1425830
1846990
1990280
969690
1189070
1473840
1419330
1168190
926420
65200
1526120
1537960
1863100
1548280
1112580
1828410
1057130
1091270
1095370
890180
1535590
720030
1491770
1657600
1814780
1530260
1495780
1177430
796100
868880
738130
1683910
1513760
2159230
803290
1790370
968760
1737200
1577420
1678750
835630
1154940
951670
1586930
1875980
1572050
1651360
896860
924130
1846290
1290200
1297530
2286260
1757490
1350440
1019730
848920
1081140
992120
1514100
804730
796970
1642220
1683020
1723190
1383970
1981980
751970
2216040
1704310
747640
2290320
1175060
884320
1958970
831090
1873830
1102720
765350
828420
2533660
1273220
1968430
2227220
2061040
1464390
2204940
1683720
2063680
1536520
388000
2104060
1829120
2448140
980320
915080
1912970
1375020
1213870
1644650
789670
1553840
1031840
1264800
1153250
809460
848750
761630
2317300
1527620
1018990
913850
1707650
663290
799260
1146940
895740
2083960
1859490
1507930
2252420
2377240
434190
1730760
1826540
1847500
2380360
1441210
797110
1612730
1624990
1612350
2091270
1805810
2171420
1622660
1866250
2006440
1584040
2124590
2258010
2119070
1055620
1575650
1706540
2365550
888540
1985250
1428970
922880
1133210
2094580
1820570
1343090
857300
910650
1380780
1097630
805840
1094130
1811600
1373470
2357130
544380
2136220
1015720
820380
1691270
1454030
1082520
1990310
1759400
1917830
770500
1049690
2166610
2014650
1503430
1026910
859340
1512480
793210
946080
1236920
908690
790960
1317310
949090
2490100
1020420
1163480
2317510
1683000
2076320
1678950
1301620
611810
1862960
1798180
1534700
822650
1145530
1203470
1814600
1981710
1589500
1876390
1303260
1967750
1414550
1853180
1517340
1314290
1462910
1002690
2061430
1459540
1497530
2009470
801490
845700
2067950
1611150
782660
2304600
1707040
1700840
1473220
1409730
1908220
843120
2059310
1240890
994170
1806040
977390
864510
878140
1557040
1390600
2311070
1745030
1855950
1023110
2390860
1655700
1969060
2082510
1209300
1562860
1402700
1258950
1992840
1834760
1860500
1431950
1745310
1546870
949890
776100
1631900
1075430
1432860
1139310
692360
1719770
1506250
2207010
750400
1212750
2158850
950380
1594890
2286990
1030960
1005450
1292540
826420
1245730
1686880
1867280
1470030
2142850
1765520
1723420
1007050
1987290
1919460
875780
1147330
954610
1536720
1554750
828070
818430
843250
1816380
1197520
826580
1740470
1405320
1414020
787620
1860120
618620
1778850
961410
1073710
1689020
1842200
1647990
2085040
745730
1260960
2068560
863490
1167540
1651890
1439420
1574450
865390
1907800
2136130
1172170
733560
2053220
869090
786340
1410620
2027090
1087780
1141130
1367780
1677080
1761870
2015120
1583900
1771310
1611070
890930
1383580
738620
2016960
1206350
972740
1561390
2013150
1062390
1274490
1590000
1051280
1090380
1571690
2317560
2004700
612230
740340
1826920
1643530
876540
1231270
1742510
816580
1968040
2206230
2430440
1098270
1224320
1072930
1581050
519980
1764540
639180
1412660
1623300
1379550
1562870
1863980
731500
784110
1593220
1655580
987820
1727500
1049360
797020
1560770
2221070
1740010
2466880
1257700
955290
1941870
1046750
2191560
1674810
1292220
1216150
1029870
1362310
886600
1265120
833950
1093150
1512320
795440
890200
1134070
966540
1385650
1441570
1410830
1210910
1910890
2066690
1186080
2278550
786050
1938400
1240050
926370
1289470
2254920
2027530
874880
817710
1362760
1592240
1438430
1671670
823370
938260
1947280
1193380
1640830
1434510
2284990
1630440
2070540
986340
2327160
735550
1664670
1059000
1317120
958790
1358570
825450
1852410
1238720
1691890
1030170
1676260
1422950
1260620
1709080
1780880
778270
1377240
1188250
926350
1443300
2123530
778460
2026690
2247780
876140
1353860
659840
2314180
812840
1672470
1443950
1598920
1070460
932800
1393460
841440
851940
1752840
698230
1528520
1903080
2190420
768820
831790
1538810
2304200
1567930
799830
1762490
1883990
1131670
1243450
948320
2167890
2187570
1990730
1676390
1204250
822750
1982630
787940
1151930
913250
879290
1111620
2093000
832130
2342240
839620
1155800
2404190
1786200
1848710
994260
1821310
2342860
875250
2546310
1710570
1666430
1287040
1397140
750500
1120390
1752500
2270350
1271690
897700
1666520
1366100
2121460
881500
686290
2284460
1589340
1761130
1837000
2400570
1867190
1611420
1343230
632590
2461560
1231590
1110200
2326460
1465500
2232190
1113060
2175170
1717660
1528880
1599940
1879540
1098370
1482710
1368750
1300490
570860
1110870
2176200
1724010
1355310
1407870
940300
775730
2351570
1313880
856430
334310
2400760
1651870
1959960
912600
1779190
985540
668650
791600
2001060
1222240
1500780
942020
1818150
864310
1033130
1081910
857680
2114070
1312060
1283850
1823730
952270
926070
898950
2265520
1916250
2268960
984240
1050430
1642330
1358540
1341430
1490130
831230
1645640
938740
1081340
1821950
694230
1388280
1810130
1077150
1787400
1600020
1500350
1108550
810770
841660
1031130
2211660
1269180
953170
1112790
1481120
1021650
1954020
1230510
1495800
1043000
2384190
1454650
1239980
2172760
1855590
1589080
1641500
816650
1454100
1248740
2194410
2111770
920320
1436190
1265030
1339750
802690
996180
2133300
1643490
2190930
1495000
1372700
1398720
1014970
1236960
1582680
1262930
1565780
1146810
1007360
2157450
1202120
1099630
1637630
2010320
930710
2204230
2153410
1254160
1016740
2068120
1577970
1329810
970650
1469690
1577450
789750
1988540
1182280
1560010
660880
1024530
810330
1374410
912730
1411840
945620
1025200
668780
1163490
1371120
1375480
1097000
1640780
1017630
2203710
1526170
2194760
790360
1117990
1837820
1409630
1472810
1788860
1851680
1367270
1523150
1187430
1474440
929510
897550
2005660
858870
1183200
2168830
1552510
1554700
899020
1871470
1905060
1530130
934860
927080
1150310
1412500
1225940
1418160
1614020
1563710
1752250
1022150
767860
1361430
1703640
821100
2445130
2169120
911050
2127010
1164760
1398700
1055210
1136960
2187560
1009990
1534630
596000
1829030
2245750
2177540
1291100
1609070
879850
877300
1079860
1869560
1968320
790970
1515330
2315140
1559100
1222040
1887010
1011990
1175200
722190
1633770
2051650
1090580
1383850
990160
2150170
882290
1157250
1298510
839410
1071740
1673020
1597950
859970
1530650
1059430
1035860
1095290
1059620
2202720
1845420
1292960
1476750
1052870
1246140
1570760
2165740
799770
628550
1669890
2121620
1824210
1035850
1492570
1629040
1166230
1194600
1563310
1701640
843510
785840
762590
1162370
767100
1953000
1587720
1087310
833660
1432480
715650
843980
1109490
1819570
1247160
1910180
2088720
1121720
1534930
2212500
2426060
977380
1007890
1735860
1049730
1745520
1400930
895550
874250
1658050
2151630
1025780
1583500
1308840
1216220
1407060
831540
1353470
1292100
1263750
1396190
921050
829370
1354940
2460490
1064540
1618050
2417700
1212860
1896420
2358610
2243660
820190
2246130
1226920
1264140
1181330
567590
872180
1127350
1667720
1422730
965110
2195050
2356180
1595410
583580
846820
2314080
1728770
877480
2338860
868410
1333460
1587200
1588140
2105170
524430
1217850
1152480
854650
1525650
1632980
1161440
2099900
1744060
2395410
1510900
1808360
1567370
2112580
1600350
1142850
1140900
1493910
2065820
930310
1463470
1638930
1449920
1260160
850310
1501000
1080630
846710
1255970
990180
2344240
2327130
1074030
947830
2476330
2105940
1305420
1452860
816660
978040
625430
1690880
891990
1983580
2052680
1398400
1633170
2289220
1586070
1997120
1340810
1446130
1356880
2462260
781000
2092620
1263550
851050
1344580
1399590
864600
1247830
872240
962370
2088460
2120320
1923470
864860
1249210
1499430
1823100
2112150
1548540
1056510
1673370
2309890
853380
1244760
931620
2177820
1264000
1952360
828150
1159890
1897740
1977220
2002790
1339530
1477210
1788390
1594810
1493450
1761560
2108410
1441550
1004650
1760510
924280
1764390
1973080
1873270
1723530
1083820
2071510
2012170
1030310
857370
1383640
920500
1728430
2172900
735810
1917390
2189640
912140
817020
965250
769320
1152580
1242620
894820
1708590
1116210
1710100
1462720
886670
1894240
608440
1542790
1441880
1238470
1564130
2362790
2098250
1980530
1188140
2176540
941640
1308780
881170
803130
2254210
1379930
918720
2180550
1156770
2366070
1086750
2114370
1543360
1286950
876910
1300700
809760
1190380
1937910
2308360
1680530
715240
1117710
2065100
858730
1492040
1219580
2363730
599160
2428470
2019640
2343130
1119620
862210
2221630
1085150
962710
1831980
725890
1311320
813020
935250
1682300
973700
1330930
2119160
1533760
688130
1297010
896420
845570
2014930
896350
963940
1767730
1208840
1986040
1064620
1826980
1350060
904050
816670
1983650
1612500
1615750
1220440
939330
1398510
1007540
2415540
965620
1887760
1188260
1708470
1019500
779840
719320
1283000
1202660
1792650
1489290
1977230
1059080
1601040
2142860
757180
1882000
1629680
2087290
2022180
628320
1729260
1603640
1814490
1597270
1554670
2190230
2125270
1073790
1559040
1239970
2343090
1887630
1401340
889990
1378040
2254000
1795880
1932590
2050460
942760
1392150
1642190
2257120
2431330
1180960
1472160
978510
1674420
1802930
1187110
1410870
1721090
1013940
1210220
2506870
2110760
1890430
1708330
1926260
803590
1125700
1822140
1794120
2386870
828030
1502570
1729210
1236100
1949300
2106110
959760
926520
1285070
1693060
1422290
1375930
1444670
1773180
1164570
2176670
1014920
2104790
794990
2196570
2017460
1687710
1131800
694550
1379920
850970
1901510
937860
788200
833300
1400380
1241110
787430
1124120
1520850
2387030
1591630
1000990
776390
1792790
2318310
726300
1211320
848460
845330
1563830
849970
1128520
1039970
1694500
839130
969230
1186340
1034170
1286650
2125100
2260050
1174970
2365670
912370
1381480
1639520
1451860
1691620
1411150
780820
1412890
2357150
1686620
858880
2235690
822550
1232730
1614780
1257540
1966110
640850
1147970
2349990
2191080
1800950
2305810
1957210
1581010
852110
2025520
1739770
1831790
796290
1418540
843820
2522530
403840
751490
1241690
1379130
1717050
1838740
1901040
940600
1340310
1654050
2176130
1309440
918550
930290
772990
1315710
783200
1639140
1577990
1124980
1065570
1091670
2180010
1710710
951780
1027930
1629570
1625690
2254550
1770160
933290
2296960
1399370
1736730
906010
1141250
1028820
2270840
1948440
1410700
767490
856580
1217630
1293780
1192380
805040
1367690
2167870
1890710
1640180
1560850
1098790
1203390
2409640
295650
1639040
1377200
761790
1157810
2421780
761350
2183380
1041890
1925170
2136310
1702170
1348040
1610500
1646410
846050
979450
1089330
761920
1361150
578540
816120
1787520
1762410
2282540
1120980
795120
1839440
371700
1193570
948900
2453770
1419100
1338620
1457370
1960950
1534350
1659210
1084560
2346930
1803640
1465110
1970820
2341410
2027390
2125930
1374470
1380490
1675140
1017080
1790800
1300860
1561020
924800
1961930
1563730
1118820
1689060
1822560
1066940
1092800
2468120
1246230
820700
2444890
1328500
1467260
1141850
1692220
2184440
944830
764510
1776640
2198560
1324150
1191100
828640
954360
1217640
844580
914190
2222190
1193510
1716400
2257460
1697720
1444090
1817400
2194000
1229330
916780
1609040
1510930
2153970
2064320
1849820
1870210
398990
1148470
2198790
1242800
1545620
629780
736920
1771210
860080
1101050
2160040
1223390
782300
2337610
1687550
1516490
2396350
870110
1742530
2280510
2008440
2329660
1039330
1156030
1467330
1788700
1483040
1126070
1508230
1251190
2435060
1025510
923470
1740230
1138630
439420
1129180
1816650
1676320
2218270
455310
1997880
1734400
2347960
856880
2162390
1174850
1033660
2181000
826380
2172780
1275980
1658830
1569700
1271050
920620
1679410
1148400
993580
2336200
1414470
958090
624370
2313980
1696040
455300
1308250
1354990
2108310
2274430
1689420
1076300
2206340
1002860
1104050
768300
1494180
1350920
1650830
1354100
2393810
2429760
1278090
2227620
681410
850880
938340
1138780
1237560
1124430
841840
2286320
842120
1047170
1365900
1710390
1021060
1714270
2333530
2115920
1879530
1434540
1645720
1095400
1630920
1461140
1486690
828660
2259100
1953960
2295530
2008720
1890000
1215030
974040
1221600
1339420
1360040
888620
1067100
2506880
1429890
1120280
897120
953700
1673740
1657350
953840
1994170
811540
1204110
779700
2173570
1222940
1809710
1605010
1390860
1512660
1254950
1444950
1224480
1866780
818650
840730
829760
2498630
1136470
795640
1394410
820320
893570
746920
1392780
977980
797330
1804900
2474960
423910
2262330
2425570
1028030
1533280
1704730
1767740
1748210
936820
1146360
1983520
1320030
1246870
827860
2134630
1293530
1653250
1574690
845900
1573770
1160610
2060320
780570
2003760
841010
1058840
1239440
2116520
1004580
1606460
1563150
1395180
862240
1622040
1855910
2068710
2340160
848070
1620070
1391940
1013810
776280
900340
1370820
1652030
868060
2333040
1340910
969250
1641840
1696310
2464030
1410050
1626480
1249190
2433730
1906000
1206590
1409020
1802570
1491980
778110
1724180
1691760
791300
1227570
2080640
2205260
2178650
1218440
1539510
1131140
1669500
837850
2228140
2063230
2346560
2341240
1572270
1352740
1015650
1199780
1646750
1198520
1781710
1578270
1083850
630640
1131880
816920
894730
1481870
1671510
893500
1970210
2275150
1739360
1523500
1047240
2217550
2246310
2206490
2386070
791150
1746780
1278150
1995470
654100
1133230
1497240
1259240
1237510
1259890
1527670
677610
1185740
2084130
2190250
1766710
1584530
1485210
862160
847790
849980
933390
1304070
1592780
839810
1431190
2239050
2102020
241000
770880
854330
1215060
1869430
1362940
853000
897400
1015350
1074350
894340
1011200
1301000
915560
976850
1318550
1375880
462380
2027560
1265230
995720
1777380
1086820
2020870
2332780
1705860
1555300
849630
1617790
948340
2188500
869300
2413660
2166050
1354840
1863290
1919850
1625080
1877760
1479750
847510
972960
942870
1834620
1102080
1344980
1623620
1730690
805150
1148100
2286300
2264470
915600
1012490
851920
1020010
889790
1793370
1466030
1180030
789900
1566610
2079540
1317950
867140
1732270
1508170
741990
1183280
833700
809150
1131520
2056490
2024860
1217510
928300
1020640
1291500
837100
1995090
1761440
1214280
947580
1185400
1639340
1646140
1506260
1650010
683310
1555110
1071620
1451970
738200
907970
2182530
923390
2135970
1142730
2311600
860450
1422260
1522040
1575030
1810810
1291110
2072900
1064690
785590
2370330
1276540
1686840
898290
789930
894310
1219320
1901950
827220
1226880
879520
867490
867380
1630000
829720
1126860
1366750
2176000
1697420
2134410
781840
1347690
1632010
2155760
1718740
2169730
2157070
998930
2193500
755130
1055420
1288030
2268470
840120
1987350
1363290
1152840
1814510
899220
1694960
1810240
1173270
1409520
1754490
1036260
2331850
823840
1252320
868040
1473000
1384000
1297090
1425550
2224600
2498870
1834470
1720960
2148700
1281200
1598840
839560
2283360
1069380
1879680
1668990
1743380
2266370
1859860
1555210
863270
1914750
1985410
564340
826450
1024540
1579320
1733230
1171620
1739340
1393480
2264200
1348430
1977660
929800
1981480
2251180
967430
1407250
836420
1304340
1183300
1212330
1186880
2263560
1646480
1327820
1379700
851010
1225930
791000
773420
2100710
1118790
2004380
1448030
1543340
1231820
983100
897100
988650
817760
1638870
1056690
773850
928940
1719630
1043430
2374340
1606940
1145770
868090
1039310
935360
945440
1224010
808210
699870
1656850
2520560
1594910
1535490
1233530
417360
766090
2113330
1477440
1543690
949530
2350380
1141020
1115040
1235110
1162730
813480
964060
748670
1500600
2196300
1247950
1091250
1369470
1156900
1139480
1838290
1446180
1308980
2186380
1686710
793880
889100
1449290
2282630
1009390
937390
1113950
1036270
1636050
767870
1610320
1585570
2244920
837460
2150510
1144670
912500
1859610
2141710
2088670
1164860
1771070
1813560
1059840
1034440
1903640
666870
2280200
1840580
1069970
2434760
1808260
1763210
1458980
948100
1186740
1356760
797390
992360
801500
2367470
1286730
2181880
1172900
1424690
1607770
1140510
1428790
1053960
997900
2171600
1098230
1032140
820400
1858980
1677730
2172950
1214920
1787960
1083000
606920
727790
2429100
773740
872110
1515400
1181130
1947050
2139680
1375640
1512920
1175540
1009870
1458530
1105960
1486950
1246320
1559790
840240
2005410
872700
886390
654450
1561520
1383340
1591540
774401
866080
855550
1541410
804830
970240
2170590
1559270
1471250
1696290
1151390
1065940
918100
789710
1556120
1124080
1004050
1549270
2328290
2191480
1197960
1669560
1527080
1226170
796600
2361180
1303820
1257600
913340
1188900
1466290
2382620
863580
1417190
1646380
1951940
1172530
926440
909820
896570
849420
1094400
1360010
1180110
1283820
781040
1615890
1734970
1584420
851580
591360
1202710
1823370
2159180
1895950
954210
783090
1648300
923230
2182130
552480
1750810
2176270
1028170
2080560
1396890
771130
1978290
2083380
1746370
1623720
1215320
1598010
1184070
1336440
1209140
1693050
735660
2239320
1607860
2008930
1461190
1236160
1758180
1415120
1132120
2269710
1706570
1267580
884920
636640
2304970
1630800
1876000
1964690
2241630
841350
2369410
769360
1141770
1399440
1046530
991510
942850
1387900
951490
1820910
1564520
956380
1367760
1683590
1545700
928460
2302510
1200140
1468800
961920
1658930
1298830
1995320
1555640
934550
2413160
987770
1770230
1058200
1914580
2151650
1684750
2073280
1126090
1305880
1041300
814710
2439120
2478160
729090
658970
1796130
2198970
1190980
745120
1125000
900380
677590
1845630
2177550
1440680
866700
795140
1236760
2183200
2425890
1781980
999760
869400
816350
2380130
1112870
1073620
1101930
1286870
2395630
1903290
851840
1297230
891350
1992980
844960
856560
2139800
1534510
2058090
776600
1926710
1053750
896990
942600
731950
1593210
2249450
1383030
1575830
2204860
1390370
2411360
2142630
905630
1007080
1719470
2168760
1792820
1115660
1218900
985340
2136210
1605960
2188620
1456290
1330940
889530
890590
910420
1638670
1731450
1636270
1229030
1733400
2219970
1882700
1358180
1233600
1963180
1480370
1657570
997020
1485580
1653320
511540
764280
1094070
1943230
1686900
1374700
857050
808580
1040900
2303180
1006150
1477460
2223350
1031700
2180570
781780
1142560
1412650
1386840
903880
1744430
505040
957410
2279710
1543980
923730
1031640
830810
814340
864160
1250990
837040
1277950
1187600
1018700
1231800
2078680
865330
1331310
2196380
1965520
1283500
1751800
773010
1797940
1144590
1672630
997500
778540
751430
1166430
1970980
777860
727040
1234830
2177990
2430380
1233030
855800
898160
946010
1005900
1170050
2531010
1688780
1465210
1925930
1507980
805470
2050310
1429700
2172520
1286140
963470
1254630
2251620
781260
2325900
914160
2204030
1010930
1163070
681290
1733620
788740
1081120
922150
2070190
652660
1198310
1358730
1459930
1895820
1849430
1244860
1787770
1731240
930860
1684870
969130
2207250
2077050
942140
1481660
935940
1302310
1031370
1990400
1009750
942510
1493960
937300
1525460
2246550
1720180
1349390
1878920
1043180
809720
1281980
784890
808950
2324270
1515830
1010260
2167130
1088980
913660
1803420
1372470
1970750
1882680
1128630
1359160
1777080
1509830
2164390
2447920
834750
1222610
959750
1128910
2071560
1692280
1036920
1522770
689720
1301380
1025450
1074370
1581660
1484740
1274980
1120940
852620
1049850
1563360
1219030
2311290
2092680
1029120
2165610
552180
2051020
1693610
2466920
1167370
788420
1215720
870800
868190
904890
1940380
2354730
949060
945460
1267860
924900
444180
776720
882830
874640
2123000
1962100
1204210
1261130
1019230
1280630
999890
738030
2081090
819330
950740
1597480
1078330
1583390
2001870
1545710
1479960
1229010
1637820
785670
2230590
1362750
1318940
1698080
1347010
997280
1620640
2134300
754850
2278220
340550
2133950
979600
873730
2159920
281080
1029730
1305050
2254780
783840
1011980
1336040
1033640
785870
1701460
516820
2214250
1032080
1604160
2105130
1038100
1366160
2285000
1029380
943010
766460
1275190
1520260
1288900
1056490
1927570
1602460
2118750
2448710
1463890
1614380
1306840
1278360
882260
1468960
1352560
2234400
1174260
1452300
1660290
960240
1634740
1638140
1021860
2408200
1596070
1926220
2503900
1336380
1092270
1670890
2216010
1576280
1344760
1424250
967100
1874010
2425010
1497600
1964750
810650
1174540
1609170
638130
2226990
2026150
861400
1021800
2405120
1337280
1199370
1313700
890480
878420
1076640
2186780
1679290
1272680
805280
2281610
654800
1059370
2345960
2343240
1805390
860440
1392140
842500
1429640
781660
1677190
1680550
1248670
1384740
1367720
2298010
1802430
1491220
786820
1252020
1391790
2072830
773640
1034740
1286210
2023880
1681380
853610
1126880
2201040
1840860
2054510
970580
1753510
2147130
1048040
1113300
1732090
1580010
806300
2416860
831180
896380
2071530
1239590
1540140
1975290
906310
926820
1644720
761670
2189040
1780520
758570
1394030
2283310
1602100
2018030
1534260
2322850
836120
1563780
768060
1675270
1882730
1013670
2350500
1770660
780850
1296510
1591490
1639580
1881350
2375040
1743280
1029560
977900
1579670
1108800
1706820
813030
2159590
1296290
1388390
2351970
1371460
2102940
1112430
2246120
984170
2442440
935270
1076040
1055960
848080
1380150
1475380
1307070
947390
1673320
1359470
977300
1763740
618010
1801460
1899950
966370
889730
2024870
1494570
1541520
1179150
1328620
896180
897930
511760
1013950
2355080
1724290
1739800
1188720
1078670
897210
1006680
919320
1659320
1032580
760050
1691290
1147850
2000310
1774560
1141990
1843550
1263700
934590
892830
917240
1245060
1105300
2156290
810500
2308870
1679840
1179500
1729120
824430
498710
970470
2315450
1147980
1762840
1899790
717050
1604280
1008450
1526870
821320
1991850
1279590
685400
1715950
2065200
974520
823470
822700
1102260
2073530
1012600
821550
2181110
926110
1468180
1127070
1714070
1247170
1401890
1677220
789730
1419290
1355410
1004600
2216180
1490060
1984790
1862500
1440750
1592420
781650
2280440
1112840
1389630
1051130
1965610
1141290
1190230
693080
2278920
2116950
1123360
2342710
1113230
1160050
1551730
1742290
824220
790450
763350
995890
988890
1175070
1348980
2079400
1928710
1568330
1900810
1720580
923670
1015550
1271740
1612950
1637100
995990
1802980
1516400
1020610
738900
2098090
1875530
1617390
1405660
1651410
1524810
1152330
1187130
1683730
1139470
1391450
1029110
805350
1510630
858320
1827450
944810
845250
1729710
929600
1093300
800840
1469300
1568500
662170
2205470
1029980
1766540
933920
1538240
1483940
1014880
1051840
2262230
2256650
1130430
1503370
2180680
1926620
770520
1146430
1952780
2309270
962270
1217090
1514460
2495980
844900
1019060
1167150
1010410
2508960
1028910
806150
1336460
831510
2129910
1727440
1295860
1406040
777300
1158230
1013190
1487620
1765700
1958890
1705760
1172140
923120
782120
1929760
2012270
943520
1396050
1840060
2292410
1050130
854670
852340
1715850
1716050
782630
2318280
1682890
1969000
2366000
854690
1144170
2339980
1262110
1598410
1067430
1063230
2350430
1868550
1732140
2237350
725850
1266800
1737150
999040
1445240
1682600
1082200
1881800
2226160
2250160
1625370
1608980
1620160
1781720
1842380
1683620
1081260
2023640
1867070
1115380
1502760
2009560
2363580
1795550
1808130
1533590
852630
946950
2336980
959500
1639120
1230340
858940
2437890
2186140
1567740
1184260
1373670
1866970
1327970
1340410
1330120
934850
2382660
904130
1366930
1213390
1145410
1289010
1566550
1178160
1021770
862250
1358860
789210
677260
1123300
1175970
1599510
1105740
905260
1880890
1270330
700450
1877190
1253580
942390
1824170
1506480
975410
2326300
837210
2339580
1208980
743100
1812280
1216480
1584860
1749380
989540
1844100
1635600
2123560
796950
1332370
1115870
1829850
929330
2168000
2060730
2074600
1237090
2068350
1229260
1579490
1903060
1031090
2451860
828590
2077310
1108020
1611870
816160
897020
2051630
1018560
1024600
832420
1134050
598600
1307900
2124390
1197380
857700
939930
2176310
1562150
765290
917810
926720
1466570
2267930
1250700
1664240
1065110
1719880
1715660
1158430
1177820
2120340
1091350
1410560
2173620
1134040
974060
921850
696760
976840
1897340
1131110
2203690
800980
2254310
1424700
1657290
1728960
1272200
912260
1920500
1916100
1589880
1523170
861290
857110
941390
1192160
2216690
968540
815860
1385730
757730
2412170
2211110
1012990
1376590
2227630
1644930
975600
1282110
1842430
1690290
2363630
893140
1472960
1071610
1826030
2249210
851280
2318920
1991900
1454950
1862070
1105410
2004490
1675030
1543970
847630
1398440
2133590
1535550
1007880
2249040
2097490
1474130
1370600
1937750
1426950
1320510
1447420
755800
1340740
1563530
1762450
919220
861180
1116290
1786730
1258640
2280650
1142070
1518870
786510
1252190
1907020
1171770
1918260
1436240
2149900
998480
1519910
1192940
853700
976320
1385500
636230
1768540
1377060
1526090
2160000
1690560
1141390
1296190
1358260
1165280
971130
1285540
804620
1651930
858170
1068340
1667120
1689870
1891620
2007410
618260
940240
1394420
1404360
1793120
654500
1208460
2353900
2211750
1069760
1423270
1783310
986830
1401500
622510
304870
841460
1714650
898120
821920
2183780
1368400
1331670
1392340
1640760
2083900
2190260
743230
1392690
994910
821360
1043020
1474430
1166510
1067400
1911800
1846340
1904410
1618310
1059320
1003230
792060
939200
1100340
1255380
1763150
1856970
1385990
1539600
2144080
413750
2050080
1372570
1219420
2057300
2184610
1176590
2012630
816710
703360
1871090
1586110
1072390
1196660
862370
2004090
1956040
1182040
859660
1576230
1959490
1590230
1409610
2473090
2135780
1147620
1388350
1629910
2430990
1475420
1444370
1413070
1902150
724910
935960
1029840
2230820
2381710
1208520
777580
1100860
1794160
912210
1060000
1238980
2017890
1777010
2307630
1167530
2010960
763340
804350
742990
825480
1271820
1009240
1739530
1561100
1461420
1063530
1106080
1057740
1408410
1718000
2194980
686630
1366150
1073080
2085460
1520640
791380
1754380
1619040
749320
1009350
711690
965490
1283620
1585500
1160360
1698800
891320
943190
1283450
1089760
802050
876580
880840
1368780
1191860
1704260
1790420
2194160
2138140
1295730
1467810
1123900
1755180
2141820
2349550
890220
1215350
1195450
1282930
1162640
1318280
2336290
1978180
1380510
867640
1729900
2197050
2382290
1239000
780430
2072130
2000180
1448640
1249150
2250340
974930
1808690
1069250
776960
1636910
1165540
1372350
2352500
1851470
1854160
2393660
2157860
1413650
1547470
1453660
1636420
2190200
1101770
1600760
1420540
1264310
886430
1988210
1401360
815570
2131180
2152690
815440
971780
1342060
1133310
1398470
1801030
2000320
976870
1468380
1620390
1227150
2005210
921530
942340
729820
1221330
1627710
1172850
903830
1097330
1602380
2168490
1540830
1356610
1740490
1445110
673140
1149210
1386440
1000760
1219500
1376090
1033710
763810
836440
1250790
1267550
803960
1213460
1195530
1962840
2069040
1384820
1570200
1128220
1686340
1600140
1221630
1293990
2243050
1213150
1032560
1730670
1172090
1196970
1230930
1537820
1161910
1802520
791740
1614850
1635980
1425840
855180
1656300
949570
1990480
1549620
1651880
861930
708420
1846480
1199650
1911590
817160
1015100
1467240
2457970
827900
1630130
1494680
1632280
1384770
1212680
1489010
1530890
1373440
818960
1166110
1116300
1333890
1999540
1312310
1799710
1058510
1556040
1068980
1204650
813540
1505620
1604060
872970
628730
1006730
1402460
1310350
842990
1193600
1684710
1005330
1192270
815940
2002550
1211800
818760
1537910
1774110
1295260
858380
1280370
1581580
1284110
2110540
1170830
1156780
1232330
819270
1074310
2146070
1578300
770360
891310
1928790
1408430
1340260
1960920
2346550
1236530
1444410
2318020
874700
923890
1180370
1014280
1062690
1705580
768770
1053170
1477920
1128650
1470720
1234850
1767580
1542010
2088930
897440
986020
885080
849390
1734870
751530
1433310
938100
1508370
1825080
1116960
878150
2506430
1460200
1221880
2412050
2271940
898400
788960
795910
1292250
1509360
920450
1983600
958930
1013650
1342540
897390
1062530
1644510
1564090
1730310
2202500
1067040
1005910
1072110
2161600
1425030
779070
2285490
1205060
836330
1664430
1594170
1537800
2178170
548390
1537430
864590
1708420
2019220
1795390
1129670
1780340
622980
743670
1635030
1052970
684210
1026080
1305350
1725990
794830
1362910
1581740
2281860
1966690
2229570
1077850
1258900
1789620
1120770
776780
2003270
1231040
1102210
830980
1066140
2188480
1014020
842350
2435930
829250
865860
1412250
1004000
1591950
1486030
1472250
1434940
2368860
1351560
1571220
1450280
1949810
866720
931860
2152070
1208760
1336970
745740
1056480
872490
1619590
974920
1752060
1171370
1601850
2243880
1587750
974600
2115480
1593170
873850
1593930
1593260
1014620
1350780
749150
2293820
962170
1309870
1074170
1790770
1089710
1907810
1775470
1188690
846120
1134150
1454690
1041160
749920
1265970
1493970
1441340
759750
1645680
2426770
2004610
2433150
840590
1762120
1895890
1008010
1095680
799300
2097180
1043790
914260
928350
1670070
1217480
2347580
1217330
2263390
1558900
881750
1464420
1721130
1406610
1487440
1018090
1469370
1507620
809770
1014240
1234600
1350210
1153110
2190760
894570
2420960
1584540
1527830
1204660
854830
1757430
1239920
829410
1716940
1448090
942520
1253030
837900
2517860
852320
2008850
1380720
1227040
1854430
939790
1357400
715280
1932100
820530
2093640
1405730
1493310
2075930
1151320
1565150
1283630
2051820
2081640
1169030
1980860
972480
991240
1063070
992970
1702350
2417140
1294000
1399180
2313970
1975320
1080370
2531760
1028830
1057980
1197390
1360620
1433000
2105490
1248270
1885010
1938120
1923670
933050
978670
1948450
2125250
2236790
928370
1580210
2188490
2172410
1737920
876880
1108680
1106720
1071060
2128350
1146630
2342980
915610
865220
1011940
1349920
1889670
976410
1667770
2175510
1161680
1954420
778330
1063470
1196280
1433390
2414950
1560760
878280
2225340
1860800
900370
1658210
1564410
1010270
1600620
1217200
2292960
1668020
1779840
1161570
2357450
822610
1216190
846210
1432970
2287350
1342910
1265310
1628300
1342730
1102700
2229420
1081550
1371520
1738420
2162130
2359130
1603170
796520
2018380
1931510
1518320
1590330
777160
1370060
1602980
908430
1464000
463510
1434880
2287980
1648230
1050160
1026810
1412240
1089250
1703650
1103210
1074440
1798780
1477890
873330
929740
1329830
1193460
1644640
1732730
1206010
1473880
2410970
1171950
1881670
2233370
1132050
2360070
2416000
1302000
1511330
2098280
1465830
971880
1385300
1206870
781320
1912700
1410360
1809760
1546860
892960
810230
743350
2466400
703600
2076910
1733310
1271530
823310
1190780
1844540
1088110
1053160
970710
899200
1617190
1393950
1274640
2333060
1273430
1219740
1034030
1528800
920820
892630
1889130
940350
747700
1502230
1456470
1892400
1706650
2534650
1153840
1981970
855530
1322600
1730380
1185870
906740
787710
1000900
854210
1049380
1925970
1061650
1016720
1961020
783270
1536690
944610
1482730
1122110
1632360
1790870
1300050
2159060
1201640
946780
1221660
1016330
1996930
1891920
921920
864810
1202990
1198070
877180
1295250
1203560
1973270
1174300
1272970
1835310
1471550
1623380
1477810
996080
1966700
1514370
2359570
1752760
2111060
2322020
1088900
1463780
1786620
817620
1401520
2406120
1068460
862280
1355910
2481170
1680560
2351360
1597240
1433210
911880
669620
904590
2182310
2155220
803110
954860
1076070
1793110
1639610
1105110
1199050
1155670
1582890
2143110
934920
871100
1609690
1072050
937930
1622050
2168090
855050
2059300
1590670
826170
1843350
1050230
1407420
1809770
2405920
1352300
1509520
1584340
2232950
928180
882200
2285950
1390740
783220
1080930
1583950
974220
1551480
732360
1462430
1172280
1497170
1743880
2004670
2078610
2197700
783440
1438190
786090
834060
1407240
1129700
1215950
1507270
1204950
2200470
2382570
1524370
1002310
823730
1471510
1371610
670760
1109750
1157020
1602600
1392240
885470
771100
878820
2166250
1200650
1202070
1799220
1084880
2357090
2417310
1664050
1269820
810190
1189590
2123770
2149330
1589290
1646230
2354830
470310
1642540
1216030
1513550
1218320
850930
1743930
2366530
871390
782670
2163680
1678960
2286110
2064180
1643520
893640
1449750
883190
1030730
1760590
1031580
2501550
1385570
1641510
746420
1739680
1450760
962810
1456280
1047580
1121770
817890
1068540
2494720
1260830
796510
1883670
1640100
870680
944110
2339160
2110460
779920
1952260
1134730
1719080
2007840
1309280
2082040
792930
1278760
753970
804430
1559570
2200390
807940
1249290
1615380
2344590
923050
2386330
896220
1714460
1854290
1274290
2272940
783960
1086160
1218770
2153310
1187420
768750
1144850
673740
1260560
1177420
1311660
933900
1728640
1316610
987210
1129090
2273630
1364350
2100940
1700690
1908490
1370000
1370430
822810
1014900
942900
926130
1594490
794390
838530
559360
1197060
1654620
872990
1621490
1268990
1370510
946240
1017600
1222120
1877360
1810530
1631960
965590
960190
792850
1218020
1284150
1016010
1008070
912550
1195410
2201940
1438700
1644190
1541130
1240370
1215340
1807460
1570290
1221230
1792860
1051060
1723930
1176560
2093680
911280
737670
2100980
1193040
1532770
744650
972940
1335820
1337650
1622770
1574010
1082780
878090
864850
764830
1167590
2419220
1663450
1427150
1686530
449070
611860
767970
1284050
1421310
2191020
1647060
2424630
1320940
1964580
1018900
854160
857600
772650
1599670
1381280
1705400
1974080
1271580
1751890
1234220
1160620
1017580
2315620
796770
834420
1854250
2186460
2396620
1322270
1421700
774131
2118500
1237780
1398910
1770400
859870
2396680
2155010
1770360
1104920
909110
1212040
1158650
2025840
1095380
1955490
1496180
811690
776970
1876150
1105160
1463760
1704820
2225250
1247730
1389740
1265810
875360
1249400
1512790
1051270
1206380
987620
1326920
2062920
1040590
1560540
1777830
1634090
1503280
2421830
1720470
833820
892910
1254930
2101280
1077230
1098730
1507790
2145080
1741670
1647780
1382350
1010540
968210
1463170
831590
811720
2082950
869280
1258220
1064610
1939910
962860
1586620
762360
1863550
1144150
796480
1545690
1447410
1422300
815540
1910490
1071320
770560
1038120
1887930
2184180
1090190
1351970
2196370
1031570
868660
1861700
807340
1085930
1847810
1577940
2181830
1772310
2382770
1194480
668290
1267130
926240
2134420
1041390
1103920
936000
1833650
1405470
578990
1729580
1037350
2133400
1897120
1225100
777350
1217260
1257950
1042030
2476960
1159520
913210
1265270
1850840
768270
1382770
1970540
791160
1867930
1447490
1624460
1237550
1443260
1656640
1692150
2089710
971740
2310550
1401990
938240
1487870
1589440
2061630
1868120
738550
789480
879120
1265110
1954840
1092780
1439550
819670
1064150
1003560
769200
2280580
1803490
966450
1291230
1443170
2162750
1547970
962090
1470920
1910780
1292860
879270
1193420
819060
1880250
1966930
816890
1114130
1457710
1761250
1987500
757850
1906950
1825350
2109870
1010150
1609470
1802920
2293030
636560
1441010
884160
1285630
1068720
1952930
969190
2094230
2078120
790930
1454090
776160
1223680
674580
2168600
1351830
2158800
1633580
2388980
1571070
857510
758020
1271080
1523670
2062930
2364250
941050
1220980
2308770
876960
1321760
1307270
1429800
2074700
2025330
863920
786070
974670
1708390
1533960
1710990
838740
1307490
1323800
1659650
979290
1588190
2343480
909200
1313120
1596060
1772180
790350
1722750
2342030
2162890
1583060
2196950
1241590
1475140
1923420
963300
2282780
1506100
1424140
771610
913500
915860
1618380
814200
2092130
1916630
2098470
1441670
1279620
1274720
2391310
2211250
1068640
2158740
2448230
1594120
695050
2350660
899480
1082680
1064200
1916450
707300
1889960
1951560
856050
2492800
1165020
1606950
840310
812940
1467080
2108760
1314670
743920
894750
1689190
1356470
818360
993810
955070
789610
1986550
1709500
1514290
927840
966560
1776930
949650
774531
2067570
1433410
2058220
1111830
2332930
1756330
1434300
894630
953950
1393740
832650
2455180
1230790
913320
1915700
749960
1572450
953750
1568730
2240090
2083670
990090
2026020
1029970
1370180
1789500
600520
1345350
816250
1554160
932950
842270
1079630
883070
1559740
2275780
582820
306290
979220
927970
1719830
1615470
1090530
1540680
810200
1469340
1086270
1261660
990840
1394640
1743180
1121820
1118000
1637610
1424520
796330
925040
1300390
2169250
1048090
1735160
880340
1687280
2197030
1722140
1110980
667630
2333020
2367980
1103250
1414600
815260
1482510
1227390
1956400
1952210
2323750
1118840
896030
2258580
2351770
1359650
971070
1248860
2166220
1056390
1904330
1184160
1614010
958640
1784990
2062520
656130
1201760
1058660
1064420
1271510
1339180
2000040
784950
1577160
808420
1553970
1098660
981790
1022010
2263710
880370
2016940
1732210
1094630
1378120
970690
1024330
1081460
1045060
1619220
956150
1036330
1432390
1434650
912760
1771000
2100730
1398270
1525900
925060
1481360
955250
745750
937520
1753050
1345980
1729050
1898560
1199170
1617570
1965920
1237840
1303370
1198810
798610
2102500
1867330
780630
1707220
763270
843900
1113340
1364730
1129230
2003880
2117420
1428420
1382490
1657020
1397650
2150700
941040
828080
1776490
937850
949420
1693130
2057620
2002410
1249070
1125890
837550
1036030
2379470
1390850
1415950
1357570
2188180
933160
1730470
1202150
1413000
946050
1052360
918740
1166090
1879570
1386510
2203030
734020
1384960
2278120
1863080
1651780
1308550
1332940
1948780
847680
1924100
1806400
1633750
1628760
994650
1268290
1745480
1388910
1204360
620330
1353880
1311330
1252760
2066960
1203770
1254070
806880
815320
2026370
1008390
1780690
1841630
1798600
1162070
1480740
971090
1149700
1371280
1433190
838510
2064700
1392490
2382410
1786770
1440890
1070190
1355240
910700
2437560
1045300
981270
1754260
692690
1355980
884080
1451720
1105460
1784470
1146590
1382320
1750000
719720
1870580
1048690
2149980
1349060
2131960
2110110
1961770
1646650
801180
1602150
1769640
1319430
2154030
1228860
2093760
1077520
1816680
762930
1644670
838440
2280320
577470
1749800
984570
893690
856040
601220
1010660
934930
719930
1268830
1719350
1687080
823920
1764790
985580
1367970
1659170
2432010
1231000
1765560
750710
2322950
1972050
2241410
2128440
1693200
1702130
1933050
1246120
1237490
1197010
1603930
1868240
1906670
2008040
2091300
2233730
1443360
2137990
807910
2327810
1195710
1898210
1413580
2179650
2204680
1181940
929570
1765800
925280
1832030
1332890
2166120
2188960
1785300
1418470
1373950
1570990
1299820
1279810
736820
990940
1104610
1111590
1604350
2412140
800280
1882960
1466070
1492140
2319580
2430370
681790
1743350
1233810
798510
1686570
994190
730190
946360
1748170
1353180
1257860
1768590
1066210
1052080
1590070
1216600
1783060
1127530
1203240
2061480
1350350
2239110
1645570
1389010
862920
974620
803040
1594370
2274860
821120
1390040
1563320
963680
1930770
2521530
887950
2090220
1374890
1963010
1250040
1634980
1677480
1089690
1087730
1016420
1232500
1103520
1141030
895170
1209570
1060320
1690790
2373830
751320
2261500
778230
1397160
870000
1755970
1868710
1323220
863980
945490
2020670
1933780
1293300
2213260
1828740
1284950
1155130
897330
1047780
793220
1989820
1243100
2094640
777650
2155080
2023500
789290
1172080
2206320
1207310
897880
852500
1301100
1063050
1094440
1371110
1416730
1611540
767170
500570
853120
881260
1518140
1712680
746020
829560
2121430
872330
1203680
825110
941120
2255950
824090
1783470
2319470
674730
825550
1410840
801380
1629220
1331650
915020
948690
1964820
2027420
2344920
1812430
1333300
1686370
2420530
865780
1962770
2299620
1032240
1827780
1256190
905890
1551470
1451540
1038380
789720
1052670
1462520
1910370
2089510
1589560
1727660
1898410
1526220
748060
1305000
770790
1918540
629100
1527420
2248880
1272000
773570
646350
1055460
1139130
1678710
1884890
1582090
2016110
1444190
1826860
2164610
2213980
2123070
711750
564470
383790
1993830
371010
1479140
1489110
3179260
2478120
1536090
1766060
2459750
2530560
2052990
1638160
2525810
1268590
1069190
2600700
2203070
2597610
1372990
1348390
2134060
2115850
1147240
961450
1561980
1014840
779110
1881430
2055470
881910
1279580
937460
2336180
701950
341490
1271910
1632030
1022170
978710
2152420
868950
1142220
1313090
730420
1402290
1140030
551610
863170
551620
1742690
877060
2180610
1383490
939470
1246130
1426190
1043340
1197260
938370
774901
1397040
1073020
494050
744750
929450
892380
1063280
1262460
2370310
1152000
1154080
1083070
1968730
913090
1623310
1309590
1547630
2571330
1494840
1453640
1489620
893480
2588500
1118320
1180650
1111660
2192060
2321260
704470
868240
1299620
1382870
987060
806860
2535670
922060
992950
1969530
1356710
1689280
1717920
696040
1257000
756680
2129020
1116230
1745710
1022630
842640
1653650
1007820
2242220
2290490
1483100
1507650
964230
906030
1693190
1624850
898590
1201790
2145530
873410
1145460
1023320
1656680
1514880
1188580
1455760
1297320
2534940
1050500
1706150
1098990
807920
1276300
1417200
1823760
1019690
1210360
2241200
956450
1348180
1519190
1004790
1919240
1177640
2117090
1610150
1943760
805030
703120
1734330
954160
845150
1521690
2337060
1714010
2364090
796320
1871880
1220930
1828890
1998420
1430980
1143350
1128480
767910
2077530
789950
1787800
2158600
2219470
856410
1334630
1065560
939400
1142790
2282310
1280500
1121650
1141220
1750540
733480
1070330
1600970
1169770
1747590
836300
1107100
1658400
1373290
1421320
2153000
1448460
1805070
1706720
2343850
1201650
1510280
1744650
1227900
869690
1553650
1500120
2413310
1901410
1076610
840700
922470
1391160
1986770
840620
1800370
1571910
1182830
817250
2296850
1031970
1717770
1002800
955570
1369320
1642010
701810
1587630
1537970
1297160
2088180
948200
851370
1013910
1017270
823710
1307660
930690
2448130
1228960
835520
1660180
1051350
1691360
1501950
2065560
1354540
2073050
1851410
2164930
2176940
1344930
1674770
953760
1447090
1172480
2000220
1248960
1683860
1181070
1881120
1391960
1489810
1676030
1777760
2388890
2210020
2241910
1255910
1637370
933080
1652780
1503990
1061970
1426310
2158430
846250
993170
1026020
878250
1686810
1761680
907210
2175640
853580
827950
539330
1492290
1730080
1339670
1650610
1806640
1522530
2078600
1433930
1725130
1357410
905530
1363600
2326770
1409740
724090
1232590
863150
1280700
928880
1383050
771540
1247100
1087600
984610
1767480
1431180
727460
1648900
2104920
750240
639560
1291210
2326510
1365630
1789050
2567680
1103780
1450900
901020
1417740
1574750
899990
1178200
588990
1539140
1701850
1505560
1495420
1368240
1346720
1086840
697810
1570700
1848910
2516350
1073050
957570
1004190
770920
798680
884610
1071490
1993560
1631240
1455070
887440
2099910
2164200
1009260
1910680
2206270
1007470
1333490
2146730
1222230
675410
1597430
1268900
979880
1707030
2197890
900400
757160
2053050
876870
1050850
1529110
886310
926480
1221520
873090
1394270
1253160
914680
912900
1714240
1771730
745010
748110
1098360
843520
2355350
1781590
774551
1019260
1079320
759980
1902230
673810
2435180
844030
2249540
1415830
876930
2075680
1623000
1087910
1228880
1077420
1475570
1767700
1873870
794740
2256190
2003090
1655720
775960
847670
1683310
786910
753900
1016890
736250
1184710
1587680
2199760
818950
1142360
1750990
1516760
1197320
1967090
790390
2218370
1340570
1676330
462630
1489500
1398740
892160
1411770
1046300
1737050
1186220
1124310
1008710
1767220
1087460
1607460
844040
1862230
750080
913350
1152920
1481710
1104220
2384860
1724470
1598360
1481400
997730
790760
941030
2374210
944690
1187560
2099370
1613770
1043370
645380
1144630
850950
907220
2107290
1719250
1217390
1238400
2171440
2334850
1361490
1204800
1049950
1084920
548350
1347310
594380
1052890
1123230
1272110
1513640
1635220
1351840
2446320
1316160
1373680
934520
972230
1200160
1311140
1024070
868070
1090960
1014010
965920
892470
1085310
1336620
1250030
1357640
1598970
1682870
2123320
1380010
1794020
1161120
1009810
966660
960590
1140880
1264010
1408760
1103940
774441
1709180
780740
1668670
1790640
1481020
1196130
1062080
1734810
1050700
884990
2509240
1106730
2293660
815390
2088040
1037470
1080950
1741520
1754510
1251470
1857910
1860700
1006430
1599280
1823350
1422740
856490
833750
1236240
1054590
1470280
898760
1493410
1135240
1091010
1260130
1769380
894610
2143180
1341650
2381160
1004030
2024230
2207110
944100
1841070
773910
889040
1374500
1820160
848630
1416450
1577240
2162870
1434260
2168820
1437280
1513670
1406630
727150
1570360
1888100
1724320
1093220
1238360
802020
1337820
1321220
746660
1747650
1291530
1122180
1877790
855390
1408860
888200
1161840
1385670
1336420
973640
964190
2429220
653130
1152550
2200030
2009310
889290
1809610
1391020
2443300
2103690
1941140
1522010
910190
1509460
1251950
2105480
810590
1649800
1924380
1362990
1575450
1029630
880860
2351090
1653030
525330
860570
1042860
2129030
788730
2543370
1307880
1562270
2171610
859050
883620
1696670
2177710
1201220
2066130
1197150
2470740
1611320
1056860
1306110
1919720
1631090
1719220
2209610
2388070
1787170
1121860
1970300
930430
1153170
1682120
1682790
520540
819040
807820
666630
1054350
881490
1090420
1145240
1990210
1197790
2249730
1072000
772500
1777930
1733030
874930
1475150
1924590
1742330
805090
1933700
1029950
602910
1655010
2009800
907770
763380
973250
2058420
827450
2143880
835510
742510
1550810
1661180
675750
2407200
1206050
1072210
926540
774411
1093320
1744460
1013970
1110840
2558240
822940
2443960
1101480
978380
2430510
521320
1634940
1320100
868470
2174370
1433320
2360260
1134320
1077030
1019740
931220
1046110
2068280
1397810
1406750
906750
992910
2010380
718790
1158690
886220
1571750
842510
1269690
858860
1100300
2152630
839040
1613080
1626350
1107210
756300
1510100
1024780
1973320
1260340
1661640
1340300
713740
819190
1127110
2186610
1343040
2394240
1797930
1091240
1054290
1354230
1841710
1163690
1127330
828270
1160040
2157650
1120400
926400
1580330
1525910
2376430
1128970
1866610
1076410
792000
1432630
1553420
786850
752900
790750
935110
1093870
1686540
839420
1584970
2067920
1045900
1059640
792480
2507790
1049870
865850
1133120
2159650
1206490
1572080
1194940
1794490
2443760
1564020
1181440
1194490
1000540
1316460
2238240
689660
872630
1820690
714590
1935660
1324730
840840
2390850
1810870
843720
837310
845110
1984490
1372210
1287150
1073280
1372640
2282020
505020
1118930
1464220
627890
997710
1108390
1141840
1098570
1153570
1628560
1580460
1729920
1056170
851490
1447290
1511000
2324700
1731880
1481030
650740
1304220
1064340
863210
1078340
2002140
1014450
1998760
1239020
836850
2508870
1054720
2501210
1731270
574180
1528300
1059190
884370
2182500
949810
618850
1201750
1578960
451360
801660
838330
1203930
2062130
1935100
1422090
2393030
1113390
1987330
1802700
658480
1094960
999540
877200
1166910
1687560
2549580
1245280
756290
934250
1849210
960800
2323980
949990
1814540
1240530
1180190
1295670
1886270
1633010
1681490
1850280
892130
859420
1350170
856790
2199360
1611960
2235150
1608860
963910
1496220
914400
1543320
2158700
589040
1128170
2410680
1435330
1197440
817110
1763610
1098720
1944060
764870
2309030
1595950
1230660
1481680
2165030
1414800
775270
1803600
1396490
1190900
1954440
1063770
1987060
1591310
2274730
852860
1157750
1484140
1449580
937050
1052380
931700
1495830
1188760
1900400
1911170
2274550
1278100
2006770
1584280
790230
1003600
1510410
2175390
1753370
2124870
2056340
964070
1307450
808360
1574740
1566920
1054650
1093120
1473540
771840
1010490
1027650
945580
974870
1310790
1086260
1089080
1733950
2179350
826300
793970
1242910
475070
1331410
1036530
2222490
772700
1861310
2226030
2454020
1287940
2251080
1097900
1383880
1158280
2107580
1491680
2171100
1831870
1549710
1494310
1106140
1808630
1967950
2070880
958230
1665490
1748160
965000
903790
937970
1096360
1164750
909580
1509230
2137760
1725680
1133780
965830
290180
950260
1743120
2077180
1958190
914130
1383760
697630
2126580
1366610
2531790
868150
1411550
2272070
918500
908730
749730
2010370
1071290
1504100
1571960
1375970
1120820
2072400
1645770
1564800
1353830
1018080
833670
743580
1256510
2057840
871230
1222220
1227730
766500
943590
2291280
1610370
1204380
2152990
1318840
1506230
2140760
1566360
845690
952680
1397790
968990
870090
994340
1288790
2443190
2244480
778630
1918930
917600
1164970
769600
1245580
1110210
1469490
955740
611230
338820
1315070
893090
1964360
1772270
1362830
587540
1437750
2574430
674890
793030
1236470
1491170
1626880
1038850
796430
864970
657480
2027970
960940
1606620
780230
1013570
1663580
770350
1995800
2073960
1561350
839200
2490630
1468420
2138300
1580260
2499150
1102890
1261630
1578100
2091350
1304170
1758540
1838220
1027200
459730
1233120
1237670
1108380
1440780
1280550
978250
2245270
1127840
878620
1314460
939210
1228840
700340
1825550
832770
1197360
1450410
1741730
2323540
896950
1331420
747930
1215430
2187740
1922960
1048410
878520
1439970
1770380
915960
1678980
1774650
1657170
918110
2104760
866770
1069140
840830
1679930
1586290
1374400
874140
1165600
2004980
1173500
847570
1764970
2102110
1745800
806220
780260
2199540
1361860
804290
2260800
1107190
2084250
1167430
1681840
2168240
2109380
2158240
2319550
805260
1514840
1573350
1428580
1736840
1218360
1973170
1152950
1157300
1169490
1019710
1385210
1676520
1328920
1259000
1380630
1158970
1999430
799840
710090
1182260
1742350
1534610
1115610
2316340
924870
1125930
776740
831810
1832010
1524340
829420
1103040
1841610
528940
2023910
1032420
983590
895860
1568260
2220520
1084440
1961520
1029020
1670250
584080
905270
2408610
1835810
2171310
1070850
1569170
2101340
1638130
951250
1437210
1044730
1414480
1193790
1638920
1052370
2518200
1708300
1292980
795950
1053620
2072910
1101060
914170
779240
783650
1156990
1422930
1696710
1606910
1398320
1663200
1310470
1515820
1033780
1235460
2192660
908000
1616870
2102640
1508960
1031140
2092070
2208820
917200
2217840
1154680
1555650
2006090
1759260
2458330
938600
1502730
927340
1639420
1513330
2070280
2228340
943080
1154340
2148720
1990690
763490
1746500
1155600
773230
686270
1334240
1632040
1436280
1127310
1691480
2535830
1616540
1969320
2224760
1257800
486410
1756710
1055090
926010
825500
1633230
1617360
1459250
2339020
857740
3065720
1995810
1165850
2153740
2228400
1211020
1365540
1450880
2456190
1731410
1220510
1299030
434580
1123910
1157120
1518940
2437490
942320
399720
1066420
2203320
851640
886120
2301210
1089650
1905810
1131400
1395270
1162480
809470
1521070
1707410
683150
2281480
905960
1679170
2067490
915190
1578380
1538730
979000
1222200
771820
1653770
703280
1499890
603660
864020
1208900
1365800
2541380
1100880
2306590
1542140
2183340
1406980
1166830
848150
882390
1182020
1126950
980940
1239940
2209940
1166990
959280
1384320
2062160
1158980
833090
1679690
922480
1767550
1085730
1648390
1564660
377320
1737450
1575860
1190310
1315940
1755830
1153550
1093690
944500
1173240
1394370
777000
1027660
823530
1173370
682420
1986800
1705730
2296550
2238180
929630
2254900
917770
950510
1056320
886160
1152090
888610
953290
1538040
1467060
1036340
956870
858360
948510
1207850
500090
796500
461990
1928090
1235360
1120850
1171240
893330
2011030
703960
757500
1570000
771500
546150
1643700
951030
1189820
1578470
1129540
2080470
1416000
743380
922190
595110
1481720
1254400
1454700
1222130
1666510
876130
1528020
1958540
1357890
938680
634340
1048280
816550
895400
2196230
1693280
1496640
1339170
1049130
1560500
2386750
1451480
879920
961680
980600
1447710
1887310
1314480
2565440
1419980
780390
787170
1520900
945240
1276490
808540
1342340
1121000
1330000
831110
1002040
1557580
1048260
1074770
1226470
1375900
1193090
1886010
1439320
1390340
2211260
1686010
1001870
835650
907380
1297490
2172940
1764650
1709820
800510
818380
862590
1140460
1478590
1020910
1876060
772270
965960
630630
1216320
1191080
1938290
1913530
1654970
2303060
1033930
941800
1373890
857180
1431450
890520
681640
871210
1672140
1559560
740250
1133260
879480
1207840
964650
549040
991130
2544480
760630
1175330
2461890
1269540
878510
2153780
2476490
1602810
2587160
658470
1182590
1803590
1823590
2100810
1658150
781500
1394940
2093940
1574850
1679340
904810
1590320
1769420
1488540
1200150
917020
1283740
1564690
770460
1268100
1096000
1697460
1346300
1218680
1158940
1149940
1646390
1098560
873810
1420690
1149400
1243310
1316740
1787440
1713290
1776920
1427860
2341450
893490
1836550
2278830
1857970
1523900
1302930
916480
1344950
1545430
992040
1626680
927580
875550
2148750
1467600
2017840
1181790
878660
696220
973390
1436450
1348270
1520240
796860
900010
1103550
1350120
1518020
2194670
2285520
1371220
1066130
826030
1000860
1873300
1562340
1014360
2154350
1133050
1509420
1705180
1295000
2179260
1015610
1121570
1381460
1073350
759530
1879030
788480
957070
1331590
1160490
1587020
1046210
916980
262370
1417250
1777120
1194770
1425410
1009770
1086410
814730
1269400
1209750
1494320
2330380
839960
1520060
799500
2456320
2411760
1264090
936720
897530
1566490
996850
1017180
1194930
1373250
863230
963200
939830
2255550
987180
812890
1054430
1431340
933000
818620
843990
1191870
1554050
905490
1299750
1486190
1094080
877330
1208050
869340
1267210
1193340
1035880
785430
1752220
861330
1810500
1046830
2407620
1191550
847560
1230210
1077550
812070
855730
1125350
924940
2152410
1014370
2522980
903580
850170
2162160
892990
944730
1916000
1193200
1035990
1908150
1173200
807790
1237820
2104600
2010340
1126630
1878220
994670
1498940
1823470
2173530
2018640
1061790
893070
887550
1611550
1627410
622170
2201240
951160
1505910
1582160
958200
2119670
1033860
1130710
818050
2480800
1931980
1509370
1431720
883400
778570
1051960
1652330
1027790
1813890
1360380
1863390
2120120
2222200
1384450
1945310
2116890
1084570
1387910
1488820
2458700
1335350
2309040
1247400
764580
1073370
2279390
2294320
1236430
1964810
2266570
1223270
749830
1662340
941580
1851370
952910
797440
1328530
1061160
2070980
1726590
1017660
860430
678290
605920
1049140
1573240
467720
724760
1395080
841990
1119820
1062540
1094540
1682980
1023010
1566590
1474100
2166720
1717420
1692340
1941840
2320220
1836850
1391720
2314580
1253270
1236560
1677630
1512170
944440
1341980
1678860
2084940
978960
854510
2274820
2192910
1157920
1822970
2138600
1570650
1475670
1161900
756230
1569140
1258080
2223740
1574830
2088520
1773200
1974320
709490
2491320
1394680
2303740
2482360
2123420
2504060
923240
1330330
2334710
2112090
1043890
1043580
2495340
2156880
1149570
1727930
1457180
694060
1496530
1115780
1216720
2396450
586100
1457480
1001730
1389200
1599930
870390
2130230
486430
814560
1377600
1869990
710710
1979320
753270
1873860
1368960
770870
1585590
2149580
1079260
1401680
1375530
1997670
1573580
1375280
2358970
1217230
1042130
1421610
1360790
816210
892560
1973040
1352070
1999740
1862210
676600
1246200
679750
1985610
945850
1090910
2127100
1602350
806350
1116880
1894510
1339800
996620
2206700
1898860
1261290
1164740
1938370
1486520
904600
1141270
2463830
779140
892690
2125300
1656650
2475810
852570
1317500
1392600
1264760
1342050
2173270
1782620
2265960
1738550
1453200
1040720
773580
1310650
812580
2113150
1411880
1001590
2214740
1034870
1173870
1860860
2321770
782610
2077870
2103070
1803380
1660520
1461110
2197090
1278500
1203750
874650
981480
941650
2234770
1247360
2270520
1273930
1406490
2152360
1405220
2262240
1724600
801210
1239030
2463530
2451500
1042080
2439870
1395400
1532740
1461220
2184740
938980
840060
971340
1436800
1089820
1453010
1760020
1854580
1450730
1303050
1145430
1058590
1808350
1220540
968200
2085270
989210
1628750
787550
766620
630130
1833380
2212650
2263510
1029550
1235920
1114710
1863310
804680
1002890
2084260
1442670
1465260
2324370
590660
1049220
723410
1093170
930110
852560
840300
941300
1450060
820890
2492340
708310
1019370
1534980
1611580
1410000
655740
1145270
530110
1469220
1033810
2162070
1082620
1097960
1175890
1313640
1466970
1435970
2557580
1047640
923790
937740
802720
1488000
1517870
1584690
1980440
833810
2350290
1862180
2008480
1970700
1175640
833070
942250
1019080
760030
2207520
1393810
784050
2271120
1364580
1509050
976020
2219660
2490210
2291340
1020390
913100
1786470
2011550
782410
2299240
871860
1692520
2302040
757630
1678090
1665900
930470
2337000
789510
1352130
1285920
939580
1357150
1314770
2525420
1268350
1774630
1896810
1285060
991800
1896170
957390
1678050
1063300
1737600
1550010
861320
736470
1047480
1793420
1639730
1619900
1410090
2162980
1570480
736340
2146490
1960270
2010530
2430830
1794760
618100
790080
2341530
1227360
1002500
1033250
897560
891430
1084840
1391530
2290000
2549270
1675300
2172150
1382630
1210800
2209810
1631780
990280
1842540
1063930
556530
1798130
1516750
1392570
1428100
1108250
1605520
1008580
2572340
1441480
545180
1301390
2139730
1560880
1721350
1169060
843840
892200
1716360
1022990
2377300
2376280
1923360
1501390
1519790
1630760
1024630
1587770
2212520
2248760
497870
1002750
1752690
1970670
1075190
912070
1014110
1026880
1489140
2129000
968730
1395760
985720
933250
1963040
766150
1494650
2061750
1280590
1179220
1441430
1116350
810580
1774770
813290
831070
803020
1339500
1186350
2086120
1184530
440120
961110
856300
941850
1622690
1960330
1736120
1678340
2562610
1009180
703970
759060
1029230
1222540
1338410
1300790
1454540
888250
1729830
1901810
2574520
851110
878940
827770
499510
1283590
1559580
2218460
1248800
1547420
800640
1358510
908660
779100
1293220
1295420
952130
1045430
2223700
1362460
1447140
689020
842850
944640
1499750
1369510
605230
1273160
1328190
1550020
1789310
2138290
779300
2313530
1191930
2294860
1749090
2231900
865170
1186050
2163100
1105560
1002650
798240
867550
831720
875480
1029640
1044840
1915220
787050
1077290
1209740
1815530
2063530
1049270
1162390
1443470
1063950
1120920
2350020
878110
1780840
1420580
1369970
1072640
986080
1433040
1560330
2006140
946380
2290300
760580
918320
814880
1412070
1125900
863560
1591870
1398080
1331620
1332540
1710220
1829450
680730
1547910
1482130
1652170
1039910
779790
2115470
1310080
1602330
1832280
1333090
863730
568300
833980
1933320
1973630
1663370
876890
1847100
867400
975800
1734500
819070
1724000
1059420
1225980
1117480
1450800
782280
742500
790550
1444890
978110
966160
1417730
1841250
864960
2280640
985770
2079000
2161440
1340540
1172500
1578250
1819650
819800
774191
1799580
1929630
2181230
2347200
2389600
1600550
2066220
1556920
1482580
1961780
929460
1128810
2331170
968940
1676450
1597900
1154300
806960
1055780
1325800
1505700
1886200
1282890
1573630
690840
1524990
2304310
1007210
1577300
1236000
1367250
1606030
1647440
2243480
862110
1390380
1246710
1177730
2012000
836260
883080
1836880
2148610
1107450
920580
1002480
2503220
1714760
1133580
1055490
1637070
858830
840110
2261610
1563760
2003840
2080100
812900
2526010
926810
1069130
1422200
769230
1349830
2065800
819160
1197500
1088090
1140750
609360
2064870
1625330
963960
2232130
1804070
1605890
792500
2217680
2450240
781130
2504460
2379730
921660
2181720
1988190
856550
1204700
2314160
2198170
1492150
1003450
2159500
884350
2267170
1856860
1339080
1673850
2490530
1633140
2388500
777610
1156060
2525570
1586150
835910
1871970
625340
2558060
2231870
1062480
1334330
485770
915360
793690
1591680
897950
910750
1415010
1269930
1031200
1397170
1582790
664240
826180
1243150
1206290
808020
1440670
1552220
680830
1525410
708720
1360850
782460
1101400
1963370
1857650
1074860
785830
1397540
1596310
641960
762240
881980
856390
1389180
1349850
970940
909480
2318730
2348650
1005870
2497510
1295320
1780380
866150
2418290
2001280
1799110
975290
991710
1058060
1548510
2300390
1685260
2438760
1620720
1526790
843370
985090
1778090
2230790
832510
1569270
1334900
1186280
1970530
1455220
1491540
1521190
1668590
1098150
1494990
747050
1319320
2277670
1509080
899610
1202090
1470930
1441090
1214530
2153020
1696200
1234520
1660750
1498280
976360
982250
2184100
1490410
1900300
1641780
773150
2188640
2020210
1603500
356820
820790
1265220
802070
1188310
2117180
894390
1199770
1184840
1849200
1339550
978270
957780
1156630
920710
858500
1488050
753100
1678790
989860
803030
1213420
1982230
1540570
899540
1273450
1075750
2339930
766700
1473660
897830
1271750
1150480
1746120
2151430
960320
868500
1349030
1159240
1437980
1484250
2281650
1175480
582330
1050580
806670
1018960
1138410
946670
888380
1518440
2423470
1525210
1097570
1148110
713010
871140
762680
648150
1384110
875530
855770
1646070
711980
640250
1264970
1595260
2176730
1116360
1032430
1152440
915420
1251210
1109700
826930
1354690
999330
840430
1335030
1746150
877230
796340
745970
1488100
884910
2111860
1779070
1691010
906790
1002430
815290
762130
1236900
848890
2190210
967410
1177610
998660
1581800
1099450
1838600
928680
1101620
2398550
1219950
1360000
1076600
969970
1287540
1157560
2015620
985870
872680
1945540
1740630
1638390
1850100
931270
2421430
857860
1873200
1490010
1543210
1216230
895610
1652120
1906570
1916310
925600
1374580
1799850
669600
822110
696150
1623320
1943610
2071390
1104640
2149870
1669110
2214570
830390
1385780
1206080
1243030
784940
1756320
1343140
1324560
1163130
1897490
2170230
1174890
1013450
1028680
1241810
1924460
1408060
1356360
992210
1125370
938220
1589860
912630
1115400
964170
836400
1084980
2364770
1651490
723370
1999140
1829700
949000
2145720
1655710
2016190
2171270
2538860
981010
1085540
2272950
1276410
1508890
1256870
1176160
1088160
2319240
955300
908710
1803580
2508740
1698680
1414400
1658080
963190
342080
903740
1820560
1072890
1234290
832360
1715830
2149400
897970
2502650
1054340
606790
1326700
1427420
1069050
1212760
916960
1033210
1186660
1459170
985930
2172120
1108170
721700
1916280
1755870
939230
2360710
950490
1968300
1174780
1065900
2227690
1495670
800660
911320
2101360
2505180
2122130
2201070
16900
2381810
724690
815580
916380
916060
1433890
2212690
2212280
1020030
1588000
1816910
820750
1051500
1731520
771450
1315240
1873180
1403720
2175530
1652650
1054110
1042990
1272240
1296970
1177130
1761260
1541790
786590
1519130
2330550
1622340
1372810
1566340
2013130
1815350
992960
1118390
1144690
1626460
986480
2225210
773650
878580
1871790
1634450
1170170
887920
1988360
935320
848740
1024860
1377950
790630
1383410
1946010
799590
2354890
1211780
825100
2182170
2328890
801340
1604110
1171310
807890
1554650
1855030
2295390
1861110
790840
1031790
860910
983120
710280
1907820
687920
601250
1757560
1518100
876210
1481810
1106670
1058570
1871500
1892340
785070
1463920
838720
2272430
1963580
809780
1823910
2378970
2110430
1081850
2377490
996280
1601190
2218800
1087190
758980
1378870
2094850
801760
963490
1578890
1228490
848610
2523550
940070
620190
1177330
1722890
2181610
1380410
1343550
849000
1491920
1422150
985420
2545130
965140
728630
1288040
380650
1937700
1537850
630490
2096080
768370
1086490
2377120
1041020
739780
2204760
1669170
912660
1397920
1597870
863660
2550370
1225380
837400
771250
1016860
1111090
2181480
1867110
1119480
2120680
1304130
1567870
2112420
2006530
2230770
1639430
1279800
2189740
874180
1361790
864450
1147130
1944630
2067000
2559360
1654530
1206670
1012850
2471480
1001810
860870
2063430
787160
670240
786120
1440380
1878850
859950
1228320
1273720
1222020
1890550
1144820
2283940
1579200
995700
383940
1898630
696880
1837900
1245370
1857340
1100260
1428520
1251630
1652490
1712750
2075760
932270
986070
1963520
1023650
1570730
890340
855620
1105770
993330
1110770
1006720
1812840
1915660
2086980
2099960
899240
909010
1766550
2153140
873610
1009230
951470
1729660
2171750
1347460
883590
2374010
1210470
1622920
789980
1610130
856610
819730
1123310
1668720
1276750
1849260
1571090
802930
996230
946400
1200590
1558600
1848080
1829940
1159430
1050000
1902830
2494410
1646180
817600
1522300
440100
1173070
2134360
1844580
1265730
2435190
1456630
1267870
1371510
2246740
2240430
819470
1315680
1375070
1688340
1687780
1205650
1005130
2388190
1485760
2293210
1690440
793170
985560
2298500
917550
1028610
845350
1641880
1419440
1899980
2136860
790260
1482430
2236230
1406710
1559970
1557200
1359970
852310
1121680
2484540
1992480
799530
787420
1123730
937180
1091210
880180
1839320
878400
1687150
1717080
1131160
1311770
1601740
1514070
862650
954170
869750
1319880
1145380
1342890
844390
1059980
731890
2567670
774661
1007630
977410
1333860
789700
1606130
1577470
1532200
1395780
1989560
1269510
744980
2218850
1247490
766430
745680
887520
938710
966760
2212600
788640
839230
966590
1485970
1032090
2535910
743960
1204440
2225220
953270
1054090
1335360
931940
1104690
2292710
1450310
674370
744270
1567550
870740
389710
842140
2169000
1016000
1586840
793570
1021940
2541360
2174160
963590
1450610
783240
1013000
1433240
2302990
2588190
930600
830360
2142820
1696440
3101770
1741400
1857160
1853650
959150
1218110
1539580
791770
2540960
1090930
788630
923910
1802550
2120310
1093790
1151160
886630
1084120
2172870
2537490
903780
2091790
340190
2088570
1745170
1073770
1201200
1256830
2348290
2505780
532080
904780
1859680
2152050
1827770
883930
1026770
2419870
1197620
845440
1456770
727570
793600
2027130
713500
831250
877960
636070
786350
1980260
1061600
1503580
2196050
801910
2388020
883370
2239850
1232260
2057430
395570
2432060
830710
1035760
1563340
451930
2145000
899930
807990
1728980
1029570
1428470
827410
1455300
1393320
866520
873220
1551530
2577140
1285230
1505860
518150
704020
1972360
2486970
2170420
827880
965760
1168980
1065580
1979570
892310
1140110
342940
976970
2115730
965610
1960890
738440
919160
1893820
2553290
1177340
1494500
904860
1093800
1914700
938350
1235790
1856740
1451840
1278670
1105600
781440
901000
1199360
1306900
1116860
1162990
886710
1108120
1014100
2052770
2157050
1008870
1723740
877980
1208830
2331360
898460
2553510
840920
926870
1958750
1493690
1992700
779610
895150
1071700
1064320
1237050
1102510
1274930
818400
2490750
954970
879740
953380
1882750
924390
1500800
673580
1234160
2188260
1520270
2571160
2432190
1429500
886370
808450
888740
592400
1727750
2381670
1754050
2580150
2071280
560550
854680
882150
903710
2179380
1836220
2492390
1203990
2279270
2461150
1455680
1645780
977780
2490240
2311760
2435960
871150
2180750
1092180
931070
751730
1944910
818640
919010
2116670
1092500
1256920
1638760
1493400
1672240
1220600
2563930
587520
1458340
462100
1883800
1256710
786840
964210
845490
960220
815450
1004320
1015120
822800
676510
888220
854770
2094570
1324710
1927930
1000870
1529430
2022230
776450
2389770
762630
1233230
2114090
819940
1070980
2244500
1060460
1174380
783400
862990
1074040
1208390
2236590
1062810
1265260
1671280
941710
1013960
1116110
1499990
945100
2386410
738700
2141810
1538670
2332030
1024950
1368350
1684760
873000
2444810
1531650
893910
811950
1141070
1009040
779730
2259360
1040750
838790
1843050
1377030
758100
1422680
1327920
1769930
1785120
2196780
1481630
1064080
1109350
665840
885100
781680
1086630
2199490
1078780
1007230
1075910
2291220
1314500
786960
1337810
755340
1059740
826230
817360
843740
1183670
2495150
2310500
1012110
1847290
712530
1589480
996860
2139350
1054460
1440090
1126110
679700
1876680
1095750
1592210
1303590
2349060
668430
987910
2210800
2502040
961710
2400880
1259160
1056520
1707560
1799290
1184010
1361750
931880
958680
1134520
1857370
1534550
849880
1645150
754380
899100
964420
849210
1100510
1951700
758560
2237010
2413940
1294230
1019820
1044030
2222540
1449540
1530720
1221440
1119530
1399040
1246950
2351100
792940
1510890
1209980
984450
1419680
2583690
1222300
2196210
999860
810050
1211610
2454000
1206790
1222160
1768270
1577050
2375400
898440
1274970
2571490
874690
1114910
1581190
1752430
1575680
1542630
992250
806470
732400
1613470
654940
2319390
1222210
2091980
1070150
1133430
2084180
1376340
1464910
1279220
1061240
1780940
1850070
1215960
1506710
809200
1403740
1887360
1761900
2291090
1474840
1916420
1935790
2451250
1619790
1457030
700060
1032790
1337660
789010
1333650
801840
2230000
1351950
1070320
1694720
1514980
634070
1550780
778870
1192550
1889330
868810
1049840
1807480
2067790
950860
1314410
1097170
1147520
1917610
2356060
1188660
877070
1432930
1586960
796780
2087260
1528820
1710290
1934540
1434160
972290
1111610
1176800
1381780
1477130
1464500
971350
1385920
1731490
552060
888480
1655480
1662260
984660
1068910
1483140
2070830
1989280
1151530
2371410
1831990
1166780
772080
1028570
833990
865190
1705500
2507080
2425920
2183480
805820
756980
2129050
1492250
1693750
2000540
1209190
1766380
2077380
1079560
817440
1443640
2194950
833110
1002100
854810
1283990
792190
1251560
772090
1745790
2253950
793050
829490
1387870
1213140
1763550
1363140
2131620
649240
897410
1835510
1585910
889850
916330
1031310
1037850
1650430
875840
1891930
2482010
1376110
1791870
1078060
1959050
877940
2171920
1991860
2101990
1587530
932240
2288020
753440
1165180
1011460
804900
780710
838370
1157910
1787820
1659760
2356930
823600
1507570
804460
1197220
1509770
2178470
1409160
1169110
2201190
1239120
1083810
1447400
2437160
2358770
705670
891370
887870
887830
1285310
1424290
1013040
1353300
1304810
777460
2215190
588440
792400
1168250
1491200
1016660
1042160
734290
1001170
1601830
2380860
1063210
1471460
1046370
881300
2022060
1359000
786400
979300
856450
1157700
1469860
2218140
1621200
2175450
602240
2347460
1066440
1292240
1545990
1065550
2147340
569870
2060230
1244140
947940
1215180
1102030
890470
2091620
1506010
860660
868210
1367880
665640
967450
1151430
1764530
2567040
889150
1050080
891220
1841760
878440
1542810
1855020
1943740
894000
849790
1302570
1069750
1474390
1818280
2434910
574530
863420
1301850
1838490
1715370
1474780
1020650
960740
2185810
863290
1045590
1039080
2422590
930640
1859030
916120
1101580
1851610
1552630
1965260
2096310
1226960
694720
1622610
1692470
799340
1471600
2541440
1298310
1494390
1106750
871330
2105450
781110
2150950
2318180
1857140
1150820
858590
2251320
1118920
1037430
1174820
2335640
2605110
1959880
1333410
914250
1453350
1236670
1836890
605760
1569370
1515140
1461130
2421560
1813730
980640
1131270
1104030
1117160
1988930
2567230
1608470
2202470
1895080
729680
775620
1150290
845040
2027550
929060
2184720
614940
923780
921450
1103540
1270570
2362540
895080
927120
1361660
1996760
1340180
1352480
781630
2285540
1348930
1934020
777850
780720
2218910
946210
2551810
1578390
1021890
1482890
718020
807570
758280
841340
1504690
1113370
728090
1930600
1105620
1539890
1607980
949210
1667270
1229310
1856090
1341660
1614680
1770810
1844860
841980
2105990
1514780
1996380
2364880
1628940
1700960
1053000
2237940
1848200
800130
1821000
2263570
922810
1714250
1078380
647640
764370
1430180
796640
1459850
2262610
2191550
1093750
847390
851180
1255160
924420
1468000
1506640
1154350
1119670
846040
987780
1618510
768580
1173830
785620
1423450
1968710
1761660
1628000
786130
1190130
823180
2485460
571100
1774060
1737440
2410880
341950
263920
299780
283040
18300
1902870
2334280
760320
2080010
273830
1906510
2186680
667600
355050
304670
312410
355330
281920
1229020
243140
1554970
2235020
2085000
2178480
2142330
2170370
1759380
669950
448080
259470
278620
1419150
743130
548050
305480
528430
742700
1285690
329280
1023060
805270
1937180
787840
1358030
1689520
883810
2091500
1174090
863400
948350
833030
1054370
1496710
2443410
1090250
1202400
2054220
631950
626730
2063700
2207600
1013320
1355780
1374230
696410
2087000
1367860
580640
2191670
1088070
2553210
883560
1098610
1713550
1259510
1571340
772210
2494370
1133060
869170
838820
780160
1371350
2084590
944710
1784820
1044800
1206660
2295520
702360
2296990
2176880
1448230
1553890
1764870
884550
1932570
968380
644010
1862850
1592360
2019920
510000
834340
1714620
913450
840510
793760
734980
1369980
1368840
2132480
1724770
809180
885510
2363270
1327720
1348760
2583370
2183920
1197730
2056690
1586750
2131430
840580
765240
1997630
1985710
923590
862730
1160190
2088750
1243580
1378360
931950
1040630
970190
2262930
803320
810340
856080
1190150
1736560
945890
1569120
1628370
800700
1144440
1491120
1332840
2167100
1102650
1497640
953640
970800
1635450
2053990
1095140
897380
984360
1109170
1243560
891950
1033150
1176970
1558290
871850
1786010
1391350
1266120
958850
1208540
1654520
987850
1659090
1026380
1377380
486320
897900
882110
2561280
1621070
787250
1305500
972510
1057770
1479880
1558070
1316530
1813470
1382290
2409500
1025870
1198900
1871830
708990
1484660
1515600
1662860
808800
1407140
1373830
908320
909630
1408160
1055690
1079890
1557880
2180070
1191330
2343120
864530
751240
563500
2426100
1885460
963510
1135560
799660
501210
1122360
1000480
1001910
1195220
1911780
2095080
1407890
1744450
1820640
2138580
799460
929530
1170720
1801060
1617270
945950
750440
1895040
854890
1275370
851570
824170
1041650
1013600
2167580
2141520
946810
1655420
1465380
626130
1131240
2363920
2234020
1213760
869130
1144100
811620
1174550
879030
1502010
922630
1489520
758790
1012830
1718870
833370
1342360
2070410
1459960
1109940
1142410
1097210
999270
802330
418940
1948980
2156300
695360
1216350
1698630
1048790
2243980
733550
2317950
1826090
1570420
1368420
1118050
1188670
2180580
1235160
1681900
2116280
2186970
1109960
1097750
893420
1851010
1013290
872350
1294120
1380400
870160
1513270
1201380
1053830
1160950
923970
1970440
1339810
1250210
2243140
2491260
1132160
782070
1530020
1670240
1557480
1347760
995470
1335210
2167590
835620
1921130
1528980
1617800
1097240
1051570
1222250
844490
2279410
830540
959920
843500
771680
1511630
2153430
955750
2238430
1461410
1706120
346130
327560
404530
1227890
324070
420550
1293650
1306570
1490620
2449060
1634990
848120
707010
1013540
2478240
630550
1121190
1791610
1680260
1842730
1360580
2442860
1115620
815100
1059660
1201730
1455540
802200
1613090
1962560
1885160
809540
1677090
2538030
1436810
1828070
1795780
2341600
860500
2585260
977830
1926500
1484100
1037570
2103530
1045310
820070
1073490
1610670
1693090
1924020
1215990
1942510
2002220
1184320
2322050
1078870
1725860
1231670
2238440
1180630
2492400
1676380
2170160
964220
716750
1872760
1045390
1119860
1146230
860860
1387400
1460220
1808620
1145590
1587130
2588850
1177890
1514650
1079000
1651560
2230170
1141160
797040
1064650
1048580
2321210
1009900
759830
1777980
1315100
1656050
2234820
1852140
1476680
985000
1163740
1061460
1419070
1910330
867420
1739710
1193490
1983220
649450
1026210
997950
2220320
1089590
935400
1766580
1456640
1103160
1808060
1066660
934630
2376990
776190
2072640
1357870
1909150
1113240
1041130
1310510
1815050
1600530
1138440
2587010
2526940
1160750
2245490
782050
1640130
1217250
1112200
1562060
805850
661500
917990
754500
1745280
2204040
1016690
862790
2091720
2530050
955640
882640
874630
1081470
2367650
1250220
777250
794640
977270
946500
704430
1169690
730780
2259190
937870
1899820
1293540
763610
971530
1674720
918700
1824830
810360
891850
1375650
1763330
1066240
1746620
863380
1620030
862800
1616740
845630
1137490
858060
1064600
1504570
2136480
1948430
782210
828410
760220
965580
779160
1237310
2323440
802300
1013410
1528240
1574870
1689720
2187370
1465950
767360
2075340
1399760
859560
1124000
814590
1154490
906650
865870
1364710
844760
2566430
2125340
1023980
868710
1340160
1179190
1802720
1491340
2086190
887730
868180
934180
2248820
817980
1684100
2483770
2230030
765570
891050
1234040
1612540
1484580
878970
756360
1193560
1604440
1059040
2098820
802310
2260230
1430970
889770
1018110
1748750
1102150
2057110
1097430
847780
1021220
1436440
691910
2429160
2468030
951220
1091090
966250
806910
791260
1986170
783260
1392770
818150
1019400
2303450
883780
1146480
2198070
1750490
1228330
2226640
2009220
1030410
898720
1007950
1581500
648050
1860930
2346180
1576950
1268150
1670810
1339340
2143160
2135030
768630
1586120
1412560
1665170
2216960
2072080
2250690
2441270
1809160
2379720
1563720
1850420
948470
1171230
681990
1649630
1768780
1556540
1101960
827560
1582380
899000
903180
1220830
1966300
2086150
1435960
1570620
2027860
765090
1352040
680940
1494780
849600
1710500
2463490
841260
638990
1407620
929690
1433470
1274560
1562240
1923650
703030
1671240
1039430
1388130
1036240
2141730
918080
945540
1827660
1889710
941340
1094780
915460
895930
704970
1529860
588140
1241160
1583080
899570
1360600
887970
1127170
1041140
895760
1619830
2520610
1114650
1567080
882460
1735640
668910
752520
2547640
941400
1009960
877470
2151290
880210
1184550
1289610
2107040
1223530
688350
1224380
1749430
1715380
2107710
949910
1538640
1502620
1101420
940180
1741080
1428680
648890
2121260
1273790
864920
885090
1161770
2109600
1294650
1503790
1148710
2247640
1547670
1012410
936620
1683140
2163710
1229960
1732800
2178490
777820
839350
1772480
928410
2573770
1253410
1398010
1119790
770270
882070
1594310
788390
1458990
1022980
810040
2113030
2452220
822140
838150
890710
946610
806840
1132670
2270120
1274160
988250
1119110
1458650
1734310
1098250
1711600
1028730
961420
1778490
1020440
956310
2063580
950620
1019040
953150
1565210
1662680
749540
651150
1379670
1023510
1112620
2102330
2141040
1628620
2444840
970300
983340
861350
960600
929150
757590
1833530
2358170
1757870
1003880
1218230
1055950
772590
2100010
829080
1265510
2565340
2301470
2257940
1600030
1307890
1037940
1025650
1179400
1342090
833770
1889640
1819770
1876340
1485370
1429400
893650
846880
811480
826160
1950460
658880
864730
1512950
510500
1498250
745270
2226470
705040
1505670
1640090
1143770
810800
1530750
2158510
912920
848010
1234260
1280070
517280
1516940
776430
944120
761450
1389030
930700
980440
1189210
816030
1482640
1007430
1495320
2473470
1651540
1765690
1385460
1890650
1407210
1342520
1403270
990750
1257280
1160480
392040
2404800
2113230
1247720
818070
1831370
2097480
1113880
1081670
848400
1805360
866900
2020710
1344440
924460
1640890
2005810
769640
1086180
1525540
1570330
2269070
2103020
924020
1799370
908260
1026110
1592020
798840
2146720
1748740
1324870
1252210
1990060
1313340
769930
984910
2540310
828890
671600
787460
761990
1029340
800650
1031330
1355200
1856930
1096560
1152640
1112010
1193730
1069740
1626180
1523010
1242630
2317540
1293970
1447730
1501690
2001150
1103980
1062550
722290
1190760
1555590
1012710
1943070
886040
978650
973450
883680
2304900
2381270
979890
1756920
815030
799600
945140
783310
1659300
798710
1094760
1201000
2271000
936510
1114940
1022920
1427760
2228040
1181820
2272730
1081540
802390
1024220
828970
2429260
1393830
893900
1351900
1873230
682620
1280380
1326110
2102320
1465070
1285130
963720
331430
881310
1908240
1700780
1843030
2344820
2215170
1379350
966180
1787670
2208040
1452260
2275120
930230
1508250
1603720
1168650
880770
909270
1343520
795920
856650
1103330
1077200
1675430
760530
1226100
1006090
2558090
859990
1060160
1226000
975690
2174460
1610070
1727210
1076450
791570
2382250
1927520
610730
1057780
731310
1201230
1684410
762950
672490
1044820
784180
2547030
1024460
926610
1575590
1668880
1215000
992990
2502350
949070
1280290
1700870
1150500
553560
770320
757420
943900
929140
1269230
817370
2569680
833380
1703500
2179290
2587880
1152160
1155120
951320
1756160
2480720
783230
1196240
1511950
1433990
1697110
1095610
1531020
1420400
890570
2340910
1487800
1145660
2011870
2542430
778240
1064160
1480810
808990
1680050
1385690
1769630
1567680
1082990
2215570
2351160
916240
1416850
774051
1662010
824770
866100
1683380
2548070
1440350
818780
2386580
604530
846830
1989200
1202410
818570
1114230
895140
1183480
1203490
865250
677450
2255380
1463500
1761740
814740
1517850
1271420
1641650
2151820
1159340
899630
1181570
1103880
763320
1284260
1161270
781030
811790
1414230
1008890
1528860
843730
1803310
1575510
1731260
890310
1838780
1158460
1023100
795580
1118550
508720
659060
1041690
1218830
1401400
1859310
814550
873930
1246940
1214470
2574420
849090
951240
1914530
1060890
1278750
1141170
1958230
1611650
814420
1005780
1459560
1026760
682790
1463700
2380450
1007740
956580
1730260
1291790
1228570
780270
1169780
878610
1801830
1198080
1139680
2249080
1755270
1054700
2574190
1122780
2136450
1463050
1346460
1440470
779130
2450540
1741420
2063120
913910
1656860
407050
1400260
881130
910770
1893050
786740
1167760
1845790
2076810
854310
1398990
1001970
1172730
913970
856570
920470
848470
2088630
2066550
968920
2262970
617450
802320
1309820
698600
1194830
1799950
1766160
1712110
1184190
1468610
1979210
1347110
2072660
907410
936980
1776650
1471410
1368480
1380910
914000
1202930
1927440
1198860
823320
1077530
2191610
981300
1331080
1806420
2019370
1607620
1850490
1101760
748050
796590
1481210
2190390
1487940
1010860
1211230
686770
1059150
966140
1924400
1088010
2191230
981710
984070
858250
1519530
1572230
1646790
1084360
1544240
1808810
840790
1747220
1764660
1372310
2286450
1365620
911010
1457320
1741160
801040
2279740
865990
2348120
2178560
1375440
1066490
1204320
1564280
998760
1037990
856670
1719390
803310
2099220
992330
1647190
1258980
837430
877010
790060
966190
1032120
1296540
1874380
1476230
1723730
735030
308540
879250
879580
1187520
1552620
2583000
2347890
2154890
2451880
1985960
750170
1339870
1050540
1572220
1990880
965640
866400
2114830
986490
1156910
2568880
1039370
735600
2134030
692780
1926670
904950
982840
878350
843650
1367980
1026840
700200
616390
1665600
1371560
1105810
790130
998270
1734680
1370170
1269960
1598470
935350
1788720
877340
664720
1503040
1509810
1886120
801890
765170
1994400
1125240
1137040
951330
861080
799910
845590
1878810
1019030
1715040
1091110
739820
1634100
1445370
1811590
1045730
744880
850740
1338920
730290
850630
801010
1200710
1517120
822710
2349870
1466100
1704920
1302230
1163470
731250
2288250
976340
1388690
1376830
2326450
646830
2553830
2002560
2116980
1622970
546160
1791080
1052420
1066460
1408590
2061680
2163330
1173380
852780
1071760
1641730
2246290
1482770
1228820
2180600
1463900
1100500
1021780
776140
1000880
1321030
1560250
766650
922560
1322370
1257210
1916740
1810960
2564740
1578170
2365140
1113220
1839780
1039350
2065330
1876670
1005930
857850
798670
826050
2515500
1889620
2135320
897910
856160
1063990
826430
1198380
617650
1812950
645720
844250
2314950
814310
1258090
1877320
1588690
2189110
649770
1232890
882280
1702390
1416180
930280
2254030
1073140
940870
1401560
1570960
2325030
1032830
1251410
1862530
1994720
636620
1155810
1133070
2176160
1142240
813170
1084350
1641580
769940
991740
1239050
670280
943130
1351880
963150
1405360
1470750
1087480
1051630
1049630
2558800
1479480
1218250
1701650
2375020
886300
2271300
1037410
1192900
1952900
1124010
1557420
1975730
1162050
2398300
1335400
849670
1292050
1834720
762270
1076730
1343750
853220
1262170
907190
1739070
1524630
1648800
1057700
1585660
1635800
1060230
2338950
1092140
1074680
812040
1912460
440640
1411460
1834950
818350
877680
793560
1181970
1446510
1068480
1353160
849270
1065930
777150
777530
2140110
858630
1111300
1213370
1675600
1085880
750420
1606800
1765040
600670
878780
1639390
2160840
1622510
1454550
765370
1179570
967440
1958950
1394130
1136010
816730
765730
949690
1079790
970450
861030
1652090
886250
1715970
2063690
1185580
809480
1957230
1488560
1070110
2184270
1077250
1820380
1304690
1929990
2116920
2560520
884220
2271760
775940
1254150
1957620
748310
863670
869550
1559600
734450
802260
1068210
913890
1218480
1511620
1660850
1393100
1751110
834140
1179430
917740
923340
2252530
1837570
2244640
1561040
792200
1189350
1683610
748820
1301650
1985420
871190
1559070
1742340
1842480
1203600
824720
640690
803570
753110
1401870
2213340
853450
774541
1202790
1308740
2275640
1694810
748780
1422190
1261180
931260
1497590
2504000
1730650
1151580
1691990
1364290
1491660
1026060
992730
1981570
1181900
1781230
1211710
1986790
1053870
1707470
1010740
975710
1034040
2064230
2127310
1889660
1053920
1946300
1384620
1619940
1236040
340500
1638630
1059240
1450160
2312110
1745880
1223380
963290
931780
2376510
1103870
2314650
2140700
1020660
923650
858560
994520
769420
989140
2503690
1592390
1481310
957660
2105910
1187330
980190
1531010
2370540
1119970
904960
2354600
1189650
845530
1131930
800720
2127550
865570
1907180
1547440
904900
2243070
1489150
947430
1516730
1343620
1000800
980360
950140
1188930
1332220
924250
1432840
1402390
2186980
1915510
889700
2166020
1910860
2566230
1830480
1070350
2148690
2203660
820310
1379580
2095180
841790
2577700
1851630
494820
2113770
885790
1584840
916580
1963360
917710
2310780
1785450
848300
825190
2145740
885780
1202560
1434610
818720
1332190
1297790
1822770
1462190
978840
1594970
1298680
2529130
1693040
1215690
2406990
2531530
2004340
1322100
2432450
765250
910380
2147080
1267280
1483030
1155480
2671880
2588840
833170
651640
1735790
2507540
788490
1198440
1145860
931570
1187740
840800
704640
1111870
1635290
1454000
1478310
769110
865750
1834420
844210
1945250
1823670
719590
871990
1651390
1307780
1419370
1636850
970730
1145740
962220
833500
2561170
2072040
769720
1001040
1203160
1020560
1627280
769170
1806610
1911450
894920
1014890
1044760
1724440
791400
798780
1918970
2402860
2370030
1194910
2365300
882140
2579020
711440
1042230
2234250
801880
915060
1347630
1512350
1005050
1050720
1485260
1651090
956000
863970
1412190
1235350
1039870
1979410
907030
2093870
868730
1283250
1937200
1682610
1317850
2213450
2009730
1648160
833360
953550
1540920
1165720
815620
1506530
1711610
860270
1217560
1684330
909430
1164480
1156550
897300
2005780
1081350
1347710
971180
1752260
2209660
733670
1995110
614160
392290
1513860
979390
894330
1926090
2566440
788250
1620600
782020
1251430
1205010
1558100
1276100
1396480
2432460
890550
2090840
662960
1667590
2530540
1479000
765590
2347390
2420740
1598370
2068550
1653260
1351400
2058150
1609780
2342150
2588220
2198590
1619330
2079500
2483150
2149120
2597710
1460440
2523250
642020
2216860
1542390
2490950
1945260
2560460
2271030
2118010
1587880
2552850
2499310
2554950
2134860
2598690
1843420
2561180
2338130
2588820
1932180
1956140
1685790
1857550
1564840
2305180
2516130
1103430
2599270
2590720
2287560
2512220
2624660
2486180
1968840
2581980
2496300
2518550
1827870
2492560
1011270
1987050
2212390
2274500
2230410
2576710
2433460
2119640
1258650
2438770
1298410
2430580
1667530
2591500
2484610
2495210
2063110
2061290
2578340
2400810
2592040
2467540
2594560
2581200
2613230
2303620
2599780
2272250
2482660
2333240
2507640
1484790
1907660
1985170
1846940
1766660
2496850
2529820
1872870
2524590
1117090
1643310
1086220
2322180
894270
888810
1859840
2025280
1191940
1446660
2363290
1888200
815280
893450
1311570
1218940
851770
1407180
1189430
1215870
2101180
982040
972760
725620
1692170
1522280
950240
788020
1430030
1800480
1116190
1825040
1250240
2350090
1696720
1503440
773520
1054030
744670
867900
1533390
1017560
1151370
2063370
1662690
2503190
779050
1238630
1492260
1659400
937530
2297650
1001690
940330
2397140
2081340
1932680
1578720
1687590
1802190
1607250
2373630
492130
610130
2378900
1951230
1435410
1165530
1818610
836080
269010
1226670
1898500
1513910
2074920
1203620
1652250
1487630
1950930
1857950
2556470
1470390
920550
1864950
1932950
1990110
523070
2160360
2272400
3469190
2914490
2360770
1373910
2393890
2361610
2083240
2530490
2633950
2014520
2552260
2429240
2100400
1277130
721180
1148260
1641020
1949370
868760
1492070
864100
885110
1635020
751270
2174320
2165690
1409200
1925560
1893860
1429210
1333940
791140
1134470
1825740
1790340
843020
1818590
1608620
844420
1478340
786110
1553530
1147640
1274090
793670
778010
1049560
1681060
2531360
1217930
432390
926990
1821490
1861630
688800
1290330
669990
782290
1512050
1454390
605450
2000090
2282720
1686790
1694260
1234110
760640
2316690
1040730
1353100
819880
2000980
1299790
877730
708910
872220
2454540
1097300
970610
1419670
912420
948270
1563970
1482820
1212110
1148810
2174620
1015290
1598030
727450
2158270
2121770
2330300
1156360
1283430
2095120
2542440
2320410
2206410
882080
1148570
898780
821180
1062960
2247670
892510
764570
1852490
1407000
1842800
1783930
1063790
2145190
1996800
1869200
1417000
1882330
858950
2257170
921900
1605430
1195560
1219480
789970
1169500
2342950
1727100
854110
1748370
847950
765790
1011820
2207980
1648460
2255300
1083580
2162780
1098400
1511400
862490
1643190
1115860
873470
960040
1545260
2122210
1941290
1268400
779580
1569620
2217740
1295810
632100
2173480
791290
1596950
616610
767300
1111990
2398350
2247820
2428140
891090
1519230
733910
1471780
1614620
1995220
914450
815170
792570
1449760
2483830
1362290
875240
1108240
1006700
2562470
413650
1004170
833940
2548680
1078450
1805220
755920
2057770
1513780
2334620
2248020
934510
1155390
783790
788870
968360
1157050
1439170
1684670
460540
1707890
1618540
1419140
800390
2108600
1049370
1735940
1662670
1291660
866450
1078130
1518540
1104330
2558820
1582960
867610
830580
789090
1151180
974010
2608660
2588230
2224610
2476670
2649540
2280520
2561780
1818600
1112370
2544760
2547410
2200990
2554800
2519560
2326480
2556180
2343740
2210670
2128000
1949850
2478310
2419900
2563120
2479950
2373760
2470980
1925090
2473980
1421290
1942330
2605350
2505020
2630590
2231550
2353790
2285820
1993710
1647720
2561360
2173300
2195400
2477090
2256810
2131240
999640
2224740
2284270
1098480
1145630
2293600
1389700
1189100
1078040
486440
1012360
2607990
2237970
2205230
1476140
2563800
2165560
2274420
1833670
1620060
2416780
2232180
917610
2567490
1071190
2561640
2274110
2363780
1424860
1091470
1328560
2356500
2153190
2550980
2524170
2527640
2547730
1968600
1140060
2497890
2402200
1176190
2105000
2588610
2562510
1636490
2179850
2445140
2427100
1165170
1553390
1073450
2059330
1359730
1593250
1584800
697600
722920
1918040
789960
1500940
2404770
2189890
986790
1668170
767310
2021220
1476760
989560
1609830
1195020
2462660
691020
1507800
736480
771060
1143870
2373440
2177210
1597820
1771620
1203650
1035320
872400
1503480
841970
1248570
1012530
1541280
2365840
1284360
845870
794490
857240
1413260
1697880
2078970
2490820
1754960
1717990
773840
834920
841140
759540
895940
1023040
2118580
668600
1673090
1372730
1208380
1475460
1379450
1479400
1041660
812960
1965970
861050
777430
2578480
1060350
1109720
1047020
1122250
1688690
1732240
831150
1350810
1393500
909320
1092160
847460
858960
1477980
789880
1385970
906050
2499320
1180840
1233170
1694560
1017670
1756390
1063060
832680
867470
2436680
824450
897770
1046350
614050
1071140
1820030
1936130
949150
1646850
1546280
1396500
1139760
1507880
1786800
2199810
1197160
924660
1001960
1451870
1234550
802090
928000
1975840
2025930
1697040
765180
1225840
2182750
1075140
1068350
1332760
911520
807050
1018870
893710
2366730
2165620
1245570
939510
1597310
1348880
840260
1212370
813930
2193420
2559290
2066020
1686290
1808910
878380
779760
1322010
948790
875320
1217280
1477730
768570
1352540
1683430
1260800
2258180
1339220
1494140
1506850
849530
898920
1765820
599590
1303680
1376870
2370070
2138960
1111760
1082750
1836920
1379120
1490580
790100
1400450
1816950
1551280
1261020
870180
943440
1292700
1453130
1158420
1423090
857890
804870
1400080
997560
1733830
1590680
1064010
1469750
2473400
765040
1707630
915430
1518890
2405270
1234280
1554220
1199450
2196790
739950
2219280
1076140
2476500
2292060
2432680
2059060
2392430
1999630
2233580
1366940
2303320
1814250
2603260
1964760
2477140
2198640
2605500
2579890
2300660
2513650
1665260
2234420
2357310
1981820
2599540
2309400
2490280
2194570
2291850
2539800
2483420
2464880
2230180
2524870
2301600
2601140
2477300
1478970
2418170
1962450
2072360
1557720
2143540
1564950
2613930
2075590
1494530
1567200
2292650
2531970
1564790
2074370
1882830
2578110
2564940
2550660
1137050
2467720
2371670
2214040
2587830
756890
1865650
2222150
940130
1740310
1955800
1359910
2338120
2380310
1091170
2495620
968980
2457780
2471060
2550230
1059760
2439740
1879970
2126400
2230120
1952400
1111970
2220570
2546090
1553710
1090020
2571350
1904790
1704830
2235750
2408220
2590250
2397260
2245000
2460920
2530680
935120
2443550
2321580
1033410
1976590
1373220
893870
1223350
1451110
1518190
1376060
755450
1464620
826390
1238250
2063480
917140
581360
795530
874830
2020090
1524110
766250
990390
1503590
794040
910590
736720
1555220
1288430
2182020
1044460
1645820
885730
1248550
1904050
976030
1218590
1044410
1089780
2110510
2086060
1180380
1211050
559630
1988600
2007080
925370
1573360
427830
2181140
753610
2418990
2252870
1411420
1880980
1943950
982380
2084000
1272040
881520
1983330
1537080
770830
903730
1755920
1944760
841500
1746520
1584820
684200
777360
2155100
1791050
1613230
1631290
974160
1358830
1675070
885320
847660
1350840
1857540
1218810
2137740
980610
1170330
1896450
1666090
1173340
1874950
1574900
1145520
2452420
2561860
2178840
1532240
1420100
1661800
2126790
898580
844620
958750
1846000
1211600
1170840
1073610
1687980
656240
1183580
1092170
1160820
1549850
1067860
1134030
1171410
1777910
1628650
1877580
1330180
1015480
2242100
1730090
927860
907940
1199640
1589460
951920
2395760
1063420
938200
1875310
1099440
1091460
1318240
827930
766600
1453670
885950
1138260
2499470
1250940
718810
874770
2377960
734590
2235210
961720
1389610
1072710
756410
1919040
1617420
1924010
799560
694400
786180
2576440
2436240
830890
1014590
1548590
2081540
1882040
1919220
1291170
995910
1569820
807070
718310
1207500
809240
1179580
805440
945870
955030
809580
1131530
1588040
993520
2342050
1853820
796800
2256110
1107490
1052470
787780
1437680
823940
1838860
1958020
1336840
923360
735460
1956560
1955750
1652300
1703330
2216090
1555290
1666660
848710
844090
2491130
2503130
2569890
2550440
1924940
2586870
2156770
2215500
887330
2520870
2070000
1973640
2618090
2414820
1631630
1144520
2186570
2506160
1016350
2523980
1995330
2567600
2480710
2521550
2132770
2326260
2615330
2529190
1912710
2343810
2560790
2486760
2496460
1640640
2612670
1159830
2248430
2564770
1415280
1140140
2586040
2490440
1870660
2586890
2260100
2404210
2587250
1807090
2581590
2287000
622950
992680
1743390
2512250
2544550
1967520
2328380
2080020
1963000
2112140
2578250
879390
2253110
660830
2362010
2590400
467650
2059170
2551260
2448420
2243110
2628370
2065770
2306740
972500
2455420
2469050
2489650
2170520
2474140
991620
2591810
2546150
1997590
2471690
2358260
2488510
2562010
2532200
2545340
2374090
2630310
1026610
1491180
921730
2385520
1583630
1823200
1243010
1170960
1390960
2587180
2157060
1746280
2559980
2275350
2089340
1789360
1118410
851530
1689090
959510
1448330
863190
1891940
883170
1087720
930500
911290
1553880
1439710
1758950
1687000
880130
989110
1181300
950330
943710
1917810
775860
1239270
2057970
1300060
906260
1743710
1000770
1258800
1218030
1032450
740270
1535900
1683890
971650
932690
2506460
1426440
547750
1032210
1640120
2529110
984250
1214410
1171040
798790
1270020
1298820
2116260
2221820
1179110
1397300
1029790
1479460
1048300
458040
923880
1122870
2519380
1208870
727430
1067220
801250
2408090
2304620
782160
833400
735850
1012650
2310760
1452830
875260
1590490
931450
819650
768200
953920
2135710
1805960
2219520
2176090
1947240
1395420
772060
1444320
2148390
864610
876110
2312900
881820
2061000
1212640
2603020
2511050
2562900
1880470
1746590
512230
1313230
2444760
2417530
2442460
1959140
1631270
1631470
2445990
1879040
2520280
2301100
1190970
2411980
2521160
2525210
2131010
2553340
2334170
1915380
2468550
2376260
2393920
2397510
2238040
1296340
1630290
1941410
1543330
2207490
2608350
2009620
2383240
2085370
2455740
1735700
604330
2827820
1972190
2601750
2361770
1367020
386260
2477290
2731290
1456650
2488300
3316940
3319980
2436340
1603420
2484130
1676860
2514960
2362300
63600
1592720
2286390
1763510
1399170
1168840
2543180
2314820
545430
259620
444420
360600
277680
694150
335220
45400
574890
655220
566180
611730
504300
37390
877590
370560
402750
397970
2653790
2139460
545620
383240
449210
1833020
2084740
1566070
1591960
2700080
1862430
2136740
2628390
2434810
787850
920700
1474410
837640
1493520
973310
1685560
1087330
1193100
1127580
1706300
1482860
1932210
1098390
1326660
1911360
1308280
777620
1428730
2232290
1407860
1401570
1546320
1698910
1774130
1137750
2080690
2542450
1177960
1054450
1055380
1367110
670830
1463730
1576490
884640
1307380
1153210
1058380
946340
1867430
1786070
2391870
653120
843640
2317690
2332680
1259440
2218120
1090100
428910
1992640
907310
827420
1750900
1146730
858530
846130
1543630
1104320
1079510
780580
2390520
1122900
852920
1708460
865200
759840
1031650
916030
935610
2191270
811470
1548240
770120
2506830
1350430
716040
785560
1858900
1989140
997000
2058200
979800
2432470
2529580
2157910
1464010
1822450
1085940
2089170
1610110
1492190
1208590
1693430
1676570
2187230
2331110
1977910
1103290
2097890
2298660
2864560
2508770
1844380
1911940
2089600
527450
1562910
2146170
1411910
1309620
1166890
1804010
1715590
2063090
2357000
2324410
1295630
1329360
2605790
1769100
1419620
983870
2082410
2078350
1575990
2621820
1185680
2612750
1683170
2169570
2052300
2448200
1562140
383950
1548180
4095380
2904100
1812370
2322830
1112240
2295970
2406030
1573100
2376580
2476350
2474170
1792460
2092510
1497460
2321040
1591220
1446350
1655990
2395770
2169950
2425200
704000
2273430
2479770
2537020
2585040
2252570
2488890
2015950
1531180
1689080
2411280
2285150
2492580
2086140
1351000
2414630
2468730
2190700
1921980
1555150
1255650
1373960
2129150
548230
2664930
257930
286200
1510470
1592280
581310
625740
340880
499140
327090
720660
1939890
274900
573490
448370
1771110
2296380
2398290
803830
2198030
786170
1255230
812380
1177080
1208860
1431380
2337760
1457150
1107160
1043710
1535560
1492430
802340
1519490
794270
909970
1380320
2553710
2239180
756260
680970
1402740
1281150
977670
1371270
2074000
1876070
1745550
1864180
1527230
1948700
1116800
598980
2576480
804400
890110
2557700
1231520
1029530
1663860
1337880
1807360
1049080
1303350
1362190
1980980
756090
2436470
1234380
1257550
792970
851240
963400
1476350
1727910
1537340
2373360
1506610
2154230
982060
1855380
1003700
1133890
873050
1515610
1212380
1054510
2386190
2025440
1502610
735060
2172260
2170920
2256920
858090
2178590
975390
1228910
961540
931210
1605550
2380270
923510
837500
1430640
800680
2343460
1455020
1191800
757780
857760
2329950
2176560
1126300
896510
1276720
1614920
1730060
2519910
2616080
2575110
2506580
2396060
2575900
1301370
2511040
2479510
1593190
1573170
1371580
1902260
2532550
2373490
1837620
779410
2096740
1897320
1978460
1995880
2406940
2373460
2541200
2475420
2445910
2465490
2331260
1042330
2517000
2515060
2470270
2027590
2545020
1918420
2014480
2459960
2325170
2291130
1518220
1294280
2406550
2538580
1978210
1682450
1715280
2562430
2580180
2199930
1895810
2592560
2195010
1141640
1012450
928890
2642890
2577150
2548530
2140650
2264490
2238740
1951380
2495380
2319770
2428990
2441500
2250470
1426370
2515210
2295070
2542530
2328750
2339970
2554670
2411240
1431270
937160
2587030
2550690
2080510
2156830
2396140
2318480
2455500
2608260
2125090
2563770
2532050
2139030
2508210
929080
1746660
2566270
1612120
1884680
2489710
1306970
2604660
2206180
2474900
1800940
2693070
2618050
2612410
2610520
2051130
2015830
2682910
2230330
1848520
2313930
2289230
2205270
2500620
1840710
2701170
2666350
2444000
2620210
2655840
2511270
2399160
2415010
2323660
2652410
2474850
2685610
2500450
2656640
2629050
2475020
2113680
2447940
2556160
2529770
2002570
2115530
2409540
2679690
2703910
2651140
1441240
1822550
2655390
1619520
1355960
2089980
2666290
1854180
2589340
1956960
2534020
2424970
946920
2678480
1931010
2687540
1024470
2679140
2679130
2173350
2689260
2656930
2666100
2239360
2238360
1804980
1147450
1063590
2516430
2396180
2682460
1536890
1470150
2493140
2366230
1631010
2665660
2667790
2279220
1170230
2668580
2227150
1644940
2368470
2671550
2698320
2642860
2383220
2016470
1568240
1338390
1706480
2607200
2560260
2394590
2474690
1482150
2188570
2622850
1215980
1218550
746560
1252650
772730
742170
1400980
1909290
806230
1159960
1101670
1048950
2390580
1241100
1006140
2381800
821230
1239710
2457000
2121610
1107170
778900
997380
2160380
2375600
1058800
1486800
2081670
1568620
2326210
1289340
1115450
676500
1292020
2504660
2382180
1187920
1965860
2215910
1565660
1408350
1297660
1114620
1277320
1546090
1034810
1937160
800310
822840
1200730
866960
1107440
1372390
1170180
938040
1250290
1541670
970660
873740
746010
789890
1468250
725430
1123500
933700
929640
2359220
676960
1333800
1527060
766740
1781750
895750
1236880
2211440
1224030
637980
1573730
970140
884090
1837690
1656740
989040
868080
1937110
802080
1020800
2291920
1499230
792670
794230
809310
1364360
2015240
1101130
2022360
772180
1351290
1453080
1556010
1005340
1075570
1391540
1071970
1527910
2578950
2355920
1788760
1998040
1803550
931250
2113790
2125120
1219820
1526500
999430
2242760
821490
1660360
1296580
2388460
972080
1183840
881230
1531430
1932260
1480030
907870
1917370
1232100
2102520
873140
940020
916320
1597650
832720
1341470
1620290
2060240
856270
2159670
1611460
1126890
1372220
1948110
2518430
1757130
1411970
2175200
1018610
1265300
1860750
2095430
1455270
961040
1246170
793850
757670
1241380
940640
2552900
1370410
1909650
812390
787530
893370
1380750
1018750
1553480
929280
1543380
1652510
619500
2007700
862260
896040
921970
840810
2205130
1385590
921960
664890
1081560
808160
1494810
642190
1636570
927930
1631250
1728180
931440
1333420
1828900
1368120
866010
1091330
1005730
1594980
861020
1675130
1735610
1578990
1016390
2482190
2446740
1547260
2581290
2449040
1164830
1401080
2242130
2518900
1477300
918140
2383660
2523440
2442490
2649580
1025740
2588160
2195570
1755760
2298390
2422110
2631050
891520
2559270
1568970
1978190
2064810
2110690
2342750
2614320
2517870
2653810
2610860
2096220
1112710
1623120
2063550
2553870
1544120
1571990
1202200
2438460
2063850
2390840
2520310
1902250
1243850
1813270
2149420
1893960
1808640
2532230
1453160
2607470
2171500
2607610
695570
2216830
1530440
1845670
2113040
2538480
2578750
2236070
2462840
1480050
1952520
1093670
2615200
2264580
1987420
2250180
2512280
2408330
2521560
2556830
2227180
2515310
2527660
1119770
2206140
2158160
1791910
2567170
2470120
1793170
2262580
1273440
2403100
2439780
2057370
2058060
1722660
1522470
1468680
2247620
2357760
1831970
2571290
2555320
2431410
2163230
2708280
2357950
2703130
2485610
1686940
2522550
2331220
2493510
2324610
2348090
2240720
2409360
2534980
1695680
2626940
2135210
2383710
2155770
1419060
1566670
2570280
2652750
2404510
2546710
1135440
2700090
1907690
2477790
2313160
1493160
1270580
2209320
1276130
2480660
2066680
2334730
2534450
2602780
2720270
2056570
2528710
885530
2422870
2522940
1785420
2287040
2371130
2244970
2234600
1646580
2614200
1743650
2432990
1930310
2591030
2435090
2675390
2635930
2686670
1305390
1899200
2299430
2662270
2122860
2220260
2555580
2620610
2104860
2621830
2563350
2631520
2485080
2707190
2701670
2642170
2655150
2566030
1928160
2537550
2639860
1035930
2304190
2695870
2391710
2483680
2443980
2420100
2665400
1830630
2506110
1701890
2578710
2164480
2602350
2353950
1271870
685110
822870
1298690
1226820
1754480
2301690
762650
769160
1634950
798140
627570
1807080
986040
905440
1674320
2471950
1950820
945610
1939930
1096200
2170500
1029750
763680
1299930
1333980
876260
960150
2097630
813150
1462700
1792660
918170
814140
1617900
965990
706570
1148550
1511140
768550
1466060
2001000
1682550
2254600
2173380
1028250
1426730
1170120
2076260
1064710
910430
1117200
1771990
1970020
1431150
2502760
1675090
856010
1250350
1388370
2121100
1148730
1410110
1266430
2161050
1795760
2493910
933690
1004560
991790
1460750
2219690
1641520
779380
1330290
993690
1478350
971430
996140
1812260
1390300
1011000
920460
889720
1955970
2100210
667620
1841540
1892900
1970840
807870
1720510
1045010
883670
2509290
1055180
875210
815210
898910
616830
2414600
2195650
1361570
2553780
2479970
2577770
2394330
2527370
2352000
1391490
1758440
2233790
2519240
1062860
2238340
2197340
1903670
2427960
2343100
978010
1078520
1959390
2588110
2026460
1393800
2553920
2457040
1812170
1160410
2638180
1852530
2463340
2564950
2427590
1575980
1060380
2191190
2164030
2054850
2529400
2534310
1761620
2588780
2586630
2460450
2520960
1389840
2642090
1960000
1268530
1870220
2491620
2457870
2527690
1504270
1036800
1113530
2139620
2212110
2105700
1616550
2182630
2392230
1690740
2607310
2007000
2110320
953250
1921470
1077330
2382190
1878010
2395380
2499590
2620500
977110
1020410
2484340
2474940
2431820
2226610
2279580
1636590
985710
1501720
2568870
2643630
2307890
2355740
2538190
1944500
2324520
1972830
1746700
1966720
2103370
2649570
2347740
2449900
2175790
2112540
2480820
2253710
2509550
2621900
2687550
1527070
2668050
2604220
1892570
2490680
2560530
2630100
2589060
2630380
2196870
2615120
2159040
2016350
2530730
2266260
2639420
2257410
944330
1065870
2633550
2505350
1867610
2405660
2501980
1567190
2707090
1535910
2169270
2417730
2674080
2512430
2565600
1569970
2669680
2411590
2709220
2655790
2159300
2477010
2196640
1085970
2171530
2693820
1573860
1525040
2660710
2542320
1495900
1940410
2366400
1172180
2591520
2650750
2413620
2643080
2292440
2692800
1280080
1252560
1039290
2451730
2600050
2421470
1317020
2361080
2666250
1039860
2633200
1224490
1050260
2151790
1265070
1723680
2181100
2391690
2671970
2528910
2636670
1445790
2658810
2617030
2069800
1924430
2667410
1900340
1279280
2310920
2681310
1231150
2635790
2574040
1983990
2628680
2619300
916910
2159120
1064750
2109060
1425190
2535640
1273120
1707620
604150
2122960
924740
1279330
1781960
982120
1004780
1020450
2258110
1066040
2144040
2112380
1001950
1048860
801120
799410
1143340
1018860
778250
905970
878310
1283830
923710
1428900
1102060
2446180
1346850
1415540
1199930
786620
1754750
1832930
1650250
1190910
1489380
1813130
1565840
1008700
966070
2539070
1171560
2161840
1612360
1483370
1281130
1608730
1226990
1681160
1936360
968350
841600
2535600
2361450
2336420
1728160
660730
1183750
1446560
799570
1168210
970760
2516780
1029920
2351610
754050
1674270
1112050
933590
1186510
1270420
2551780
634410
1083800
869910
1344520
1678250
1958810
959770
761880
675640
2298300
1056600
842660
670720
2067470
845400
590250
1225910
2168450
2205850
1749980
2560250
1427640
1332630
1087610
917760
1191570
1492750
705860
1201940
866260
1044690
1593660
1124130
2454360
1129730
1341710
2441610
1551050
1415220
1053720
2114380
1991980
937350
1566570
2154000
907050
1866470
871940
777420
730170
1657080
1198760
1836290
1498040
2075820
811240
1260470
1719690
2229160
1645070
1426530
1364020
1037080
987790
917880
2186320
918530
1766010
1553580
2283440
1952370
2300160
602920
1376820
1296490
790950
1344210
1541240
1227830
808220
1836420
2322420
1383160
368040
1485050
659500
1884850
1217050
1294760
1478160
1071070
935460
1153880
2547140
1863960
2252820
1093720
1491730
1307920
770370
1965680
1640300
1003150
1404090
1621210
715760
1428480
1649920
2102530
852790
1049490
2386620
1520120
982020
1366320
953220
953060
1362670
1270980
1358940
1139670
809210
2283630
2234960
2106960
2229230
2293880
2710950
2652930
1694230
2667430
1473350
2202950
1040510
2145220
2403940
1401970
2538280
2687190
2679590
2672090
2644490
1707400
2194190
2636420
2147530
2594430
2619000
1631170
1831830
2482900
1116540
2337770
2628010
2492710
1900890
2054640
2055410
2646500
2437110
2622860
2309010
2525190
1592750
2420170
2645150
2437690
2151450
2121000
2563470
2651160
2304640
983890
2584590
2667970
2397630
2644520
2058100
2723640
1295990
2587170
2681490
2216970
1669320
1293170
1860090
2504540
2375760
2407910
2589910
2558630
2634760
2153720
1324490
1260690
2601620
2544720
2265310
2725460
2547330
2601850
2288840
2553790
2589320
2650010
2112260
2004640
2484880
1836600
1626640
2606610
1205960
2136550
2205460
1320140
2684450
2433690
1673830
1528970
2549660
2335250
2330870
624430
490990
518030
390930
375600
746350
755140
342230
672300
664590
462830
647740
502410
350530
748610
584280
594150
522960
308380
453980
713600
565660
401330
530130
545490
375020
628820
670780
573270
691390
602160
431450
726340
610670
511420
365280
703540
593330
751300
399260
569380
391310
434240
98900
656450
562430
598350
764630
547880
714060
740450
391250
211010
541230
648190
661030
694430
694420
674180
604830
694870
703800
682100
391910
315330
680680
373330
404270
663240
209360
597020
283840
368050
444580
442000
514240
529500
579230
403860
746280
689620
387840
359970
313210
644080
420160
553110
379870
602300
389800
308080
407060
338420
484990
454900
566800
552870
754400
332570
673590
2485150
2599360
1465200
2297210
2356470
2683200
2216120
1627840
2189670
2325770
2307260
1946610
2581210
2636490
2050150
1689500
2590710
2280970
2724740
2452650
2335960
2654670
1604020
2522520
2174720
1976100
1881040
2609490
1714910
2361160
1803410
2075580
2468060
1870180
2644020
2267310
975660
2499800
656300
2339480
1677500
2659970
2449820
2336330
2676750
1064930
2589630
1994670
2226810
2677310
2303080
2676540
2250530
2657230
2627390
2658820
2704370
2621950
1726750
2591970
1408080
2499420
1001930
2542600
2672770
1119830
2450750
1945170
2094370
1638950
1698570
1442910
2552410
2488340
2640910
2247480
2604240
2390480
1978490
2585380
2486730
2673860
2622770
2671800
1342110
2434860
2551020
1432410
2390600
1355630
1599330
2553050
2553590
2603740
1783800
2702090
2677290
2520530
1017520
2644120
38070
399820
360390
351730
295610
606030
548110
623340
264340
2507950
726200
595660
2569820
2161620
2248150
2477920
1978150
2351120
2349140
2017200
3950020
2218190
2531300
2839280
2278630
1342490
250760
2428420
1641120
1826060
2181950
1783680
2382810
2251400
2078450
1314000
2581180
1996010
1620730
4100
17120
1713810
2500040
2289750
452510
1778840
2221780
2599300
2700780
1394470
1812560
2171880
2969380
2027760
1214650
2060870
1240450
2603850
896250
1960400
347820
2165810
2574460
2342290
2621770
1468110
2025700
1423330
1958220
1749770
709920
1920120
1839430
2699820
2322560
2361780
1813430
224220
2288470
1614550
1617120
2497900
623070
403830
1780430
2479810
2244130
1237870
422420
1277920
388550
305740
271640
403740
628950
1536210
1591450
499180
2452090
687860
570540
614460
623840
709850
672380
763210
721300
705750
610260
622310
497090
701100
399880
410210
704680
289090
390620
335460
354960
672100
566320
707920
372080
266430
363840
546040
468160
557580
345090
534350
695690
495320
758990
681480
432590
560770
457660
470480
432790
503160
335900
390890
685920
409660
552310
502120
667310
617420
716190
576470
638850
379610
733840
618510
444710
484870
332490
384980
614880
753920
385700
489700
677650
315930
355280
669310
613970
529840
525590
342660
485630
591790
681160
668220
666110
346650
635980
739540
454480
587470
378350
652200
689470
767110
395380
275330
464440
401120
252170
625410
658630
724600
358030
338050
491090
522890
679270
443580
494000
711390
706840
29800
339290
704040
651520
693500
438220
262960
542770
635060
542350
638020
301740
366570
675210
722810
667000
447890
393390
645500
654250
352440
344130
451880
589320
717760
336380
418960
691990
720670
388840
590270
396870
371000
691420
706310
720470
363240
462960
653870
546400
321830
324730
475080
764740
625730
524610
547970
330460
575010
385190
424100
334960
449060
619620
706200
607360
753240
589680
646300
410000
477170
658230
701940
366100
479200
698950
287100
596530
612220
516530
714510
620130
354280
750660
401840
365460
556870
550220
694670
428440
636010
486640
374450
327210
432190
680640
707140
526880
618550
599670
689270
352050
493380
348800
511810
538410
746910
635880
668790
730240
645650
566270
490040
570500
652040
558850
264440
544840
563390
550560
437180
678410
565140
518120
604010
755570
762480
693320
275470
348300
420930
575420
648550
662700
718740
554330
703760
529480
569970
565630
574040
737830
750780
759650
755600
757030
758600
565600
653220
377120
336280
341780
418310
603080
742470
368690
361890
262590
535190
630870
710030
408000
568770
364380
656620
712410
670410
510830
539440
446010
757400
283580
688930
580880
449100
422270
308560
609400
578590
517990
304580
540230
532890
436270
699860
620630
584800
374960
665440
670820
693450
712970
252830
379320
709670
393280
703620
325870
651560
431500
593970
431300
269590
354310
566940
657450
539090
729300
515230
2563460
2479610
1034590
2623050
2432110
1337520
2623040
1688150
2557740
1921480
1830110
2197670
2508100
2443560
2281820
2056920
2276930
2363760
2093980
2424680
2390070
1882500
2505530
2366430
2425620
1070300
891960
2421110
1566230
2610370
2536650
1006470
2528850
2613070
2417180
839680
1957300
869490
1372150
2496720
2421440
2427540
1540350
2434050
1969310
2583930
1118350
2231040
913600
1127210
2243260
2109510
2324940
1200930
1558830
1991140
2488630
1964200
2213880
2570380
1262120
2505120
2520600
1885690
2466990
1159290
2630600
2186100
2623150
2603280
2606760
1912130
2588760
1124210
2056370
2585970
1768400
2434340
1405010
2159050
2529120
1592290
1446850
2202750
2458250
2182740
1816520
1688730
2348610
2513170
2445660
2027960
2367750
2560320
981040
1441770
1898880
2383870
1569920
2285630
343990
470760
496650
489570
667340
505700
385020
375680
656260
683210
465440
683240
626170
705050
596240
547470
373860
745950
351690
316140
467390
357690
321450
498380
543050
727020
464000
297330
534870
580950
603750
397870
269610
623310
350880
543540
756860
577120
692110
391210
436860
273890
350550
438460
570970
576280
548170
207730
577890
449700
575800
537760
619010
686490
513810
373670
644130
229970
488590
446510
349690
720310
340580
395600
562420
510700
586150
713530
325630
583590
420980
606950
390920
677230
681340
755560
293600
553610
642560
600250
718080
443420
525050
339540
595730
598230
499940
320430
345010
370490
364190
445420
452970
445950
625900
580320
701280
342250
498580
551550
1820480
2568540
2409000
2300300
1839060
2465080
2423960
1385760
1504660
2358790
2398900
2445700
2395400
2472550
1084530
2584050
1154640
2433700
2464260
1059900
2533980
992860
1192880
2519450
2633230
1472060
2491670
995450
1963570
653020
2513380
1807940
950230
2535790
1008740
1128370
2490760
1115820
1491190
2599140
2083910
2629610
2438240
2383990
1513310
2608440
2498480
2500240
2625380
2660980
2197550
2525830
2329470
2609410
2503710
2421910
2601690
2528580
2686290
2119590
2299520
2475350
1840350
2608050
1817020
2297240
2679960
2351890
1798720
2352410
2368070
2682300
2396640
849280
2598730
391150
2347940
2410010
2124300
1209510
2494110
1801410
2149200
2326350
2662740
2485890
2506480
2434480
2164880
1941980
1976730
2438210
2636930
2097850
2614980
1953540
1547350
2272120
2593450
2058500
2331870
2110840
2672350
1914290
2642080
2664200
2636450
2053080
2715660
2521150
2640580
1708150
2660930
1149000
698660
2716720
2345040
2664890
1417280
2543300
2088840
2494480
1787180
2698300
2360250
2399180
501470
3390980
2506820
811550
1167680
1090440
1754440
1479730
1467780
457980
511610
564280
1987400
388390
471640
553830
761190
581810
551190
375460
403900
513770
674220
541370
557810
658160
698910
520010
535170
581380
607230
400030
671980
383800
548790
677040
526240
662950
329340
403270
463060
547870
326630
407190
605250
667130
409410
455590
337960
553330
733810
527160
396590
315130
737260
354810
301690
685450
525910
682280
761930
708190
703140
403690
639240
324190
695460
444020
731180
370060
583240
543710
664440
510410
506930
766360
595120
502540
296530
529860
371650
371880
555400
444740
283100
398020
370570
416840
423720
336840
711190
671750
565640
670430
375320
464540
576820
534360
293320
347170
350610
405670
725970
336040
444870
34820
624900
763650
422130
546790
597090
698030
521800
312350
299260
449460
540550
692530
615120
686680
683430
425150
376120
491660
307130
535380
444220
495600
685700
669830
425070
448230
423870
458990
416850
329200
346080
385530
492850
705800
489560
751260
376880
357490
356770
692710
703250
393820
282960
412530
379260
741490
521280
557780
567370
523970
568500
675980
514500
440550
213390
577780
454780
428200
707400
597590
677700
357830
562520
449470
622020
457770
760400
722590
661560
459680
466870
724640
508250
706880
578010
757870
656490
473520
521980
502650
598610
512260
502780
583740
673900
367240
272010
321880
321890
513310
687560
286660
707000
489580
493770
695960
586680
455080
465860
371450
739730
626160
525760
718410
319830
448910
406400
380570
705390
497790
596400
632830
517010
709410
2384430
1533070
1072870
2225480
2297230
2414110
2096380
2417430
2567510
1860540
1008680
1702430
2204840
1525050
2198620
2287430
1842810
1424800
2106670
1714550
1043480
2623400
2292880
2432100
2286600
2512090
1285360
1759350
438080
2593320
1893810
1661630
898800
579020
2132560
3214870
964440
2199080
2531310
2427700
2333590
1585180
2122000
2473640
1677310
603390
1647920
2540
3570
2586650
2140020
1419640
2722030
2134560
3649490
2508940
439350
374280
2689930
1324270
2431700
1955960
2195410
2549380
315840
1747760
1108600
2487350
385260
1709880
801140
1491390
2470300
354200
363600
548650
632070
2717630
2007560
1425350
843200
10260
261600
41660
37300
261880
265770
263800
260380
267610
271550
273760
1774860
431220
375290
364350
675170
2686630
1776170
2337640
555370
627950
440810
355270
270190
332710
657110
575600
582840
607660
544820
674850
665650
462110
573650
626500
723020
576390
358700
345030
362830
367990
745670
361630
619210
281840
534320
666780
752240
313330
587770
636050
357200
578850
512410
712080
654640
664850
688180
382260
462530
526540
263100
468070
561480
536050
486140
679090
717120
598720
742230
526890
517680
503820
709140
577080
383020
535460
579160
554550
516640
576160
510040
683080
436680
628650
560200
699160
654000
454330
548840
714360
463480
654810
500320
545410
496380
498450
373470
683930
698520
538330
578210
423180
315340
341750
502810
509340
384920
360580
458590
557570
713680
429950
548340
340390
448930
547040
715490
486880
444650
343150
666610
442760
690350
757580
495830
688900
714290
715100
617690
428430
339570
592040
513600
318220
494100
355570
377470
663300
665670
703400
658440
533580
719140
574520
334830
570350
321330
333690
335920
334030
711570
381560
687630
414730
500180
597200
391280
406930
607460
618430
582460
655270
300760
600230
666250
556920
573330
664250
547980
583030
598430
493480
731670
356880
559990
703720
689160
509230
392690
598590
553000
544530
742220
670930
697730
391650
47110
47120
681540
508940
758210
654070
652510
3600
527360
570470
639920
294390
591350
298020
655290
486120
467370
566970
440450
488070
257870
740500
651360
669290
704830
560220
582890
377880
652990
528010
664820
310640
487700
374150
333990
651550
444830
636310
737870
584930
288260
510550
39900
619340
603140
710650
612150
570150
589110
535270
362060
497080
252050
693830
527700
346300
428940
212390
600330
545840
752910
514580
359800
499610
473920
624780
496260
531730
562480
342870
297720
732040
446030
375620
310460
467480
591990
297110
473560
606720
420850
629380
559010
727970
427240
656740
512110
716090
551690
593210
341380
394270
362940
719250
589460
624710
517670
328680
539450
554530
649740
546350
657990
757440
517970
527790
451990
236290
516470
508580
336630
365260
343440
345690
433120
676550
340450
414490
517960
731760
341510
355510
610780
340120
318660
340130
690610
594370
532740
18430
18460
265240
372190
556820
2153350
2017940
2716400
2702430
1911610
2702300
3385670
3230960
1478500
1371980
1790600
2223840
2490990
2316580
1902960
2680010
1818140
2705130
2246340
2452280
2697620
2000120
2366970
2458310
2328310
2366980
1738680
2584990
1680780
1272550
2404700
1240060
2397120
1142570
2707870
1906830
1400830
2469200
2474700
2171570
2244430
2157710
2527600
2559370
2591150
895870
1674590
2284140
2185250
2424110
2263980
809060
2591070
712650
557860
616640
550520
380990
516960
92400
430170
708820
458500
299100
335570
668280
449350
415780
508200
551680
235070
447950
666090
517210
531910
661260
588920
709370
509860
546460
746620
703940
741010
302490
725960
259390
517220
654770
722540
723820
356710
670950
592780
587810
703920
651380
493500
456170
341440
747160
380860
332730
337110
674130
728950
341660
749650
520990
731940
704300
575030
511390
388270
658400
507080
528990
498370
511270
310880
329690
495550
582110
553040
400220
737390
486170
277490
755590
305260
493000
316430
321710
711320
648120
716400
434500
340070
418060
749040
624830
533920
739660
454370
685910
329020
684720
348400
698960
280930
285130
397800
734580
385940
580480
695950
299250
530160
690930
465000
616030
432500
643590
759800
365430
516040
623800
711630
412520
403440
680860
528420
694730
620700
300360
404390
509830
690580
701540
611350
263820
398170
347580
486370
495090
549760
510840
295990
736180
207400
357030
331500
489240
658870
730670
655950
683130
718540
350000
459760
358610
399780
410470
727530
383590
532660
597670
673250
748880
629210
501030
498570
710480
273740
542670
566700
601330
420020
398260
702550
655700
489660
619810
540060
364050
355230
339530
755530
711720
259720
282880
526960
434230
321350
680930
503090
334300
572640
693330
286790
418050
684770
467010
503700
633950
314510
670370
341460
712810
670090
439960
621150
297210
738730
461850
752700
440470
398450
598090
714640
348740
537380
501180
672410
747540
285580
398150
398680
739180
673040
546610
491800
523570
382080
758920
444990
443530
673310
483420
362410
423600
573690
573670
601920
398120
371370
281240
624890
700650
368830
374950
258590
465540
576380
744420
334470
603610
675130
543390
679100
592730
367780
322930
618360
454750
659900
744280
707580
617590
567040
758470
365110
550240
693560
335850
386140
618310
349700
655360
664660
371710
603320
362740
556300
442500
639300
586080
599060
597970
421060
369080
513460
658420
718070
289580
410130
528180
259890
670910
744220
371850
523080
263740
497100
576740
675360
434610
368980
36000
315080
725400
378590
752300
574010
718200
434700
685990
735680
391240
299910
453770
457490
339120
374120
408520
580040
666260
683490
273750
571080
673840
344820
711140
347940
594120
352070
528580
727720
668200
483820
476930
499560
109500
377760
720280
663590
718320
697850
461680
691730
388900
527960
656280
479140
501760
305460
503150
210490
297060
495770
719610
602180
487220
364640
686570
262770
584170
400130
620280
683530
463800
635040
550840
699930
364450
513840
542110
332760
520290
455830
402970
276750
328890
427480
391100
700140
763430
547900
344340
370160
673210
760490
608190
645330
733800
328600
575700
528930
349060
763230
570910
709890
484890
393460
292200
554680
529420
709780
355080
479330
716310
621050
652230
454180
738080
529240
49810
551060
665950
307980
351050
462700
561590
672720
655770
606960
538390
497560
684130
566750
648070
339440
717280
467790
343630
310490
412620
497000
764180
415400
705250
369370
558490
511430
606670
543410
339590
573520
424010
381140
674120
542910
675120
740740
475630
653760
697870
693790
612380
603360
325880
454430
499580
496590
415890
662780
551840
344860
340250
623040
595100
485000
397320
356270
261960
672080
440760
681620
705210
567280
308400
688910
619590
318440
235720
636220
314300
576370
718330
710550
668850
580590
526800
620340
511160
622610
333350
352160
335450
365120
548680
442220
262080
609410
643980
414260
602860
647840
549400
46830
46840
46760
463430
397020
740290
479000
341260
709280
676770
375850
573280
569010
507440
573700
649040
428180
414060
664140
573530
311980
610940
449140
555080
520520
589620
330620
648780
399090
40200
40210
682610
462070
547730
513930
288140
620660
455020
449780
264400
308180
339640
699080
732480
670130
383010
314460
323270
412440
527210
344220
602090
617610
610840
524940
665890
536660
488210
246820
593530
441670
700440
449040
618070
314250
586060
587220
385270
666590
601700
683810
665120
558020
676480
684620
414140
716850
37990
540360
753960
368950
729740
513740
386420
695320
500680
346040
476030
597240
485790
493810
550740
614560
732470
444330
625830
459350
306930
337730
509600
601590
716630
386460
597210
455230
12460
650580
744460
557960
511280
614770
331910
659810
674570
434220
395850
338040
460210
325300
671620
655760
629970
562250
487030
546650
493040
514550
543100
246800
412970
708890
566780
514090
628560
667690
590430
609990
703000
508950
700050
662680
692630
676730
568340
666620
397660
533260
600140
424830
493100
365870
710820
654020
531200
393770
337630
654690
737690
373120
514780
591090
656020
352950
656070
267340
529820
585310
436410
666850
650880
629080
711260
507030
348460
729050
455700
376560
620800
388440
376770
316740
325160
745180
641910
674390
701460
435800
570600
377290
632380
317290
755220
356100
643810
426560
678450
563810
722370
493400
497720
663480
517100
470140
681090
681800
429040
551450
373460
629720
296150
407420
683220
740600
671200
458450
629810
20200
285670
571860
693750
513960
754020
322540
555850
716230
731860
705380
424850
378850
683840
583500
509390
673230
461580
488160
435440
488430
672940
760680
489170
365240
508330
713310
726580
391400
273770
404640
402190
677870
314320
610750
691680
611080
368860
346210
418160
525860
301260
279420
359090
750610
389530
99410
456920
412400
334290
614260
356250
754540
500120
496180
486890
764470
509160
664610
546170
613020
565200
370590
491160
296490
732680
522080
556830
682270
343250
366010
591930
364880
655490
485640
601940
512080
514350
552240
514470
514480
373800
684930
552690
482890
487020
656660
658800
659890
660030
735010
442710
679070
531050
364200
576060
504670
696440
738560
709590
352430
424590
266390
38120
38160
296220
391000
395930
361930
511330
284290
412930
465960
527920
338350
259910
277500
667820
404550
463110
409360
719080
640990
534000
502070
552960
612190
325860
449690
546030
595650
392100
722620
401820
665240
349780
686510
619490
692830
605410
712260
429050
749900
333870
424260
415240
572040
575920
342650
391340
12650
550180
657630
745510
639840
552900
678420
564090
538920
300970
750900
533630
665730
362810
721420
667580
556090
536800
405050
590560
348820
481420
638720
576800
556250
652060
756100
721540
643960
512550
622200
458700
580060
697960
305820
663020
737380
661220
539190
733230
339710
454690
580680
485970
415080
654350
632840
623050
656880
607760
636150
514460
623380
688370
462000
343170
706440
723830
429160
606940
749560
713440
346550
688880
270430
363430
670160
747750
281560
389740
386390
524250
755580
315830
377200
392720
721940
370170
450020
215390
680450
357750
346800
543720
672130
345710
394260
725320
321290
381610
752790
552340
302570
723920
593720
494460
647930
551380
538040
652270
549220
723910
569150
422020
676800
729920
578360
695440
548290
658510
555920
681030
349450
333730
266470
598690
288970
756420
600580
660900
434150
629110
524600
711890
578320
673220
625630
327960
650310
628960
737490
584040
685950
684430
383780
665780
486990
575710
365330
750870
291250
526780
688150
707470
703200
444320
544310
731910
600260
564140
730270
516120
592240
378420
498280
525950
336210
668570
703950
740230
586990
471720
636490
461490
660570
611710
333210
680690
708430
397210
518680
749700
347670
485660
677730
337410
371310
682020
583150
415600
668510
602480
615910
415090
472830
595070
527720
660280
742540
552630
717200
317950
710990
732980
338110
312720
467380
360450
542940
515900
301360
758070
241760
473810
652480
589430
564980
534440
711070
459520
578660
24460
556340
521140
678190
517470
576690
588750
505220
724350
733870
615020
466730
719310
675510
514740
622550
749000
500350
540020
591660
263480
291330
555060
731820
357920
576020
444410
738480
672730
352140
529040
367000
391270
384360
585560
532700
509780
761770
351630
291910
396530
343750
615180
560970
370210
548470
454140
529610
389230
701960
564210
500480
409070
630460
372830
575670
492870
387010
601570
398900
694980
667590
456160
652340
586020
355420
575090
642570
399640
720480
512740
703490
690130
517510
328930
367340
373880
341760
490380
383620
731770
365510
746240
716370
595460
657120
371390
593400
434530
572130
680880
673060
372770
480450
747810
661000
757820
619400
380100
508180
583000
350500
490820
655790
517860
519870
661950
752310
280830
386400
516410
654550
514010
683600
488890
513480
448650
496070
355190
636910
527240
685120
688400
557680
664350
260410
393950
395910
500940
720160
605190
636520
398530
466770
353070
363220
505110
496990
459010
495730
545800
659510
559250
700590
280890
709050
461750
472740
500750
434930
677210
474620
415910
556260
252070
372750
695760
664420
267940
527990
505680
382570
668670
500110
610250
661360
711550
565020
270830
200020
264260
521000
549790
724870
341120
516450
435050
491830
593980
592120
682350
610090
406220
545580
467400
475530
365150
713570
413760
730760
588290
668010
573550
558750
425450
557790
551580
604060
739850
619220
512600
512610
262750
416080
522730
709190
711130
467320
509440
708970
466580
509530
674960
322980
550390
466220
695450
276440
288610
227180
409590
330000
248630
428460
316930
605140
471660
736050
607860
502990
463290
688020
399230
512000
596710
643870
550820
434360
500580
519200
647950
726620
451010
529410
428950
436340
403590
499440
699390
409420
361680
328650
625000
587460
724430
562290
738450
666790
575990
381870
739960
520910
757170
540180
717060
510740
690440
375030
493110
328990
729190
758170
296630
626680
655620
562090
420210
280500
270330
738820
513000
519940
680040
586230
697320
568240
744710
747260
500760
632200
36240
577440
718030
558680
701760
742010
765100
654950
391520
699410
695980
551150
750770
391260
391180
675140
598340
434680
586340
753490
495900
449160
45420
639280
678440
601420
499110
499100
465890
453390
499120
496030
533040
611140
293720
709350
591470
710880
723930
574710
395150
678400
465900
514720
587490
382160
607190
634180
601530
604920
654300
653920
649630
547710
659780
528120
646330
332790
401910
404850
677010
572020
649570
586160
490860
455290
461230
495540
311860
329000
682740
495200
348000
346180
605610
701910
661730
666120
364700
452240
540650
520820
532090
517060
413350
684840
412730
652160
468570
467060
384840
714300
613200
448580
630050
544370
668840
718920
656630
660990
586690
695990
350220
456090
408860
349150
438030
728220
346930
671290
587790
751350
564100
594490
682360
354730
285420
690080
751470
572170
385350
615070
722050
41680
414770
350600
579870
601870
19080
463450
312010
470470
513240
571680
726260
331440
342020
666860
328740
393170
711300
405010
448310
760930
734570
615460
569370
401800
514660
730180
466290
524690
375220
448440
759180
696650
712700
503100
485160
311800
376110
673360
288500
507380
690510
560230
322990
313140
627410
409460
613330
729660
398210
508170
513370
684300
424760
461730
460560
528960
703260
257630
391530
339500
603330
391740
446450
608540
720850
490490
364830
400710
640600
424310
657810
494220
522000
303870
722380
534190
315070
628530
613210
535330
345640
656730
425400
641980
524060
489810
652090
669490
688110
632510
433660
504700
377660
722680
683670
596200
216890
575950
753170
426590
715430
691240
506570
671260
661530
451340
614550
385890
710630
725680
572160
374970
528910
718970
529790
517620
426040
476540
714610
714580
713320
714780
612310
335090
491700
510380
731920
70200
436150
570340
546410
652810
685420
663090
340440
449530
732390
471570
716940
268320
242610
589420
430230
205530
403300
611630
514770
465970
530680
527330
563170
467490
450760
504240
247310
355150
21300
438650
379760
420370
645450
408340
549100
497480
543070
596570
629440
671170
319270
589770
432990
513260
493980
536410
349980
432480
371500
465050
718980
586460
530860
504620
449330
266270
579030
396890
491440
555820
638290
510730
527900
623360
758580
714530
265380
536640
447000
693210
606510
606520
385490
453680
448550
585690
734490
308520
321660
380000
566200
577490
521100
680590
531080
726030
670100
430300
395140
608670
676680
291630
291640
365880
709470
47570
47500
711430
12660
586390
461280
691600
338030
12670
726020
599180
417920
480410
361950
437060
475620
338980
650010
565110
741260
694180
652540
701740
623670
673540
338290
496310
746220
392780
569500
580540
533540
611640
699680
300910
543600
493700
409370
689300
406920
739710
464740
328510
336160
469720
526790
369310
258950
495890
269350
376730
326130
398460
607770
434410
311170
426930
461780
398250
321940
737280
729650
724180
611050
494720
725540
643610
585740
377980
333290
436950
470590
343120
317080
744010
599630
563330
617030
535240
699470
403490
522130
581100
487630
314380
712070
618210
395890
493710
502700
600500
496120
750210
543650
551520
384910
434020
394220
625120
331980
262210
568030
727330
681140
509620
641950
721950
623540
644660
708250
401510
660940
658600
749550
661330
628350
529150
341290
511820
665550
533070
758590
623470
560710
554600
710970
589850
444520
471270
518140
464610
417750
488760
417400
443250
536950
405980
595560
543140
469980
485760
673550
642170
701290
347520
503010
668730
664530
301220
371530
399040
698040
482330
514400
604040
537020
290460
461820
300340
563740
305880
534460
340950
680950
575490
444950
363050
268260
669390
385590
676320
506700
431290
332150
467350
549900
411130
304150
464470
686090
280600
350990
717990
709840
676000
336110
531960
304190
340200
315060
497450
552000
399920
510710
475050
635430
434600
522020
589740
377890
402340
409280
722080
501430
744940
565030
516010
728110
708280
569940
380950
688050
731560
612740
331210
656680
355020
714150
473140
612610
662830
693310
708930
620310
444160
547200
611090
567130
47130
433650
665740
690740
705240
717820
536750
577370
601880
743660
651610
683440
700270
289220
307170
756150
613420
453730
337130
302610
380920
619470
362350
330100
758610
626780
643830
363610
463030
620140
735350
721080
656360
454070
312020
398640
494350
566150
496000
479150
746570
512020
664210
342520
526590
681720
612840
578310
679960
409730
544590
340770
570380
359300
595920
338760
691620
444880
414550
375040
680780
502100
391290
688210
570230
676310
721960
553820
402120
463870
729390
339720
323720
367820
571350
526470
326990
591610
744430
651170
591000
736110
493650
747090
340810
361370
459940
337670
579040
438090
674330
527320
755610
653780
677680
670060
735110
754160
326110
638900
317330
683230
707590
523550
534010
537200
657790
754230
295630
324520
377220
589180
711870
495760
525680
340330
652910
550400
540780
544710
561000
544600
538110
613410
655040
379520
559450
333100
409130
338810
470740
288710
603340
574410
367350
535530
578920
525380
489760
542820
688170
718210
660110
498550
252570
568400
355690
588030
448520
658530
616570
461520
536920
372490
46570
376250
267730
661680
291610
396730
563910
543150
516610
531890
694160
385080
460340
739940
397750
337220
547680
694470
407100
559900
675370
568130
416180
514410
691320
488280
522940
491710
391420
348240
349950
632240
686240
568580
517320
568840
280010
750450
502920
576640
375170
483850
685690
716260
700990
416670
328100
698500
701010
622480
682810
425870
752770
673280
394990
378110
384890
526450
444350
526740
602890
453470
229560
364750
536510
552160
376240
508540
327440
618500
405240
683630
724900
716480
547090
717330
720600
485230
730620
553680
648430
486940
623860
543120
508990
484390
672910
552330
446110
575210
513990
544790
542280
729980
760560
596730
612590
733250
331610
750020
323900
418110
618490
395480
652390
685040
713380
580510
654610
448050
491220
543270
574690
530540
507010
498600
691930
383690
226780
263700
710160
717170
533860
568780
283560
630170
663540
29130
346440
498000
730410
520470
479100
547670
733090
699820
561450
384280
669050
673970
488690
520940
504810
336010
276220
389700
595160
494470
526290
754840
506280
713860
437100
603250
501420
381850
664570
276430
276300
276340
447180
51010
595130
276240
595150
687730
348860
589470
362030
440870
670340
417840
763070
368700
394950
428250
397960
689740
368880
326380
428280
598620
744630
591580
740520
527940
553910
497020
615340
454770
645280
448150
652570
514200
633150
504750
348450
306680
529770
585820
649660
604170
644680
346220
600120
526730
677910
590600
527820
402220
576720
722350
600180
415990
477270
406300
620640
579130
722910
459580
686000
604000
491240
658450
266490
364270
383520
370040
438160
500660
757690
497670
267220
436520
428900
458540
725340
454030
612890
388720
596590
448690
671330
555290
689600
677710
571870
554590
651820
575050
448500
349300
518610
463100
398620
522200
665960
549910
562320
667800
490250
464040
645470
448300
290020
308360
328310
684040
436060
407700
518800
644110
687420
429020
755830
763410
270590
459770
428610
370150
563710
758500
294040
341470
523760
733570
698740
367030
510990
521860
659910
587390
551320
499330
492100
369860
601120
15350
550830
732010
453220
578470
357320
560570
523870
682780
545890
432940
366700
370080
342510
537050
496850
711150
411750
504840
671550
345790
248370
622150
748580
537590
300160
434090
546390
763220
388730
409920
447940
327370
748930
701020
696370
508840
559920
366620
444480
686900
504630
576540
588070
537660
567840
434820
697930
451630
527310
717910
764970
322430
597640
478210
385440
724030
752000
676720
415900
375790
38090
38100
38110
394490
695560
625220
497570
557190
461390
6600
648380
412670
473800
655910
521950
649510
525640
656780
207710
652070
509850
585860
364980
354180
340680
429780
591130
746770
250660
567210
385830
555890
705550
434370
432640
657440
740150
666060
700540
718500
477200
652600
719830
602150
281260
554140
283330
389840
406280
700170
501090
563120
368990
513920
542710
553470
680750
342980
580410
670140
399790
447170
733180
678240
323020
436230
612620
297290
711920
504380
464240
353610
614900
659490
706280
382350
382180
363960
356870
354230
702270
510290
352850
284220
654390
715010
70500
367800
505400
718840
700660
318090
585500
429270
711700
606000
551050
663920
277870
651120
355400
578190
697430
503340
655380
311910
593070
278970
473840
501350
564750
457340
447690
580630
46720
379600
716950
653960
566640
506730
401190
650490
698160
613270
373750
431390
431370
602630
675720
314760
483970
674980
662660
683340
747910
757990
431200
615330
504260
648340
286830
709800
525610
485900
338890
646430
612030
342130
487730
428760
347930
706210
260550
647080
533030
631270
314850
623460
533090
614380
723950
288840
758650
631240
538220
607490
428240
571550
368970
46730
687850
543110
485310
532120
621010
746340
408880
598490
585270
682730
546490
476420
382320
494230
605990
604110
347330
427970
476480
360970
400250
422100
404510
554770
726570
556700
344300
731600
644380
302950
305490
293420
367060
266290
679030
433900
648570
727490
753590
557630
760890
616050
370600
606500
710070
538560
472770
566880
567480
652330
416160
580560
463000
512370
443260
659790
747920
453820
702190
482920
726450
600410
306950
534820
503050
464050
633970
269430
443980
454080
349580
527730
375330
711530
454630
702820
674860
262980
385030
387400
501060
562540
758630
552140
341700
517770
638240
449200
427810
266370
620580
581840
690220
724450
350330
630670
390660
476510
541350
457570
485650
520380
533180
450150
435360
672010
686100
451200
474050
558060
525500
581980
503900
516000
350800
617710
659260
590280
535410
457790
492200
588120
303940
704350
695830
494790
722760
298560
525070
533340
686940
472720
705740
397840
726060
689980
749290
369360
448480
745000
361130
486850
493080
360730
536040
416090
426240
318690
722040
565380
414500
397860
347660
366290
528190
686760
522490
404750
762900
596470
531920
489360
662910
372970
692060
688200
656560
342530
588890
676490
568670
509560
251450
305720
680100
614100
356130
438720
436400
465710
537990
409040
741590
652470
765610
695420
743480
684170
729990
495780
323250
754270
656480
729290
531540
465990
514730
516870
723940
610550
303590
385390
726070
352580
377140
489470
466900
740300
731620
616220
654090
457330
362610
545650
588550
359920
415670
467710
488330
464960
713550
586450
501940
668890
317920
732520
698480
300900
717440
694520
563830
318680
336670
423760
341890
759870
655640
512560
386330
617270
672020
657500
586790
717790
589290
571180
590970
576700
750790
669630
543530
566140
475520
261720
544680
664320
741650
728730
512270
761640
420000
357670
725170
259810
576230
645790
325420
591140
677380
649880
371120
432180
411870
496740
491180
485360
318350
541660
541670
322080
715460
366180
421620
646890
729460
335830
681780
395170
616820
529780
617620
681760
422940
527950
687270
717240
606300
300040
660040
302810
230760
740320
376160
456740
446430
446440
567430
657560
511110
578690
362370
665590
667880
480500
729970
635930
599960
507050
739890
391190
468170
455720
534680
455960
455190
340340
662930
724580
571230
718140
457480
508680
723810
501840
692680
712090
566980
594200
519030
720000
332880
710610
639450
563370
380690
757230
681490
568420
608760
538060
687360
598940
497880
479310
361040
41400
383810
552230
416200
525780
527300
523180
474810
671850
521130
631250
676450
477900
349460
522610
404070
668610
434390
264580
447540
522010
728020
345280
763010
601500
541970
520850
715060
596640
542520
732070
686870
420920
652830
397440
406090
282640
470280
696250
501480
556960
702200
731190
398480
578930
727140
557720
695940
574170
444460
610110
354290
547340
626510
404150
709400
659570
392620
340400
389260
454540
358810
753060
657010
739990
404030
432420
263120
694610
403670
681500
704310
491210
360840
346780
364660
577360
361600
330660
331400
597190
553800
661830
660120
485880
233510
412600
652130
534660
607160
513820
666930
389680
447930
572630
583700
555010
496510
712060
675530
348810
384950
398930
546930
485390
650350
489100
374630
671650
452860
485370
584100
288670
551360
638260
492150
270090
436070
716150
592130
512120
650980
485430
302730
337930
736200
563760
386320
622320
667770
449120
539690
511500
581200
713580
573800
310110
347690
545400
430280
587580
378530
347080
750620
574780
551630
297080
722570
519490
510180
647500
320410
522590
286540
688790
693380
563410
696160
632020
613730
588710
537000
537140
575060
693030
676580
696400
718220
671580
686300
734840
651970
556280
756700
296890
468490
505210
698650
528270
485920
595630
548280
382070
614960
606860
556780
713540
408170
617750
743570
430070
534980
575840
493920
758640
527910
630240
466010
563550
598070
375510
434140
723880
462570
510110
462580
446480
392970
372930
511140
446470
581220
685870
707870
515910
667360
655460
665210
487770
538000
555600
410040
724950
502050
710310
695810
543300
326120
598740
720940
428210
764240
655610
348290
503370
371410
373810
561420
727610
721400
553590
527110
601010
457690
288750
562800
696470
500920
759610
419810
365290
724010
556520
734870
398960
488580
672670
396700
504500
545470
566570
541420
613620
522280
735700
518130
360150
644370
397420
288650
431610
397400
687390
410370
619670
491100
657050
687280
731690
652120
581740
513560
586970
576940
528450
747130
521450
359070
745060
577460
479110
318570
545930
246740
503240
379990
449500
622670
582050
448240
432380
381220
741930
401970
438820
515470
267960
423730
556050
747310
591760
722070
757060
334040
682920
371400
506900
388540
679770
574420
684570
711500
371380
340290
460730
296590
508350
667010
562840
758190
603380
327980
673940
723450
540860
661960
590580
711600
732090
381290
534220
745830
510370
663530
351150
305960
514370
635730
658050
563680
448610
588630
677030
677880
440770
692930
527880
722580
488550
432780
744660
663190
532030
408440
723610
738350
557410
603090
337450
544000
480770
658770
654630
556890
365140
602200
353110
289260
645920
664560
696940
346200
447920
592740
381800
542780
491280
431830
553290
412880
322750
544800
640310
514970
334840
356460
747590
401780
273730
314330
351330
612600
571430
466520
718990
690570
360680
506980
556130
697330
513450
517660
586170
679720
407880
399900
658120
684230
725380
453270
352170
586980
400500
428190
513610
351810
689400
647090
702180
476370
432470
577570
494780
652950
691580
364740
690850
437710
672290
571500
575110
718660
687600
454870
560960
614660
625780
366780
548320
521470
719410
397360
649120
284180
724520
477290
296510
536470
485750
557850
628450
320400
673430
655650
503480
542690
366800
284140
638060
727310
703870
512430
577390
357900
600600
462940
670400
511490
504420
318860
666910
492560
719630
592340
629400
729580
339560
310990
756740
762560
448390
302250
511070
664450
530510
478980
342280
503290
338120
503280
665630
368310
726720
742460
697680
535840
374640
417480
706350
560930
566420
283370
596390
396860
692270
330470
745560
413830
495680
376350
518720
450220
297740
597700
719130
547140
710940
394770
311940
622920
313190
655630
743070
496250
336020
333650
738880
562700
753630
508730
542930
445050
292840
317020
377190
574860
554180
562660
469930
411620
463410
541930
677180
655440
589170
513880
314540
590570
605860
447310
710700
339690
706980
698790
685240
469900
412370
545670
246300
467660
569140
268810
549770
316080
611830
706030
691220
697530
657300
437900
212700
452320
353990
567860
601490
331120
378410
528250
513440
370390
716240
503860
569050
592720
366460
557770
33700
33710
416760
314770
547410
523880
699600
699790
708450
535010
675950
618190
740220
487590
642650
745760
519190
624690
544440
689050
341080
763360
572660
297070
446910
448140
509910
389690
646180
622620
514750
686380
597860
614700
414470
493780
688630
595360
511570
451870
548480
576410
454130
582440
700460
603790
701580
340630
730010
453880
735450
385230
387880
716680
386630
544390
649870
625320
713390
682910
666560
735540
432270
616880
444800
397940
358080
409580
370440
375450
525210
578060
541190
754330
655550
496550
509260
417410
573340
573740
366610
325120
545720
496790
718250
445000
739690
401280
540900
708640
575100
397640
732840
301700
702300
651010
401290
431680
307350
415420
402890
378100
572300
719120
363270
400410
346970
306440
582030
551100
323490
414810
634060
513140
687760
468080
573460
536370
573080
427780
536490
605160
405720
355380
246360
349540
575630
641590
409340
660970
543940
618350
601990
744290
455110
354920
710250
466040
608870
342550
635520
578800
701440
684260
654660
545570
556160
655600
435080
649150
621880
667660
535980
541380
719740
697450
485620
476460
726760
674420
676520
520370
754040
454670
496530
611960
720020
427770
384930
355910
732030
678310
605850
514570
595960
658710
710950
509960
623570
559140
664620
516480
667550
721390
543580
737640
755890
542750
553410
321080
690860
359370
479020
355650
527580
526550
427040
569360
713830
601200
618570
566810
263080
728990
492340
386600
618650
542400
313040
703820
659320
692190
344230
504880
355920
455690
444270
397690
349020
346510
495230
343430
461880
360520
399530
454570
690560
302460
708920
733990
557730
529450
560080
420880
293460
637880
654840
707960
324240
615490
737530
307230
661820
512770
452340
218660
104000
620170
375000
395470
393430
334260
577150
575570
300300
534740
680480
658990
571330
714020
697610
418910
580910
725920
553570
366040
671560
489020
320970
703050
669440
447270
611120
511120
334710
740570
376130
518650
727550
265670
448730
412640
562690
631660
700830
298360
741450
348670
755250
650810
749710
719110
23400
374460
657530
540100
520860
384040
344880
522690
640970
361830
587840
416430
498680
760900
564330
491010
480690
380550
668170
348530
567200
572580
549670
636020
407620
549740
291930
384080
376150
666330
666340
380540
444720
305660
385950
554670
705060
387280
433450
654980
669360
583490
555180
302290
327000
713800
458230
269990
543180
438360
612790
412230
555670
687640
688720
448750
752710
448790
374050
653080
692100
274980
246980
705230
709240
348980
463920
498720
634120
522220
726820
344270
453830
443070
686340
334190
367040
655250
661490
404860
431470
333120
437740
592890
326720
343410
237760
744760
627620
752080
579110
563150
356420
765380
677780
630690
416120
520530
680190
502150
644000
710240
334980
428930
342350
677060
553130
346370
513510
562640
458970
556680
659040
552220
423710
482300
611690
502090
627070
732440
465450
681900
557260
581910
501740
717020
700560
609170
608370
644610
707750
512460
479170
528550
585040
432540
456830
443000
290000
511690
619330
606490
491110
512700
512240
725640
751540
711460
612010
689830
567580
693050
597040
699830
667840
355100
454100
618920
494090
353340
485490
329040
322580
682590
382090
537750
302310
613590
463220
713450
335440
757700
209390
370750
700730
700610
375550
660290
386650
686360
759160
431330
402940
613390
722990
651650
581920
498980
568200
712760
430240
704480
317970
367110
341730
553690
385130
335100
252390
562330
213650
367260
276870
535650
520750
442140
732670
503550
699700
546340
527810
493180
438350
525600
542850
589410
382420
715980
563490
387060
607590
358070
612250
599800
500980
741670
671840
403560
678870
606690
705870
553740
652140
305780
432110
740470
585990
503080
465920
338000
611060
470130
522030
439740
576320
518000
701990
349240
413040
541270
451950
720950
621140
363790
531990
533850
425760
391580
434890
656590
674400
716900
701380
587480
435070
336700
757860
712000
535350
298160
514810
719370
657410
422300
578350
672790
432290
340140
671180
448640
410490
340650
528670
513860
566170
625180
740400
711990
623850
420670
33790
681670
738020
587570
593410
593540
504980
430080
451000
476670
526400
676410
578880
457600
757210
501050
481950
561690
422500
585590
593490
562470
543380
436140
412250
629030
635670
705920
299160
299150
697890
464670
615390
694660
637070
311400
422760
726330
537700
708680
488150
465930
645820
348960
558110
738600
485600
466020
600170
503070
556230
556720
749200
394870
494450
626010
319760
513980
416690
600650
564990
688450
570000
478020
727170
658320
672160
737070
681000
670230
617020
516520
680340
619870
248350
598050
729960
529100
403660
341090
757290
662260
285380
705440
360590
566410
581650
288000
755820
669760
618670
452180
492610
321030
465180
612170
409610
512750
605490
404630
328710
337880
453510
356890
535630
735650
509290
697800
550360
476410
718730
463250
438680
463010
388490
697270
555170
645940
360990
310850
633660
434980
651470
516900
737930
698990
511800
740780
542650
367570
587560
399910
257990
737050
728070
359340
284950
285010
577530
584880
622870
603940
745500
367300
590820
342970
636040
608630
530240
538710
438000
499390
737330
497420
375250
671540
340380
700920
49900
486300
461940
562360
434790
700400
15800
593260
656320
408110
599840
523060
661900
610210
485110
590870
656140
337280
602010
542550
516550
341640
645340
543360
534920
419000
675660
679400
404580
731880
631990
538470
672190
360010
578390
547860
721510
448010
333490
511920
710670
461760
692310
289780
670970
339210
513210
433830
397730
618370
338960
403090
403100
566930
551080
468110
491650
265790
429490
634150
398940
582290
753670
688380
529920
674250
418280
385810
339470
603800
463440
660820
511790
760660
535280
581590
616650
652520
753090
713980
563360
636950
536530
423810
556710
510850
277910
394840
587330
618080
515890
333260
588620
682530
740720
555750
655000
654850
603130
434250
554800
673920
713220
411070
461400
399130
595550
673820
486760
600980
606270
401420
468540
673870
434480
470440
675960
257710
531240
511630
513680
389220
327650
347470
678430
568160
682250
715990
665350
391390
522950
621850
496670
681550
536630
704660
728670
466000
667400
431410
737470
541160
607260
758150
714980
420900
609010
335940
606360
463070
476710
645290
546960
273960
459040
499660
659180
435230
543740
624560
405190
613130
630360
434870
586770
534210
386340
369270
706690
567700
436240
449180
735260
321150
471200
404460
459020
511010
476450
686610
529760
340530
330520
438600
500880
674800
485610
719430
373820
375520
356510
657470
719970
500440
334620
428870
519080
491260
359160
360720
586930
424210
652800
693400
570980
667050
461710
765940
276460
518320
277540
396680
718240
419590
553340
312220
675650
724170
655480
486480
330680
676880
741120
636970
349670
596270
670020
756630
729930
623930
540640
610560
615590
602080
339160
675160
731930
696500
679470
502380
630470
677720
679820
700940
585970
656340
396320
570590
615670
540250
682000
613120
682010
374940
465750
678880
665310
437400
512090
587310
603730
603190
631920
407130
676470
745900
645830
613860
631490
258240
844860
397850
517340
333330
523030
681360
697950
404770
718530
555230
670080
516840
681100
681970
683690
464020
313620
701080
278640
672880
656940
496350
587290
709700
719210
689360
541560
494150
336710
340720
336730
548860
318260
531070
696020
377310
586720
513170
466080
584370
584860
477130
366670
457420
320690
461180
443370
670620
279640
758400
586130
403010
693190
307150
716920
407000
669580
534570
602140
667920
661410
551750
726160
440730
349440
351290
746750
597920
706010
659120
504560
467950
745550
418430
387430
498630
577700
541300
670940
606140
515020
738260
414090
258050
316970
331720
461590
665880
365340
750670
329240
509540
603230
565650
672570
672030
507210
46600
495390
701870
287740
407110
594950
714240
427950
490230
586950
723090
748600
699940
108210
467940
307070
664600
754520
579780
535910
676540
546870
294020
704510
527750
566690
561340
725510
655930
731410
497460
440690
659000
467850
564080
662210
299840
754300
362070
753380
581130
412470
520810
569290
479040
586570
454680
325430
508890
714970
383540
682820
671390
27600
552200
592640
576030
529870
290380
418170
669570
689090
557400
460140
665140
614650
546980
332810
731590
452120
494290
497270
445310
646820
349550
586830
331290
669910
485570
452000
421260
702510
428060
294230
299180
657400
442190
645460
490170
723210
446850
716070
687320
688750
682970
402850
413740
516940
468320
649900
713030
672480
454420
596990
508930
449420
536680
679670
416350
508520
691720
382920
357370
643970
496160
719340
411560
422030
491020
569130
482460
317730
270570
281060
416330
387090
412760
719180
438260
288020
699150
471630
392020
604950
391510
433210
301540
614030
705150
647040
728620
465310
517160
632820
636030
596630
647900
555520
65070
364130
12560
699770
552370
509420
663200
214100
532670
619000
394480
579150
659460
752550
601240
574440
616000
497060
610460
422210
670490
688500
485950
386350
452450
467120
439910
638270
552670
359190
493820
639230
663690
544630
622470
577330
457710
425410
352750
437730
637040
691640
410770
411060
411530
573760
302440
502430
450570
323000
372960
663140
692090
323260
292880
334480
595640
378570
436360
569350
600210
549880
248270
707950
555130
620710
446380
530830
531520
496730
634200
712150
656220
703730
514640
445040
369700
749470
596650
690060
371570
627420
440740
594360
591680
501410
688780
528970
603060
717960
603280
425260
608530
349190
611300
725020
329680
581230
735410
745620
365190
759920
345200
445070
676240
460970
517370
369180
488080
675220
500420
315550
528300
377600
355070
542590
658760
589860
504460
729130
577760
517130
645440
274960
603880
746110
752880
767460
736400
523740
636930
340310
436480
340300
312430
371420
432250
366060
466070
744890
527930
436690
385100
700620
575560
510910
661970
697910
547960
384900
539980
678010
469890
523960
693020
630070
602550
528110
569610
624630
449760
716000
496680
562680
694760
656040
716360
730700
462480
523640
300540
323240
295730
352030
622880
696510
428230
405070
418610
533770
552800
393230
476430
663370
498470
553020
506090
299110
425230
46340
680990
630020
342450
300510
605180
581630
593100
411760
407290
512150
542480
383720
677330
649600
453000
672970
294140
408400
525350
467900
331220
363920
661460
362160
569340
686500
533690
342100
539380
641870
611320
540010
655180
678090
515060
510930
404690
695600
509310
663100
745890
725050
666730
320090
492400
655730
559300
668560
355460
627460
296790
573260
343340
709550
375580
291390
389310
460650
390570
418440
380020
577230
411610
655710
646960
388010
520270
564810
341570
681020
600430
748980
555730
393600
686110
529260
660340
490880
645780
284200
405760
378450
389460
756560
724750
644400
501270
704070
676620
745520
285090
647000
558030
665930
438480
410840
449050
328640
619480
391410
439530
734350
550930
451210
471730
627670
760960
718470
297620
715470
528460
453660
650940
500800
409490
393790
728420
295770
419710
513250
396090
366000
600310
265990
530650
366350
661650
461010
209610
756040
679620
506550
470490
434960
371280
371670
530960
719220
656210
657780
545660
353300
299440
711480
314590
575830
592330
503390
336100
550310
576750
540880
667780
406690
393930
602040
554690
716130
413490
343770
603220
552210
286440
700910
337210
1094710
647850
559150
615090
550170
654670
389810
546660
727320
446050
747730
683890
584780
639270
528740
689130
625040
697710
504400
586620
576310
516510
510280
432950
416000
674360
711450
552120
661380
356380
506670
298520
587730
494370
514650
336220
746360
544180
660450
746930
494530
374990
727100
475240
502200
647820
448570
596740
381010
684510
498850
472060
547250
320520
704990
688680
502730
712050
330500
560150
502440
602070
458560
421880
497680
586890
459880
395920
368760
489740
724110
346630
595030
575080
538950
678530
672250
434070
339110
341010
341820
634700
623580
324400
462620
663160
726610
303840
442290
610350
680310
378800
595320
462910
368180
517140
483680
529900
652750
693710
379420
450650
384330
444490
522300
506960
520930
363180
377570
519550
704910
489440
613800
529280
691540
582990
599880
525150
384150
661550
553530
342540
553350
347560
371430
338550
656910
628900
477310
747820
564900
347790
416240
298220
471400
710400
511600
438780
425990
448540
328880
421710
752380
548080
740390
314210
546330
413620
507140
686640
304810
746540
674910
649460
431120
487380
727860
680140
449560
748520
501220
708260
443910
437080
434970
552550
547310
364100
749050
748010
674310
319210
733060
456130
427640
660270
713340
420300
568480
747330
341930
635410
628760
577640
402670
615160
533320
354680
479180
671810
574070
586600
668970
726500
719100
464490
558670
562310
565190
647890
738290
492280
380580
568720
599510
581600
278850
510080
434300
734510
504690
723380
458520
650860
511370
619600
422140
649990
497280
750460
740990
292180
447960
687310
391440
587710
659720
676830
429390
654240
546230
534780
644420
560050
570690
671050
399240
439730
589270
454170
622060
763870
658250
692920
696590
661610
455770
748830
745250
369040
754800
319280
749010
712660
633930
717380
411740
701730
750960
378360
688690
524380
716650
750820
596280
697000
340470
268970
502240
688650
260060
260040
259960
259980
260080
521570
649000
588050
736710
733710
756440
610810
416030
520080
569210
412490
29120
672450
582610
434750
430930
351820
466890
673530
653940
429120
564040
679860
572180
605040
447240
574220
733020
592660
694960
466820
402030
396930
565490
667170
317720
445840
655430
344900
374680
587930
376920
567030
567020
694140
682180
403390
329310
666040
356170
377100
524350
653050
432260
473050
520300
630260
551720
408990
321160
428590
553100
605310
398710
654700
673480
439720
500150
740170
474830
377550
735520
388680
735530
546210
353130
736390
303910
676170
33550
552350
290650
365080
270010
490160
661480
559850
357600
345580
763910
726250
664030
510390
714280
576100
569900
604230
729780
389010
735320
300400
521210
486360
655020
399430
514510
651280
718830
360380
523720
699010
688620
417060
431230
378580
445210
709560
614630
639770
653930
375210
659630
51020
590370
687900
577850
646380
398920
704750
528260
602000
741430
355520
574920
437170
365860
494440
453740
602540
662610
391120
375420
748910
608990
488480
708830
600630
532920
671120
583190
675940
581670
592410
327450
487250
681380
601770
490690
601130
538050
707220
514520
700750
657930
282620
632170
724940
340460
551650
561230
463760
673380
529670
645930
409090
432870
574910
369570
349220
447990
324390
346430
451980
731320
488500
588980
662620
428260
522990
672920
424750
455440
353600
756650
315680
699970
489080
744440
470040
710170
444620
555260
448880
612440
360620
283020
667160
486550
397040
386900
314050
492270
723510
293960
583060
662870
711310
496440
528660
653550
716380
749670
389400
684870
625580
637050
678500
561010
111000
745810
111010
619100
586960
365060
417900
468820
471380
335770
556310
397760
453950
292630
574580
338710
618050
281350
338260
521630
405000
590950
349650
478950
486510
696190
557460
549950
453350
262630
488220
748660
499460
441640
625940
505120
661270
625800
575860
344180
340360
612810
628920
720040
370310
493670
646280
658980
731520
405810
519160
386160
532260
328780
315940
520120
613980
546600
343180
437380
299170
477720
555830
675040
534720
590770
419090
344810
242130
529700
600350
300080
629410
679740
405530
746500
588180
494850
442860
324360
416190
696490
702220
648810
516920
685800
580420
459780
709450
395640
560340
619230
669740
501310
599900
351240
461860
324120
546800
400740
487740
690260
371220
485290
546820
364940
314000
663830
682370
715840
701370
305800
607680
485560
247120
726880
672770
616490
509770
263140
689170
544410
453130
654600
559960
510130
60700
717400
584850
755760
591920
684400
312640
614850
602880
589250
511380
611720
369100
340210
332830
661440
746990
716600
616240
713080
368780
368770
292620
516650
565720
740280
538790
661690
636580
647530
663170
552270
444190
292660
292670
595990
558050
671490
702210
428410
585770
377500
673600
707230
653210
347060
412560
710640
517270
656530
551930
499070
765560
258070
266250
378390
502450
258880
663250
316240
50910
741520
679530
453700
526430
655780
552410
21400
566250
542270
669700
747990
429180
388160
357650
465670
389040
437880
603630
416550
292090
645230
496820
367550
636460
328830
528640
541770
645750
566550
684970
357500
348160
542220
685430
661420
307560
650990
640300
325150
397670
489730
413700
715510
671800
703270
299020
615080
687890
485800
306550
637110
330450
457130
542030
463670
615010
496320
604490
584220
548360
712210
542570
234490
303470
435140
449520
438320
674210
385960
527770
504100
351140
366510
370190
494120
547050
269690
420500
596260
374620
648880
504610
729910
569270
734380
612720
630390
450590
450600
552920
613400
524050
695660
736230
562450
504470
730890
326420
618840
341270
371320
574150
346450
565730
350620
619350
548710
676120
761440
571050
571020
561680
564420
497590
675870
551570
678800
519990
467820
405650
567890
491520
682290
488460
721890
649670
533360
259430
654680
533660
601170
433110
461600
33660
516500
745380
555710
612020
492490
581970
713090
618590
503410
357840
473970
688330
533780
398890
665620
387130
594760
636430
582350
380700
725950
449090
458510
46850
360400
639460
311850
623160
623170
666600
512830
680550
569640
693280
297450
562740
456810
729720
523940
681390
321390
496540
518660
700770
307760
622040
397430
739410
351720
458600
523440
401250
397830
507520
673450
623550
699720
611970
679390
448810
391380
738610
763790
565910
659940
654520
558720
505140
683070
755350
538700
596370
664080
499340
724080
502880
487180
354690
360890
447200
726520
512470
723790
203990
567780
429350
602590
748800
366440
408060
494970
657020
428110
535260
509220
411860
428830
325110
741100
596810
423740
752170
503730
314450
757350
557880
371620
444440
370050
704950
533960
321920
601320
301990
573040
702430
295490
612750
438310
574030
385980
727280
723110
508390
350150
726390
655660
548130
351450
395940
625160
723070
337700
425010
689120
689040
507060
629640
323280
551330
638250
529730
741620
312240
320650
320670
39110
592550
474880
355090
496940
372740
685200
613010
434540
464630
500690
681190
451700
713430
453780
505070
366960
459410
465020
461700
601020
748730
571340
383630
700470
287140
306260
676460
574160
705710
275350
386840
388910
503210
496190
547000
425670
504280
576730
319550
551160
357010
657230
633320
468780
311490
525190
618270
394010
514760
504310
586740
302750
709340
671230
449510
494020
618640
701900
505660
376680
452490
612160
316420
467810
576420
589640
345430
283230
620670
613580
593670
492530
372210
346950
486500
737660
557670
301250
391160
340600
269170
298180
742380
448980
12590
473670
590690
556840
442260
466800
758530
750850
582360
393150
353790
641780
449310
366860
673570
669960
526920
486350
295870
665410
463930
563860
575680
753390
654750
375090
521300
517350
667510
383560
498700
745030
356160
437610
385580
429700
509880
263180
398950
662390
517550
318430
285480
664040
315480
391640
674840
302870
332650
748370
572290
494580
340480
497490
508710
654010
659220
702150
424000
475090
284970
455710
491790
388660
662380
508610
646310
637960
431850
361110
624680
317610
698100
734820
730280
386050
724490
346760
587070
528860
608660
725280
753990
301680
571660
650820
568860
386560
431910
741080
447190
517300
499900
438010
675830
385220
378280
542960
510060
577970
613350
756020
494040
635190
682960
473470
576120
284910
676430
485240
496610
308440
402170
653100
501450
747980
740410
539460
355670
463710
607670
571630
498360
585920
552110
554660
401210
631220
386740
751200
576590
719550
33650
200130
487600
510960
553660
386100
697970
386510
556540
586360
434620
734080
296030
601400
614970
713610
500340
694490
384210
661050
499370
351220
367010
620570
467990
588190
102400
296280
410440
462730
526090
739800
486540
486630
351420
688120
492840
620360
496480
679080
757190
392410
517480
262120
728870
346490
712430
607780
652550
437340
404660
297410
300220
348030
275310
586660
298480
683790
264120
633430
655370
539560
713460
286520
614150
554700
342360
320110
319300
671670
412460
24640
527250
592620
314610
601080
367050
716560
597770
365300
507400
687830
720200
374410
667240
685310
466720
659920
369030
468150
602130
717780
529090
375930
592360
407150
435780
600640
717840
624920
397600
617230
740060
467760
16200
604980
519540
659950
728150
730090
752050
327520
767130
446240
692170
693810
448090
642730
682770
588410
290440
497820
577320
465010
453870
396610
411720
652000
470090
317440
660980
346770
482210
415980
575580
726100
605790
540410
534230
490100
320610
357910
374420
522250
506470
489380
549280
566350
432890
717070
553440
459630
357930
552380
562460
283660
490300
448630
466210
4290
579940
355010
539640
346610
292380
542790
555050
724130
387890
613850
302970
656170
515740
486150
661300
355410
592390
556990
709290
279520
554310
660390
538170
707720
493370
625140
660330
763730
668830
272920
446490
746860
723130
251020
240660
659160
343570
549780
717950
690400
755240
712980
473540
454390
514530
454720
371790
534560
603840
601750
495010
524120
547520
746300
596950
610380
338170
689100
436320
576840
582810
305510
445750
556190
738920
340370
656550
595470
92700
398670
617630
387450
433960
758620
626840
421900
563380
606330
626020
340220
305840
651680
654400
289050
466110
752330
531480
477180
448020
330580
288630
538490
661110
469710
438300
651340
374010
376790
376780
455480
567290
700520
486380
583760
354970
656600
480480
496390
698880
277510
674160
274010
645860
510070
422250
727730
485330
572980
545640
466060
664160
678920
473610
582830
367700
579210
492800
342890
657170
659760
603970
553320
496960
481180
415350
614950
666100
681060
659130
388360
562270
523170
510330
764230
491070
604300
511750
529940
416370
411080
381590
647940
559970
420170
393350
259510
533330
519020
349710
530530
708580
322550
394960
519890
424170
460580
572330
612510
402160
291840
415270
300320
312210
453030
597120
696050
499420
522700
459610
292060
352960
568920
603490
400510
558650
653770
485830
522230
594720
628700
338830
383070
414950
718960
740560
717040
556770
321600
615270
695880
438440
411820
698260
304690
505270
760350
334490
503950
270490
334270
375810
693090
410050
703980
314280
363510
260430
673050
420790
341530
670350
540500
541760
622540
744170
526140
564950
403120
458030
671460
373440
516810
550420
350020
336200
739240
326060
637640
644200
526750
266090
424060
546180
636330
516950
489600
525300
744590
632290
569770
407710
503690
433750
372030
345340
560010
348180
376490
502530
408750
508260
653970
336680
517020
361800
529020
568600
621780
369640
699990
262100
584600
641860
363200
662230
709020
737730
617060
448710
509360
368290
568310
492080
677240
633940
708140
429480
520250
541960
440800
661240
488360
665060
675910
601930
659560
470270
586380
388830
295850
303880
545690
520510
753360
555210
543290
702310
369530
550870
391170
392610
727510
355560
529360
354770
611770
512920
440660
394030
664110
749990
324260
505750
689460
513190
42000
347050
354030
642520
518040
546090
512160
341540
290280
699760
392600
720540
508660
467570
701800
406170
691700
345120
465070
541150
600690
395300
647980
681630
593250
498320
727800
745420
681750
728710
364790
645260
517400
660560
554940
584760
433480
670500
381750
509130
754000
379380
248290
727480
636170
500170
559170
670290
372670
417020
490280
378090
448620
708370
623700
510360
495750
530040
722400
413540
262870
246880
663080
425160
294830
372890
613790
591560
384660
364480
322440
503130
681260
560790
537130
491130
656610
541240
330880
545910
466050
631280
390880
364910
646440
536990
305760
667420
541720
367430
499760
336930
298380
698110
644160
594310
476020
638780
666010
435970
753370
642000
362400
708870
355350
395190
434490
576050
376310
586700
696010
466030
598670
668800
670210
547920
703700
423770
360040
562600
694950
593730
569630
514990
444690
669710
441870
604640
351060
656330
669350
513050
746760
532900
341860
413870
433570
682230
427050
578050
536230
340920
559030
501930
412360
677280
321480
321370
508650
380210
729060
526310
684270
343690
446250
392450
403070
441060
595080
613610
432170
677220
333380
467780
487530
639220
655030
513340
698610
655420
635270
661180
324470
465510
560870
684820
761290
676420
340320
393240
368720
373870
525540
384480
669000
749130
274620
407630
605800
658150
690950
464940
600190
346240
635310
582390
273850
656060
596070
717000
508410
674440
746890
690460
518190
595430
756190
395880
506590
510780
364670
640800
361350
568180
618200
516250
714050
679430
461970
402910
513620
291370
346920
541410
377940
708780
12430
543030
504770
530390
285520
366210
742900
538590
534480
601760
443850
458370
338530
606850
460630
495030
397240
649620
331880
494380
451660
605110
392890
616660
678100
361620
685730
416630
607720
755550
493620
521340
581760
719540
302260
713230
566860
575400
676690
704700
513420
208460
678570
701470
535750
575540
650340
652180
717680
721480
521330
575430
277930
331340
680350
372350
617600
569720
561360
658390
357730
635900
422640
58400
543280
418070
686620
528510
566870
713760
500360
757100
684650
748270
638830
410330
671740
685570
732800
489160
539370
616890
539650
428270
574190
723960
593240
609340
563610
486460
673830
601110
636590
454910
678200
520230
530120
649580
642070
753560
615150
680170
511830
565330
462670
494960
680560
690410
454230
668230
693180
750740
598450
462400
664190
375870
476000
408240
690000
489120
609850
681920
678170
542340
670630
354930
291070
673620
592300
546440
746430
384100
530300
745710
461320
432770
302110
709160
755360
1352080
568690
455990
530350
467930
445140
485500
262900
564920
393860
592020
751280
756320
559280
535440
572240
498940
339320
433130
576660
505060
721470
273940
731230
468250
714620
470890
552940
412210
451540
410390
372340
470020
380130
566380
712240
388050
723190
710740
374170
672000
549030
395100
423220
458830
522660
623900
468740
349530
579080
453710
402560
270030
570060
329480
416530
273860
751950
515700
720510
355430
377150
582370
400380
448110
707770
513590
517500
737980
364850
416610
460230
332630
722660
306200
339820
526510
701890
680320
411520
458820
454260
354720
356730
619140
515980
749480
556550
544550
733690
413680
302910
654430
686010
345060
679190
622420
416380
455120
460990
341070
441510
740350
584890
619740
450040
489000
335010
665090
530560
659480
341160
562160
708950
443700
595930
348380
493410
660520
662400
534240
684420
566580
378810
393550
310450
519170
679510
520590
404100
546240
207150
385410
446000
315540
436850
400790
691630
488350
449000
722750
652050
711210
341060
282780
545700
654740
299800
652610
385310
372720
307640
667930
511230
550580
593560
593620
514830
337290
291770
727340
374510
386200
402530
395860
273840
713100
537540
364370
547910
454220
565540
435000
507360
733610
441250
756210
652030
503060
563130
624260
462950
544540
361160
585360
457380
519180
252850
393660
550160
545200
684470
509070
340410
499230
410150
679690
670610
523710
621940
672220
322030
318560
370970
345440
662500
573720
416340
415390
679830
727090
522710
494830
614830
553150
755850
468240
552300
696280
504800
677790
425340
666310
697490
592750
477140
370550
454580
458170
394850
711930
746260
383330
1457920
2657480
2635640
2668870
975640
1014050
928070
758050
894620
2840900
3907190
3290440
2456420
2459420
2322900
2849960
2437040
2241800
787760
2331330
3308670
3347400
2630350
1555140
2505800
1373020
1705720
1369430
2578280
1691180
1534660
763310
1170570
1175400
1327310
576620
464800
494810
506760
433630
528770
335070
549920
371330
692610
458110
582210
370200
526440
589730
612050
509170
390460
588560
573370
589380
426210
375190
661340
411690
544290
464690
542240
569420
586320
579050
589220
626760
515570
644740
484350
640380
725550
540320
444940
752780
698570
586350
582530
323630
422590
391780
566900
348840
525870
442810
486290
443650
367660
759950
347730
758480
717830
339000
499540
529140
674590
575360
568470
385240
428130
436260
711050
499620
348700
454560
715520
400880
477910
568250
534200
434860
730030
545820
664460
566430
451670
331580
654060
566730
527800
421180
622700
384690
398840
511460
599430
574640
317380
512300
719640
494310
501380
672640
500380
588340
489400
601380
521230
594160
711560
641940
640860
502710
672320
405590
468050
385060
630830
326650
457650
394720
315920
696910
685760
431360
373290
764430
625960
569590
365930
527510
406310
416220
746410
686450
671270
361430
664050
619380
549390
362290
420910
375430
412270
509580
302320
604190
734700
686580
416260
372540
449240
440750
727110
440950
748150
676210
418150
621810
474910
496640
313360
361250
751690
669770
706480
283000
699370
508300
350380
338130
341680
652900
615550
464500
355490
664290
686660
624990
744040
337820
569390
722870
438770
646210
417910
532070
644760
691850
346320
442770
402150
680250
641050
667270
665080
651990
589280
589100
597720
547150
324750
378240
598240
322900
339910
474890
573360
676340
364260
548020
600150
400570
548740
372380
515690
466420
738580
451230
514820
705260
371100
709820
691860
496230
652760
744450
530010
580520
666320
445550
512420
385690
316370
532170
107600
217120
562260
658660
625680
336230
379210
246720
392080
759030
354560
332540
400560
385400
523190
637920
637930
637940
500220
572570
361970
604340
612140
760460
543920
490870
666940
553050
406780
611750
655160
432720
564720
709870
416060
576980
594410
662920
544130
550670
525530
734550
548330
415330
563520
413470
721350
521580
576110
705610
423610
709520
552130
756220
326730
288790
761280
489050
458490
518740
465130
411630
321260
389510
545960
533280
731700
553490
392820
642700
377250
689210
540770
359040
565100
390940
418030
557940
352700
400200
521590
727060
473450
467170
473910
726990
699510
436280
447850
288690
704140
538990
482390
748130
558440
705300
543350
303610
310070
547210
684340
591940
525460
496930
667410
672690
383190
717670
576860
485890
516560
733360
386700
379290
674010
344910
346250
318650
425600
378490
456440
663110
625560
559340
722330
557890
436160
537920
738500
594980
499400
718040
582200
560260
530290
707860
463180
435840
397810
561080
742340
378830
756380
708510
673750
296240
425300
544520
459150
553450
703630
283080
724510
466280
567260
529630
510250
338590
364690
525080
382480
599420
668210
555660
433490
673070
659170
726800
364770
1740300
2672430
2243510
2600140
1602540
2399420
2338040
2505250
2360490
1191660
1939970
2591280
1309950
2798320
2848910
1746030
1496260
2419240
2194530
1351480
2067050
2239710
1924180
1574820
1660840
1081300
1675000
2800630
1438480
2190220
2581700
3764200
458430
2492040
1034020
2417850
252190
2677890
2633350
2014910
2188630
2155980
2155970
2541180
2135640
2135630
2110740
2458560
1554470
1295900
1273560
2014550
2060790
2154070
2160220
1928030
3431040
1993180
1214670
2748830
1763250
1716830
2051010
1726130
2315400
2473480
2807150
2312770
1569580
1432850
1701330
260020
2753600
1781890
2893260
3326910
2730540
1791660
1168490
2767030
2803000
2803010
2776810
2743080
2775830
2845270
2854290
2827560
2881230
2845260
2687200
2845250
2130000
2311320
1721060
1002260
2758000
1998260
1769830
2682580
610740
493450
500710
592570
312150
338630
500140
307210
503960
664060
552150
728610
513060
542120
599040
451060
266170
577740
339250
691570
670270
319400
724980
646150
710620
687510
649300
419020
486490
554570
729950
597280
342630
577000
586710
696000
466100
378510
620900
682170
675890
698360
366600
705530
577560
459050
437090
450630
761040
448160
657730
440410
340570
426010
508820
549660
598640
384120
364710
742630
703510
433790
513570
646100
495350
49320
397990
668190
602930
335790
558740
762380
591910
46740
260510
563750
590530
372430
550200
560180
619430
344160
543910
511560
335050
344800
598480
393410
306370
283600
283620
343070
454730
403980
320310
493290
305390
396260
304850
271920
436510
452650
345860
625470
363900
695910
509820
512170
514220
752690
502910
647050
429200
536430
388340
534750
514930
396010
381050
323670
411590
539050
396060
514890
663120
462520
669340
271860
592320
440380
432410
44100
667760
734540
393220
731510
502210
566190
391960
33760
469730
649170
486660
495960
672050
535370
534880
451960
311190
380140
629420
411600
347480
400470
578610
511090
542680
324610
485130
422980
744720
693430
505290
356390
630160
496950
747770
620790
730920
615630
365090
433590
388500
579330
95000
442660
503300
579580
375120
536320
580300
562240
521430
600000
530080
629230
710520
567620
420380
338330
729320
385360
321560
311870
262810
314570
405860
510790
678060
507120
696710
1268360
1093810
2772750
2835570
1924360
1116390
2214620
1823620
1455610
2437170
2514630
2262080
1347560
2153750
2225520
2162800
1269020
1555560
1565220
1347030
1662540
1368440
1214980
1263860
1163020
1868020
2654470
1947910
3213690
1075980
1960070
1698030
2616910
1785650
1257610
2749920
1820740
2777970
2081230
1214360
1203570
2677660
2315690
1422440
2407270
2097230
555340
2410170
2710380
2626910
1835240
2620730
2379780
2787680
2666610
1561340
771700
2638370
2175840
2448970
2378620
2403260
1996770
1809500
2214880
1912750
2685090
2396980
2513280
2669410
2172010
2454980
940190
1823210
669270
3291080
1999500
2101350
2129720
2449050
2590430
2781250
1162960
1224700
1274450
1839950
2355020
2788520
1979230
1511880
2456740
1962700
2225610
809090
2291680
2768940
2556600
2051500
2420880
1978720
2293850
2745800
2270610
2687970
975030
2527880
2536820
1726560
2572040
1910310
2569580
2367820
2363180
2107520
2597200
2333510
1183530
1869290
1935330
2171560
2495450
2138100
494730
2052940
400240
2686570
950670
2150070
2382630
2368190
2524300
2191540
2022930
2314460
2300840
2287370
2399110
2357380
2221980
2102450
2626120
2159240
2510960
2109770
1432380
2513660
1875830
2509210
2920390
1858630
1672500
2738750
2596420
2828860
1733250
2725260
1404010
1861440
1522160
1550870
2658450
1369690
3256730
2488620
2793550
2532490
2527580
2835110
2406770
1640630
2124680
1357430
2814860
2527460
2292260
2804740
2408820
2617340
2228250
1863430
2849080
1127700
3197710
1926520
2608330
1658920
2494350
2340870
1351240
2264340
2494340
1519090
1394960
2753620
2011780
2585050
1684350
2635050
1847150
1299290
1983300
2460130
2803280
2484250
1154670
1954540
2825860
2857810
2304440
2816570
2872300
2184080
2007430
1687670
2849490
2838030
2849500
2827810
1739160
2429190
2629170
2558930
2756770
2210000
2608210
3017860
2287330
2975130
2753180
1619230
2885880
2948080
2926310
2698470
2507560
2671230
2514640
2957360
2951340
2987540
2780230
2568890
1789030
2203210
2777760
2640520
2952990
1902860
2823200
2780040
2874130
2492120
2612700
2289650
2579280
2914150
2676840
1699710
2772080
1895780
2504480
2646460
2585250
2922980
2903690
2449710
2363840
2384920
698870
1450250
1835190
2329160
2014420
1839860
3007200
3006670
1582650
2936830
2914390
2702680
2147950
1439750
2537120
996650
1386360
2717750
2564240
789840
1921600
2736210
1851910
2672850
2382580
1505380
2413510
2276960
2730180
2228890
1129210
1466700
1586340
2577860
2515300
2598340
2555910
1282120
1853830
2259530
2528820
2619940
1147090
2179170
2304660
2438090
2637050
1354750
1171990
2266700
427410
2162810
2392160
2611230
2473070
1235480
1688520
2473710
2762560
2848070
2706370
2189490
1200570
2288880
2857940
1672690
1390070
2752680
2394810
2767160
2752860
1780780
1789060
1802340
1815160
1798220
1788490
1796590
2244450
2244440
1726390
2748020
2702960
1148750
2721880
1381610
2609270
1995890
2394350
2711630
2887660
2711610
1688080
2621650
2860620
1621420
1697540
1341210
1607370
1879720
1263610
2135580
2302150
1109660
431520
2841350
2274800
1838080
765800
2267680
1005580
2881650
2512840
2723660
1479850
1757300
2337820
495280
2366130
2838930
1170950
3010850
3273290
2564860
1491410
3128580
2291760
1969870
2075070
2698450
2581410
2362260
2279330
1294480
1957760
1259530
1120320
2868840
2717880
2694420
2416450
1771300
2810190
1746930
2384730
2302080
2146570
1869780
2154420
2644050
2200410
1663040
2787850
2202120
2162820
1918830
1277880
1748620
2570630
1823950
2468100
2357910
2518960
2586250
2172500
2071430
1235100
1675830
2081080
2504250
1671720
1530530
2497920
2279730
2396240
2637990
2008920
2534370
2111190
1306770
1598780
3296790
2665460
2505570
2560240
2825070
2373990
3490320
2073620
2869120
704450
1041720
1295510
2346840
2307350
1189220
2016460
2021070
1376200
2338990
1589570
1866320
2118420
2197680
2015270
1850050
3411260
2862770
2593370
3820550
2815500
2562650
1888520
2214030
2642230
1182860
2674190
2758030
2152820
1587240
2657720
2487110
2858840
2763200
914930
2271130
2537750
2153730
2707340
1831340
2003550
2282700
2400750
2557720
2793820
2346470
863500
2741950
1953620
1590150
2724500
2684500
2577890
2719980
1434200
1997110
2119380
2348810
1443600
1559680
2918850
1460870
2839670
2840020
1188130
1116180
2480950
2614640
1139100
2474030
2356070
1890170
2052140
1907230
2748660
2799320
2624060
1925620
2420990
2582660
2361510
2327330
1405500
2703300
2538390
2365440
2785070
2461110
2909840
2649820
2608470
2805620
2619860
2875740
2698540
2837920
1818240
1810600
2838450
2062840
2759770
2378320
1964880
2900600
2232600
2813760
2487060
2665170
2216060
2073140
1165790
2841780
2704060
1018270
1418390
935750
874230
1627890
2236820
2578530
2644070
2719020
2464800
1250640
2363000
1840610
2907190
1712730
2772870
2330320
2658980
2583540
2299400
2242370
1203910
2356150
2807160
2695450
2364390
1678760
1082970
2092730
2941660
1464130
1869600
2763670
1447350
2136970
2772610
2173680
2370650
2876510
1721240
2061850
2878400
1115110
1933670
2832450
2535820
1241460
1269190
1828800
1765020
2290070
2614690
2785750
2641740
1939220
2467840
2551280
2629650
2284200
1504090
1786130
1583850
2841130
2664330
2340810
1971370
2691010
2837470
1779970
2608120
2860150
2437000
2666410
2702220
1812230
2751340
1901940
1800390
2842600
1982950
2664720
2213290
2491710
2646030
2741490
2707360
1446480
2456430
2526410
2296020
1699260
2879000
1365380
2827450
2629680
1740870
2259990
1960480
2462830
2620140
1426740
2398980
1285610
1084810
2247630
2879030
1885250
2455680
2067970
2211400
2692440
2940450
2786490
2800140
1264740
773090
2700970
2516820
2653360
879510
2197650
1900320
1416380
2646060
2376270
2079160
2596100
1763120
2811200
1901990
2382610
2739590
771580
2193590
2344550
2053200
2512190
2311680
2393670
1607170
2431390
2103140
1785470
955500
1008520
2450870
1107580
2897430
2808450
2783610
2694920
1223880
2899230
2735700
1458690
1482380
2719710
1180330
2759050
2931520
995310
2764120
2516550
1958140
1986710
2530710
1145800
1014200
2383880
2222680
2614380
2222160
2182960
2959180
2737970
826000
2882790
1763030
2335300
1138030
2745610
2513220
1816920
2751220
2204260
2575870
2867250
1186680
2539180
1978760
885480
2190910
2737800
2621410
2733310
2010570
1963590
2189760
2749170
1584680
2669550
2730590
1914470
656690
2915950
1453280
2379360
1938150
2601740
2720210
2668180
2809920
2741400
2293330
1503390
2416880
2299230
2220060
2719420
2859870
2319160
1664200
2542370
2560820
1540740
2670900
1873960
1984220
2839600
2220340
2324260
2662810
2440550
2222020
2336730
1842610
2287970
1907140
2644320
1950270
2488590
2395470
2664370
1602370
1974520
2851520
2709390
2206450
1745360
2547750
2599450
2857990
2858000
1201450
1162290
2700570
762010
2917030
1775220
2907610
1610060
1558000
2723380
2639000
1261880
1090680
2560590
2838510
1125690
2355860
2657610
2059760
2541210
2542840
1011620
2766540
2567620
1280100
2899990
2601870
2790340
2840990
2489560
2745090
2720690
1416970
2534670
1116550
2104010
2018820
1064020
2700910
2088660
2259130
2886150
1477170
2772380
2639910
2451110
979530
1273530
2476070
2371510
2371330
1299860
2017540
2621860
2443990
2199780
2285860
1268330
2582650
1956410
2764160
2375960
2561200
2687140
2024810
1762690
2789770
2786830
1901340
2631630
2244080
2372150
1795070
2631800
2571140
2438930
1265200
2661060
668960
1278540
1268200
2846200
1013070
1202300
2543750
664090
2463420
2363700
1212550
2441260
2537150
2843410
1237260
2461600
894960
2892470
2586670
2815770
2264390
2636020
2741620
2694210
2863870
2781370
2919920
620410
2874660
2146300
2310690
2574870
2111360
2574850
2615040
2476760
2773460
2633640
2761080
2711350
1794700
2720040
1894550
2221990
2641590
789130
2958780
2183210
1799730
2433950
974180
2753720
2619250
1230100
2119470
2656710
1297200
2185180
1117900
1832300
1805340
2301370
2418520
1905980
1153720
2356160
2219480
1097620
1872350
1498590
2067330
772710
1697680
1322550
2849730
2606820
2431560
1134180
2636510
2523120
2854400
1784600
2618360
2692450
2398190
2754340
2323860
1119690
1972880
1941940
1891040
1882560
1928600
1898130
1976030
1836500
1839840
1992560
1852760
2647300
2375730
2142240
2142250
2142230
2536570
2003320
1950000
2658290
2280140
2370990
2717080
2507980
2792960
2658080
2249320
1902810
2751810
2636320
1412960
2430660
2596330
2685810
1189090
2310670
2640930
2843540
2556950
2485750
1586660
1613330
2547210
1772130
2817550
2352420
2544090
2766250
2837340
2716140
2509700
2455920
2713460
2542110
2678990
1330760
2914960
1425640
1981290
1471700
305900
1806030
2617400
1603180
1634860
644560
2695270
2397370
2261640
2088650
2133890
2527360
1151750
2736490
1285700
2266160
2673060
1798950
948020
2841830
2677800
2512160
2406930
1141330
2218690
2373340
2746060
2121440
1861940
2389930
1400850
2000800
2407900
914030
2806940
2284410
2526580
2275020
2738420
2561680
2015170
2313780
1873000
2285430
2745250
2821850
1373780
2721680
2824080
2393770
2661470
2866250
2109850
2845840
2597480
1823830
2676770
2070140
2787350
2752490
2325880
2838380
879670
2623090
2581310
2188930
2907650
1447830
2684080
2906780
2911450
952000
2335810
2856030
1117370
2944550
2596480
2089830
2409270
1150620
1782570
2736910
2225870
2648370
2283640
1556930
2648890
622630
2654040
1211250
2544120
1244530
2007710
2615670
2402920
2752930
884460
2746330
2666530
2400850
2798250
2789810
2367580
2669910
2672880
1204880
2635120
2728240
2749110
2751370
1602390
2641070
1193530
1576420
2590830
2405980
2531370
1962030
2358220
2628100
2650200
2731180
1262450
2670280
1273290
2512210
2730240
1793090
1986900
1679010
2747220
2702760
2597450
2587630
2503260
1366280
2924870
790250
2484860
2633180
2700240
2456330
2832730
2683760
2750190
2808460
2808190
2614510
2431510
2754670
2951790
987150
1140720
2433710
2681950
2943930
1774890
2779390
2142920
2892770
2786240
1610890
2379770
2352260
2512820
2646120
1163090
2492410
1942110
1007070
1262100
2398170
879060
2332210
2508030
1800910
2805630
1184780
2013970
1854400
2712650
2669820
2019810
2062270
2261420
2648510
1970520
1956230
1145020
1205640
2860420
2213890
2743430
874780
1450660
2741090
2529740
2582530
2734140
2841110
2808610
2885230
2589200
2010390
2648130
1203760
1273100
1373380
2749060
2317880
545060
2620000
1658540
2795840
2411970
2710420
2180890
1954100
1898050
2605640
2475400
1581950
1678030
2701110
2741650
1941420
1122510
2278480
1127620
2299900
851290
1985050
1138150
1809300
2457580
1204330
2483370
803350
2586540
2688440
2845930
1383150
1896570
2870570
2859450
2732640
1010290
1175250
2734920
2901620
2283800
2629030
2681980
2900830
1092050
2588280
1706920
2859900
2193490
2590370
1364690
1863820
2584280
2131550
2314790
2142030
2689500
1017340
2752850
2692010
2059290
2288310
2846810
1478480
2778600
2630140
1066680
2631020
1548010
2259300
1343150
1624210
2510950
2719720
2243420
1516960
1747750
2818020
2065750
2636260
2542630
2805140
2206240
2715290
2191410
1923990
1166140
1437650
1403520
1085790
2512490
2901330
1097270
2618920
1065830
1584210
2532500
2429960
2299660
1962600
2851270
2707940
2162770
1128500
2750910
2891830
2773870
803760
2845190
1586920
2596630
2479010
2744970
1189130
2854780
1853760
1936990
2315020
2335130
2745660
1169420
870590
2243250
2667020
2591410
1851530
2791300
2216660
2648660
2718460
2698590
2792530
2618370
1842930
2612230
2796920
2777740
1300310
2682120
1909220
2549750
2780660
2404060
2730790
2904510
2406520
2138790
2402760
2746420
2179270
1869270
2263920
2382920
2478850
2717450
2683110
2537070
2480740
2000160
1690200
2780740
1657320
1706450
2714270
2744420
2609500
2766860
2582240
2656650
2584180
2743220
1862690
2753200
2253290
2549870
2176570
2203970
2923860
2663910
2637870
2235440
2482670
2183430
1750240
1944280
1301260
2613060
2789280
2207050
2196700
2701560
2207040
2279530
804230
2822320
2189910
2716600
1203950
2452720
2915450
2539350
1002590
2642050
2005160
2749260
2815840
1296810
2710090
999340
1346870
842780
2563960
2277320
1429820
1245380
857470
2650840
2630900
2819780
2742180
2539880
2617740
2808130
1185290
2869020
2008990
2558200
2367880
1900540
2201030
1600460
1303420
1867490
2738890
2553690
2744670
2054690
2232770
2732980
1709070
1732660
2561210
2381950
2308670
2766480
2230980
2659710
1573430
1445740
2658840
671470
2536490
2977360
1291540
1332260
2518250
2659650
2836280
2225830
2898270
1756800
2831910
2196150
2622400
2781210
2651580
2519420
1746970
2611040
2733920
2631580
2790530
1140160
2865840
2434080
2384840
1142270
2132040
2772590
2729000
2923220
2249850
2608040
2485180
2810330
2520190
2896980
1961160
2854690
2887320
2345080
2526500
2055050
2320230
2554820
2823890
2308000
2416050
1892620
1707120
2908240
2685380
2782340
2729380
2734150
2669490
2698690
2391900
1232870
2695400
2906350
859200
2664300
2555460
2143420
2695480
2788340
2778690
2610710
2851620
2607060
2633170
2564660
2735630
967180
2530890
2841310
1812890
1085210
2736020
1341960
951760
2524530
1386330
1052140
1885480
2730090
2876970
2004080
2726100
2502600
1863700
2625650
2083060
1101260
2206460
2175770
2263680
2269220
1238920
970370
1199240
2666260
2796100
2338470
2656180
2331060
1392130
2598930
2696430
2744620
2121960
1793840
2512920
2693060
2403450
2206480
1638440
2403160
2789380
2810150
2804580
2574010
1835070
844790
2660870
2381310
1984190
2667980
2624230
1865670
2489010
2616720
2441360
1280180
534250
2910850
2623750
1948470
2902640
2530810
2731880
2820200
2434400
2829660
2289670
1804130
1875950
2125360
2715960
2507900
2688680
1123790
2271520
2676440
2557460
1102140
2625480
2795510
2846040
2494270
2666390
2800770
2496550
2574840
2558390
2008510
2763050
2440320
2644720
2384580
3164330
2506450
1911860
1638500
1795310
1783810
2795000
1159090
2851150
2561460
1898300
2784840
2845110
655350
1991300
896010
1381520
1682290
2231190
1472930
1273600
3009720
1962890
2486030
2204170
2845450
1769130
1956800
2917430
2971280
2833840
719280
2878140
1206410
1223750
2428810
2312160
1583520
2394650
2313700
1719310
1592490
1581100
2384640
2592220
1295660
2643810
1913120
2816870
1597080
2216850
1774970
1299460
1588550
2976260
1205660
3012050
1744970
2132890
1363940
2678080
2795110
2877860
2702260
2377280
2374190
2613870
2367610
2871440
2856370
2274620
1973310
2110000
1065070
2165040
2083660
3036360
2503230
1714900
1858650
2015960
1325260
1903340
1874000
801800
2400840
2964560
490110
2503180
2000890
1248080
2943650
3008740
2582320
2400980
2719750
2240080
2273420
2765540
2587360
2790830
2379880
2660400
1685590
2485540
2198510
2672780
2855660
1649950
2676390
2357060
2103350
2372170
2527450
1608680
2820800
2747610
2707970
882980
1093840
2718150
2893680
2930160
2656150
2493240
2933490
2950000
2523650
1219010
1873120
2596800
2775350
2716540
1253000
2863090
2732610
2540060
881180
1259580
2642100
2188660
2622750
2699500
2689060
1760330
2640050
2928740
2693450
2402990
1096990
2788630
1014460
2565260
1988530
1341280
2512830
2738480
2719970
2278940
2429310
2237480
2168680
1149280
2432940
2670920
1058350
2540810
2682370
2531340
2469570
2009950
2767010
1842350
2395300
2896040
1817800
2884260
2739920
2673380
2659700
2872780
2872770
2739350
2708450
2589970
2087070
2746610
1074280
2439640
1006270
1971260
2794470
2128590
2371710
2626200
2603210
1032690
2204730
2348970
2506780
2994800
869440
2675640
1739420
1369090
2587370
1469260
2826180
1940200
2433400
2463700
722670
2266910
2309740
2220660
2638150
984080
2718140
2722570
2264310
2693460
2283060
2689480
2330990
2500470
2684780
2746490
2114300
2843090
2165400
1428300
1592370
2772900
2689130
1335940
2697070
2381040
1509710
2181940
2432660
2056480
2420970
2173580
2456120
2741840
2056310
2939470
2722310
2825210
2658030
2751050
2104270
2878330
2878340
2703280
2918600
2547790
2605940
2675420
2453360
765360
2671440
2503150
1251250
1141180
2808360
884980
2403880
2684650
2506930
2463820
2649080
1991470
1080680
2720340
803940
2604690
2640000
2660370
2677370
2716530
2741410
2659480
2588890
2777670
2693480
2529180
2846340
2912060
670510
2604450
2387400
2804620
2302840
815110
2787460
2684520
2737810
1753110
2755670
2523500
2712630
2798040
924530
2547830
2546750
2720620
2615810
2139290
2726230
2692360
2270600
2230540
2844450
1397710
1263160
1579920
2475290
2704720
1585650
2510680
2240220
2707860
693940
1218750
2349240
1444870
2672060
2310290
2777820
2729400
2026000
1071440
2452920
2384620
2587130
1547030
1170940
1236930
1566690
2680680
2477160
1533720
1596240
1658970
1911900
2081220
751110
2299950
2594020
2665500
2017950
2474880
2486520
2816390
2915280
1697590
2385280
2773010
1966220
1276170
2763420
2695940
2604880
2600570
2780930
2780940
754340
2396150
2396160
2751310
2220360
2586160
2668130
1924510
1219600
2454420
2855480
1142020
2853760
2115130
1919270
1791230
2639500
2788460
979760
2311230
2085440
2299750
2798950
2861570
2144460
1172100
1067320
2513230
963950
2726930
2832320
1079300
1521970
1409570
1653980
2301630
2643850
1181270
1236700
2207470
2441080
1328990
2723480
2364810
2709550
2597600
2119580
2584550
2751350
2479030
2274530
1270010
1779950
2661160
1528220
2495990
2757850
2358050
2745420
2217060
2697250
2505950
2690770
1361630
1974540
2239140
2133530
2735690
2231170
2773890
420760
1034700
2243220
2632720
1614990
2433390
2299080
934260
2794860
2369970
1888640
2801230
2243080
2703270
2779220
2681120
2086850
2514460
2633860
2597300
2423130
1242960
1834690
2505840
2266600
2777410
2891900
1966740
2148060
2811360
2493430
998730
2543040
2676760
868010
1765310
1358440
2769660
2726490
1504360
1127130
2688790
642910
1135680
2753330
753400
1030490
2701100
2388480
2761940
2422340
2439580
2239520
2380340
2646070
1840800
687800
1883000
1978520
1678320
2521350
1693640
2072610
2151080
2184290
2602020
2543320
2249700
1714770
2019760
924750
1619580
1843310
1543710
2585830
1841640
2249590
883230
1851350
1325040
2625550
1989320
1849790
904740
2612680
1897110
2313330
1083880
1610520
2597080
1088710
1105510
2632930
2073490
313810
2533960
2966320
2949240
2544110
2914050
1185780
2922570
2951690
2094070
2379160
1843540
2728190
2791850
2322260
2944950
2944960
2944940
2944920
2209900
2795270
1364740
2159960
1656820
2868520
2300230
2881270
1137970
2149280
2743970
2786130
2867470
2681030
1299170
987310
1502970
2097750
1502980
2782700
2404960
2113850
2767520
2794030
1473480
890890
2108990
1408610
970510
2358780
2084970
2856410
2397250
936190
1502990
2665030
261530
379310
335670
686720
1812450
2389540
1796790
2085620
3023070
2221840
2876790
1272010
1575810
2076210
1429850
2210520
318840
3010610
2240620
2132690
2566090
3274580
2202650
2195120
1660080
2183670
2482850
2340520
2947890
2004990
2582560
1905160
1121230
2923300
2696480
2426020
2656310
1624060
1752730
2370170
1280940
3393070
1926650
2086050
252730
2452370
2876140
2706960
2885400
2812900
2745620
2746760
2784540
2842420
2382200
2775180
2834780
1847120
2700260
2680390
2825780
2756860
2670730
1873990
2707420
2659230
2673570
2902660
2406220
1721360
2802370
2186700
1167650
2575120
2719160
2827950
1888330
2810090
2609610
1201910
2919650
2102810
2540490
1941340
2645000
2627210
978620
2007770
2607150
1292690
2612220
2592940
2246760
1022280
2655910
1995930
2828260
2753220
2648870
2781740
854860
2615130
2657850
2818560
1724140
1998380
2096650
1868450
2793810
2476100
2686760
2632570
2628420
2461400
2760970
2505100
1051330
2528980
1139860
1701870
2293200
2567630
2601270
2421370
1885110
2878680
2322090
2469320
2412200
1958340
1019910
1272830
2799040
2724510
1888810
2886100
2801540
2904860
2697060
1839760
2834580
2701120
2674270
1147710
2702010
2856090
2606270
1950080
2618100
1258190
2421410
1197280
2689880
1202830
2443030
1697790
1175950
1006760
2635670
2836530
1727140
1372380
2643090
1546950
2888870
2230290
2364790
2632650
2118850
1977070
2678160
2210700
1035780
2507400
2562290
2734780
2398430
1176580
2773680
2479320
1543730
2920780
803640
2564810
2758420
2864100
1990300
1778780
2749130
2409140
2374430
1226640
2380870
1948390
1424360
1291050
1375860
2778630
2448030
1781010
2446470
2835410
2635850
1220200
1897820
2186400
2099670
2735260
2239020
2529830
1578290
2729430
2729420
2586500
939970
1005210
1005220
1005240
2511180
2279310
1531200
2590920
1198600
2223440
1568720
1067200
2709230
2135890
2738710
2324750
2447030
2878100
2764070
2459430
1069080
2175690
2686500
2757840
1085110
1830620
1765280
2761780
1679510
2934990
2631610
2285980
2348830
2714210
2096660
2870280
1937170
1138190
2328730
2899020
2589650
845160
2715060
2297690
2663530
2587890
1499960
2182190
2746220
2512620
2429930
1829520
2650320
2525680
2494990
1829260
2611780
2385290
1703020
2618710
1732420
2712910
1199540
2423070
1981130
1161140
2358620
2620240
2906360
2367480
2273570
1945800
2772890
2776560
2602450
2150910
1462200
1500100
2478640
2596670
1124170
2321880
2080800
2093070
955200
2730270
2606190
2430820
2381880
2573200
1449620
2128480
2658920
2960320
2620330
1657200
2184010
764090
1955110
2540820
967330
1575040
2780410
2084240
2448930
1571380
2735060
2537770
2538160
2778480
2585170
1052390
2907220
2561090
2628570
2345570
2792610
1931070
2482270
2177570
2529170
1576590
2902760
2779680
1954680
1291090
2782290
2832620
2359470
637310
2561050
2856100
2835060
1652670
1307480
2597880
1566500
906020
1154170
1954930
2642460
2435310
1159870
1266140
2560670
1415620
2701400
2796410
339740
2723190
2686690
2964330
2163060
1290290
617980
2262880
2751330
1862280
1691320
2294550
2502940
1257720
2865640
1606280
1111030
1045920
1292280
1153670
1223250
2494710
1104100
1085560
1099530
1155960
1260390
2113660
1747340
1890760
1236400
1168170
1473920
1261090
1157340
2756800
2559630
1824760
2683800
2523090
1216610
2798120
1169880
2640980
1216660
2777130
984720
1077410
2832020
1237220
1202640
1260220
1119100
2590020
1127270
1153070
1157670
1345950
2725090
2332410
2513240
1684780
2524150
1179790
2782260
2763240
2660650
1297680
1134250
2381740
1219070
1101080
2809830
2623560
2714600
2736480
2845400
2688720
2907010
2850690
2267370
1864860
2690810
2137000
2473950
2655650
2610220
2762810
2663780
2623570
2757480
1597550
2886280
2264740
1358370
2860090
2725770
2595860
2673760
2398630
2719150
2647230
1156730
2073570
1551990
2099050
2419880
2692210
2793790
2867840
2529290
2085240
2736190
2348440
2308370
2653050
2288300
2582180
2564340
2856570
2492730
2646970
1205130
1823080
1547370
2467510
2313960
2079590
2649040
2812980
2722820
1193950
2644670
2425360
2570390
2502390
2198220
1631790
2693730
2153550
2594730
2776750
2442810
2797350
2780270
1533680
1376960
2937930
2570740
2676700
1117760
951570
1148700
2536660
2002250
2587060
2800680
2764420
1278110
2254710
1277390
2355960
2829510
2427950
2832340
2841720
2891520
2886590
1294110
2803660
1205260
2323810
2644560
2324440
2856650
2335550
2114920
1645180
2172750
1697310
2324380
2650680
2826700
2564880
2261400
2707610
2805640
2775880
2819170
2617800
913110
1629350
1451360
2736440
1264790
2744900
2172490
2678970
2314130
2366600
2326050
1792770
2882440
1930580
2885700
2805060
2881760
2849010
1349840
2365960
2914320
2140080
1770210
2162790
2510890
2581600
1019050
1397130
1985160
2328780
2725650
2459100
2431130
2758290
2492740
1156500
2228210
2806410
2641890
2751720
2638790
2627050
1571200
2220420
2222930
2254140
1207090
2191310
2717800
2719650
2305520
2381930
2627600
1781260
2776030
2488480
2791010
1779680
1878460
2058980
2675850
2239650
1837220
2648260
2532020
2771670
2304350
1765990
1352660
2602270
2644110
2889800
2695080
2786450
2696770
2094780
1885820
2989390
2633630
1200800
2811790
2554780
2419690
2533410
1237170
2707960
1159880
2434490
2375190
2639600
1296300
2873410
2604920
2253160
1723570
1965060
2787920
2799110
2611580
1858450
2742750
2885990
1894860
2187130
2831340
2668330
2311990
2068400
2429250
2754830
1558130
2603760
2660950
2024950
1830540
2909480
2492600
1348690
2933620
2077750
2979500
2005050
2850310
2217910
113400
2132850
782940
2821800
1536570
2000280
1466930
2491200
2934180
2541160
2903560
1487470
2602210
1422450
1330560
1332720
2615010
2278790
2595940
2532480
2764340
1653190
2742040
2636390
1611350
2688900
2887260
1710120
1295220
2318570
1204520
2687490
2127920
1792280
1781040
2791790
2684010
2736570
2595780
2901080
2709060
1180210
2096640
2553530
1987690
2223820
1020510
2532430
2345770
2584500
2358920
2184110
2504380
2494260
2424160
2185160
2781430
2961110
2770370
2562460
2260220
2309230
2742160
2698600
2756280
2866000
2517770
2124900
2912700
2591250
2740350
1561400
1916710
2330850
1060670
1155440
2719820
2680410
2687500
1330250
2336840
771530
2556750
2491890
2611590
2919980
2542560
1629210
1824150
2318100
1484760
2784980
2324500
2509270
2587450
2603450
2165470
2418720
1816370
2488410
2720360
1406280
1107860
2568860
2663790
2145700
2782490
2543560
2498910
2843530
2727470
1407520
1415570
2468110
2652740
2363430
2677140
2688620
1457020
1466580
2875910
1474420
2274510
2883700
2467300
2726200
2829240
1298740
2715790
2530100
1767840
2412290
1873140
2765760
2843110
2774380
1256690
1936200
2738870
1520390
2052760
1965960
1051830
1428080
1280060
2768760
2269230
1198850
1199830
1891600
2578460
1073120
1778030
2680330
2706460
2520000
2444290
2884170
1831780
1846030
2660970
2062300
2890100
2663870
2682510
2798290
2635750
2635740
2792400
2610500
2625300
2635680
2635700
2635720
2635730
2884490
2798300
2745830
2506730
2772630
2772470
2566350
2724600
1040310
1895350
2654910
2676520
2717260
1277970
2394500
1190590
2648300
2789650
1933570
2920720
2289450
2384780
1807570
2725560
2451510
2701250
2753100
2119050
2497110
2425080
2666080
1162470
2747110
1154120
2533230
2577550
2464330
2950820
2874610
1528550
1268730
2814270
656570
2660320
2674120
2783710
2573470
1134610
2725320
1515580
1996430
1829490
2436330
1813820
2649460
1771400
1619420
2084880
877550
913590
2344060
2349040
2725700
2795380
2639840
1030240
2157980
2476710
2273050
2575960
1896550
2555750
1226970
1721070
2747780
1187780
2686740
2876240
2941750
2766620
2624690
2754840
1141450
2883280
2802410
2306480
2844700
2575360
2882870
2335220
2511500
2672900
2372580
869290
2655190
2753520
2726740
2729710
2603190
2776950
2544900
2825870
2776180
2625960
2162680
1793150
2446700
2351170
2884480
2800760
667790
2751870
2634470
2446820
2701350
2004970
2929540
2668250
2520410
2313670
879050
1534770
1227740
1823740
1310950
2895050
2761580
2654570
2723980
2415980
1120970
2696080
2774490
1897650
2071120
2872700
2761180
2467830
2844580
2670250
2473650
2368220
2613610
2338630
2446680
2260480
2497480
2085760
2609720
2415660
2279600
1750960
2834620
2731830
2738900
2726810
2618170
2283350
2882700
2688730
1250630
2684120
2023250
1735060
2708140
1824070
2965380
2297960
1146420
1083460
2638900
2796550
2517200
2567750
1251680
2798240
1629830
1100320
2452300
2497500
1476720
2839000
2293440
2171630
2243670
2625430
2193070
2529210
2448620
2831570
2578810
2166530
2124240
2444480
2058570
2228010
941530
2851690
1838400
2319640
2474460
2731900
2737960
2701050
2918570
1978380
2744840
2291910
1081720
2319100
2489800
1715580
2462000
2761130
2066490
2743450
2778740
1949770
2530950
880730
2648310
2591420
2720010
2877790
2792100
1753250
957350
1494560
2477780
2912100
2707500
2214650
2641460
1899400
2607640
2293520
886950
2433470
2748930
2879080
2748050
2703850
2907870
2372450
1409360
2301560
980170
2870110
2774480
2482150
2310810
2104450
2131150
1472600
2530430
2023610
2794400
2840180
2667690
1656310
2824710
2729370
2534210
1673180
2215650
2781490
2648640
2702660
2428020
1123970
2897450
2459610
2558700
2160420
2558580
2551030
2778080
2687990
2372870
1758990
2755200
2661100
2272560
1636710
2841200
2529910
2179900
1498110
2541310
2694530
2605260
2752660
2691760
2805910
1845700
2767400
1272750
2710580
1640370
2769590
2920070
2824210
2780640
1898640
1802880
1595380
2772300
2798230
2213830
1541420
2957420
1049670
2803140
2610280
2356790
1311670
2422360
2819190
2904890
840420
2701020
2732820
2541740
2755980
2558980
2287130
1793680
2525270
1962530
2798180
1311610
2630300
2192640
1072090
1644280
2757810
2658960
1960930
2737580
1830970
1999470
1905040
1757090
1757400
2314850
2680810
2620750
1371630
2449430
1943850
2791700
2516570
1168600
1670700
1966970
2827350
2368460
2865360
1958390
2713740
2432000
2613830
2774240
1219790
2738380
2209470
2848840
2199580
2832630
2923420
1717090
2719990
2701080
2170790
2651330
1044520
2517130
1831190
2802650
2632140
2820160
1460070
1485860
1095650
2599860
1287130
2475610
1233070
2700230
2410700
1297480
2379060
963730
984790
2989720
2901040
2786250
2763810
1295750
2235820
2385850
2588800
2661900
2860440
2780590
2686770
2569910
2489990
2819970
2921650
2249960
1241030
2313420
2655010
2729390
1869330
1904430
1873420
1862200
1939070
1934090
1979280
2067750
2760650
2591130
2674240
678150
2220100
2626710
711840
2751320
2866120
922250
2467790
824620
876120
2752770
2635030
2950330
2762520
2654080
2216770
2176510
2281550
818420
2729520
2275960
2688000
2470690
2258870
2703790
1030350
2852650
2865160
2674290
2115170
2644360
1121290
2276830
2331130
1237530
2577760
1332950
1461370
2940660
2763590
2893130
2248180
2118250
2107090
995490
2557080
2125540
823800
2340320
2491720
2447310
2597110
715680
1038690
1554260
2206690
2670370
2739140
1551520
2947060
2585270
2192900
2876250
2786680
2731530
2025710
2436110
1706220
1600260
2726560
1001270
2267010
2550340
2863530
1559260
2946720
2702570
2510670
1805840
2413340
3006260
2476190
2823120
2654680
1737400
2657710
2693650
2626890
1077110
2755870
2551200
1855070
2669560
2739830
2902540
2089040
2847430
2206720
2492370
2330210
2524490
1604180
2756220
1922020
2415130
1583070
1956110
2892180
1820460
2539820
2675290
2696310
2724780
2475440
2700100
2628070
2730120
2824230
1692400
2520950
1276890
594220
2223300
2632490
2529340
1962590
2050450
2398880
2479160
2420350
972520
2281940
2382780
2099790
2339500
1586090
2938350
2330030
2126650
2798200
2644840
1196030
2441630
1281490
2468610
2771320
1298100
1745560
2451470
2548330
2560680
2469330
2385720
2536530
2507620
2507610
2768830
2828820
2889980
2772520
736240
2724960
1998350
2799690
2174900
2729570
2412650
2319870
2752380
2214840
2712550
2242420
2854670
2718210
2572280
2409700
2560870
2182970
1794730
2911820
2587770
2755810
2604300
2166470
356030
1998050
946570
2233770
1749030
1676670
2766370
2762390
2063180
2371680
1258070
1729940
2341130
2443910
1361870
2658180
2673950
2399070
2293860
1152230
2532300
1122710
1028590
2251010
2400540
2698990
2688110
1660430
2744260
2518680
2470670
2511450
2661520
2928610
2739900
2657600
2889870
2889460
2262690
1749010
2676970
2412710
1130560
2793360
2493470
2759240
2087460
996830
1040820
2639810
1029900
2649220
2607960
1538890
2785690
2734520
2666510
2570900
1413470
2634610
2314090
2809090
1865160
1450000
2644330
844430
2264020
1116790
2487490
1876460
2146440
2562730
2641050
2438010
2600790
1939810
2642120
1941890
1667360
2171680
2767570
2170760
2290210
2166690
2516240
2845160
2456980
2692200
2696100
2129290
2667850
2719730
1014710
946770
2084300
2057690
2095510
2730660
2872990
2765600
1545610
2676580
2656410
2757220
1756150
2580210
2349440
2654590
2809510
1303390
2103320
1830700
1137320
1983150
2344450
1802560
2907720
2880070
2892220
2846740
2749720
2908900
2836910
2853610
2718070
2840230
2838500
2404400
2338240
1146250
2700510
1750350
1998170
2848430
2866690
2585110
2509050
1867290
2160570
2353270
2618830
2088280
2451460
1807260
2766220
2880750
1114950
2730680
2854130
2634990
2224550
1753160
1479810
2626530
1084050
2927310
1237900
2861560
1967390
1563870
2252360
2877020
1208030
2862020
2866700
858070
2019680
2641500
1404840
1116490
1593390
1479020
1839930
2078530
2644820
2866560
2540980
1218470
2787050
2888400
2486400
1526330
2866710
2730350
2555030
1616230
2653910
2335350
2335050
2793290
2330780
1982590
1142320
2355410
2434590
2521600
2348820
2890820
2621150
1950200
1118850
2095140
994700
396360
2564700
2380760
554980
2257060
1140540
2404920
2056210
2426370
2965690
2772430
2795860
1034540
2111990
2778570
2813250
2209370
1727490
1298750
2826120
2676960
2309920
2701610
1600220
2306400
2957860
2319030
2583760
2627030
2818340
1088590
2445340
2730170
2525550
1977440
2095900
2825000
1148120
1067930
1989150
2559860
1285560
2201710
1990910
1866630
2729410
2512500
1608590
1955440
1262890
2569780
2850860
2464500
2826910
2705800
2448830
1096140
1161220
2211390
2603410
2756570
1253900
2745600
1186690
2658710
2691200
2736650
2723390
1431430
2207100
2323080
2135850
1458960
2817530
1813370
2706780
2820000
2492950
2081310
2686850
2750290
2864210
2310150
2573490
1568030
2551920
2736710
2319260
2648840
2842110
2559060
2755700
2247800
2750920
1825250
2187160
1734070
2662080
2206660
1040620
2258510
1551540
1124070
1337640
2916950
2313760
2494440
1834290
2517500
2859240
2268040
2343920
1899350
2593420
2186300
2728990
2192500
2758550
2391240
2546690
998400
2614550
1513580
1042020
2846790
2450400
2752650
2608450
1518680
2578270
2409160
2753120
2381940
918780
2733530
2305400
2595090
2523620
2641450
2797600
1747300
2371220
1966170
2175100
2399040
2331490
1252680
2809430
2661290
2727970
2194730
2690090
1931680
1925230
1882670
1869370
2068230
1233380
2585720
1140410
2732510
1897830
1935710
2632510
2602570
2657810
2729990
2573240
2623540
2780370
2641430
2660390
2608620
1048270
2206290
2089920
2100150
1309290
2803340
2212410
2202590
1294630
1783180
1725910
1152540
1835690
2684800
2919290
2603430
1211950
2709940
2854050
2595040
1266540
2741930
2480180
2800170
982300
2200620
2643480
2313600
2192350
2671050
2796650
1797490
1391740
2782530
2067940
2707390
2667270
1411940
2796180
2074550
2840480
2027170
1082860
1350340
2120510
2704510
1264900
2318820
2240700
2612800
1812210
2381230
2712880
2267990
2164870
2140170
2766470
2880990
2781750
1259460
2708470
1453460
1120160
1009210
2372500
2658260
2629190
2085550
2463360
1085680
698370
1514900
2422310
2689610
2715590
1881200
2055790
2743860
2781010
2627550
1928210
2651180
2568700
1836180
2371400
2732020
976230
2863690
2338490
2788310
2266740
2518940
2694360
2729040
2815590
2704230
2680800
2850680
1288380
2511290
2547930
2323550
2688890
2356190
1901910
2568510
2123120
2568930
2392000
2274250
2596470
2652040
2830870
2179770
2675820
2104880
2618180
2130500
2730480
1977550
2441700
2747090
2602510
2735870
2784770
1111930
2768150
1741490
2528940
2243900
2317760
1538350
2635350
2635360
2767210
2416460
2734790
2835180
2328140
2915080
2573100
2837320
2331980
2543410
2776990
2487160
2846290
2289780
1748180
1686850
2755320
2564600
2559760
2719950
2767280
2676100
1305490
2468900
2504630
2767180
2631220
2659900
1069160
1574780
2701450
2377590
2228430
2139870
2823080
2561270
2550480
2497560
2320040
2506360
2399810
932530
2761710
2419410
2840030
2331710
2750200
2276120
2657890
2004960
2655620
1349600
1903910
2451720
2486740
1551680
2739620
2327340
2286730
1775490
2619520
2205490
2308890
2721250
2816420
2069550
1040890
1150810
2343990
2685630
1786710
2733430
2687940
2681260
1144130
2691390
776660
1500740
2574030
2668440
2782820
2087430
2584470
1147200
2784660
2025680
1952910
2679890
745660
1414070
2482820
2185860
2900760
2778250
2754920
2231230
2355330
1617010
2400960
2530990
2019670
2673660
2692570
1166630
2608300
1409830
2391490
2475460
1091040
1366260
2391350
2858130
2414900
2713430
2909560
2763430
1475700
1198290
1425630
1007930
2382210
2805210
2653860
1854790
2658560
2112750
1490060
2433730
2448020
3043940
3027260
2855360
3179730
2430900
2274200
1939100
2191500
2198150
2676410
2648980
3177340
3107900
3170800
2478330
3405400
2885610
2855770
2659250
2844910
4012810
2456410
1951780
2887580
2941710
2976490
214770
1859910
2863080
3292480
2793710
3205080
2960210
2810830
3253140
3150720
3212260
503400
2768430
2185510
2853590
2271270
3141170
2287640
3072470
2880730
1642870
1129190
3215660
1622130
3283900
2389570
3100210
1828690
947740
2484580
258741
2026820
2736860
3186680
1201700
1882190
1580970
2490330
2480480
2750770
2531960
952490
2685600
2836820
3373660
1876280
2428800
2887460
1812860
2693530
3188510
2230570
2704840
2980020
2854060
3157290
258741
3195790
3320330
2120900
1417930
3042190
2681730
2390230
2433730
1847510
2638340
3271280
2791180
3712270
2895110
2794610
3081830
2648080
2853810
2234890
2575100
2879750
1477530
909750
2573350
1536180
2182950
2402170
917950
2931680
1478850
2406130
2303820
2729440
2772830
1992860
2828890
2920330
1674830
924310
2703550
2725020
2819520
2593580
1892430
2641420
2328410
2495000
1934030
2741440
2759530
2806780
2335370
2807490
1917860
2606170
2321120
2693960
2821250
2885580
2717810
2582300
2842880
2925510
1920960
2160700
2284860
2872800
2481570
2881430
2952140
2171650
2738210
1208420
1002930
2621400
2324870
2120250
2554960
2479780
2451530
1409560
2022030
2722740
1951410
1598190
2249440
2491770
2421290
2865830
2062860
2289130
2594580
1548350
2624950
1949290
2920510
2402280
2669610
2584260
2715980
1263110
2139020
2019950
2185990
2730990
2823140
2483250
2837300
1298890
2905950
2709980
2430280
2614800
2802790
1155720
1972920
603450
2295280
3034070
3212530
3404590
2010510
2673490
2669320
2008060
1201280
1689620
632470
1232380
2754170
2812450
2059660
2845630
1586040
2348540
2342780
2513580
1152310
2878980
2107550
3012220
2688950
1039480
794410
2549780
2881620
3076910
2288150
1955830
1598580
531180
857460
2238260
2903950
2891280
2179300
2567870
2000590
1321450
1333360
2744230
2537920
2847780
2273980
789940
3791590
275270
1229880
1229890
2972990
1133500
2918300
3034350
2325920
2340640
2996540
3068580
2881520
3097730
2963870
1440440
3090810
3074860
2866670
2535440
936180
1837230
1157740
3077640
3088070
2261380
2272900
2660230
2201320
279440
329980
583930
385560
3196500
1959580
2496640
2947250
2706450
2627780
3380520
1924490
1183850
2641470
2352620
2375260
2254950
1203190
2396990
2305500
2116680
2142790
2359760
2550170
2230220
2658990
2443770
2459620
2684790
2726450
2673590
2828320
1118580
2646270
2081420
1116020
2892000
2443370
2729500
1833560
2640600
2785800
1251090
1123620
1192740
1271460
2512700
1315860
2652670
2931560
2646520
1710550
1678150
2094520
2438160
2667500
2633110
1763180
2689090
2825180
2126370
1424020
2527050
1981690
1211120
2589100
2343000
2853790
1579660
2788600
290850
2258890
2563490
1218930
2690610
2115650
2696850
1149800
2527320
2725500
1001760
2649190
2416350
2512040
1787550
2626680
2352640
2750210
2688400
2892270
2852390
2487000
2267650
1298520
2708570
2779230
2599620
2593070
849340
2862990
2402450
1128100
2797120
2229560
2771560
2190320
789450
1411090
1894460
1652950
2748240
2563480
2101890
2694140
1321120
2116120
971470
2898890
1343340
2893570
2844850
2005090
1829640
2960800
2166060
3142570
2882620
3027930
2511340
3173870
2137750
3143710
2285550
1795190
2591790
3197720
2896010
1800790
809020
3279900
1848600
2530620
2313010
2451730
2717620
2780480
2562130
1264280
2143340
1652580
1285160
2438260
1716360
814540
2731330
1365620
1899810
2754380
1929290
1545500
3175910
2118500
3303780
1513480
1121590
1773460
2918460
3046540
242680
1819230
2468100
3011030
2604450
1586960
1947030
1585180
2196980
1636680
1392650
1262190
2888860
475190
2546310
2853830
1749010
2951770
2980900
2622770
3209480
1838300
2164490
2796340
1522960
1920430
1502520
2302160
506610
2730300
1151410
2443190
3140620
1229380
3574510
3121650
2214460
498470
3276900
2564860
3204460
1285060
2505120
2582960
1046920
3015950
2213190
1691190
2742920
3090100
3255500
2428770
2551170
1892420
3014080
2401970
2701660
2634890
3049990
1672810
3002850
2455640
2330430
2581050
2698780
1969860
2752330
2755270
2852470
2556990
1622630
2752470
2994880
3504580
2280430
3039890
2289390
2076140
2947970
2300320
1610440
1283700
3054690
2184020
2067350
3016620
3011440
2818150
2318070
1819460
1902970
2419090
2648050
2329880
3066300
3040170
242530
2074890
1848270
1894080
1768880
492160
2599800
1670920
1152300
2527390
2987800
2324210
2999510
1332430
3168600
3059070
2790330
1231560
1931180
2794830
3000120
852480
1096520
2649480
1445880
1486450
2769240
1875320
301280
2966850
3484300
2756920
2317010
3160660
3240220
2282350
3586750
1718460
2446600
2738170
3391450
2541780
3077390
1783560
2368930
2501600
2459550
2667120
1600910
2776500
2856450
3007660
1926590
2750000
1883370
3668850
2524360
2545710
1904480
3467540
2154240
1560160
3469230
3084910
2760560
2569760
3290690
2947700
3443380
3527760
3302510
3247270
1281630
2820110
2820130
3388870
2656490
2379740
2525310
3263210
1694670
3241660
246960
1599780
3044520
2744010
2059570
3453490
24670
758690
2963890
619820
3541130
3465190
1921490
1748110
3525890
3467710
2549130
3219960
2968420
3569950
1129360
2870350
3245140
864060
3987860
2658640
3099790
3470850
2701030
2429860
2782880
1948420
1332340
2785200
1330890
2936080
3470530
1231580
2701700
2987350
1607670
2520590
3035310
2018230
3101040
3344960
3324740
3411510
3595800
2909910
2428840
2789130
2528800
2957130
2687300
2576200
971700
3093310
3003020
2781000
2351560
3274300
2692030
1830150
3167180
3021100
2963880
1656930
1823990
3402270
3376690
1193170
2052040
3395330
3051240
2518410
3325070
1984020
2385530
1401730
1296660
2230960
2597970
2965660
1133870
1150640
2825880
1953230
1561740
336610
2890890
2720950
3327640
2875030
2928390
3166850
2614240
3430300
3024040
2449160
2362680
2706020
3445490
2958970
2627260
3287520
3407390
1683270
3081320
1053510
3225880
3440000
2962570
3220060
2171550
2117400
3084280
3013550
647280
921750
3170570
2820820
2118100
405820
1883830
2522430
2712480
3124340
3441990
3446120
3107770
2266820
2250060
2124420
1997680
1903370
1865440
1715460
1423370
1698960
1281400
1451740
1292940
1283190
1368860
1216080
860950
797010
2415480
1876590
1999520
2496180
2986260
2324390
2845320
2961990
2762230
2757630
2206560
2430730
1091920
1579380
3284260
2497670
1960900
2849680
1600900
2989820
2791440
3229170
2494930
3036080
2022290
968800
2431980
2377970
523000
2285610
3477860
2586560
3306400
2107540
2316660
1167110
1789490
2789680
1395030
2400160
2904000
2332240
3080240
1378060
2137470
1421490
1273260
2141770
1197590
3099330
3140980
2843980
2824660
1916890
3037060
2422210
1352930
2960670
3044030
2414730
1843840
3290380
1308940
1153410
2305900
2281410
1612420
1216490
1466230
3183280
1458300
1714510
1282270
2000210
3263390
2711030
3030720
1723780
2320250
3131910
2484990
2776570
2375530
1411020
2092840
1891280
1752080
2172580
3112730
3110760
2555950
3088250
1072400
1820000
2072560
1771550
2145260
2685670
1316680
1188870
2095300
3393940
3058630
2075100
2719060
2252680
2755020
2295610
1555980
2526570
2905790
1471650
1515570
2185060
2365790
1684660
2597260
341360
2470010
1415230
1909750
2123640
2124120
1521360
2066520
3119540
2832330
2854710
2976720
1691750
2292800
3018480
946090
1937670
2769080
2362070
3094040
3591440
1113680
2370740
3148920
2993180
1931600
3126280
2967990
2169200
2695430
1285190
2104890
2787320
1559720
3008130
1926980
3159570
3037330
2129530
1762930
3132930
3165650
3047750
3085230
2978430
2945180
2901960
2942390
2432040
3080950
2129810
2192380
2743760
2242970
1474930
2103230
2253100
1626620
2060590
3161310
2494780
2616540
3144860
1731290
2999120
1041560
1042800
1044340
1046150
1046630
1048530
1049640
1052040
1052750
1054050
1054820
1056750
1058490
1061270
1061980
1063700
1065210
1065950
1066740
1068600
1070500
1070580
1070840
1071330
1072590
1073210
1074870
1081110
1085630
1088610
1091070
1092720
1096340
1098291
1099510
1099910
1101370
1103390
1105480
1107390
1110090
1112390
1113360
1113930
1116500
1117020
1118040
1119090
1121550
1122450
1125650
11260
1126210
1133040
1135860
1137260
1139790
1141060
1142510
1142890
1146010
1146560
1147460
1148160
1148480
1149490
1151980
1152810
1153260
1153750
1154730
1156050
1158750
1162900
1163610
1165830
1167090
1169760
1170750
1171610
1172310
1173310
1174510
1175030
1175930
1177950
1178520
1179090
1180360
1183030
1183270
1188460
1189630
1190410
1194890
1197340
1200290
1200660
1201850
1203450
1201540
2997980
2023000
3056940
2876920
2968430
2902600
2893820
2788150
1858950
2535560
2201150
1416960
2422540
2897700
2878270
3062040
2912430
3090610
1795570
2945900
1910600
2973240
2719200
3138570
2873430
1446370
2114680
1885200
2432240
3181960
1466390
2988030
1377700
2736220
3337140
1430760
2967190
2016220
3112260
2379520
2128600
2702300
3211460
2482760
3204250
3146120
3319630
1520160
2742840
3125850
2290010
1046980
775430
2527500
3135970
3061170
3004090
2485910
2437360
2386720
1279510
2689120
3071440
3170410
1708850
2706170
3345210
2765860
409630
2878420
2928600
2604320
2356780
3229100
2454960
3204020
2718100
3265070
2994010
3276050
2350790
3284200
2879840
3009850
3075800
1630450
3346320
3260830
3284770
3326660
3218790
3308870
2207350
2450840
3215170
3358590
3337210
3126150
3265530
1203970
1204690
1205250
1207860
1209000
1211990
1213050
1213640
1216940
1218620
1220800
1221950
1222980
1227200
1228630
1229730
1231920
1232420
1234580
1241780
1243820
1245980
1247210
1247580
1249820
1251380
1251790
1253450
1256160
1258990
1260240
1261010
1264080
1264390
1267960
1268840
1270890
1273480
1274850
1277610
1278420
1278710
1279440
1280090
1282060
1282540
1283330
1283920
1284460
1285390
1286470
1289330
1290980
1294620
1299960
1308150
1310210
1318000
1318110
1325220
1325580
1326290
1327040
1329000
1334420
1335020
1336960
1337260
1340470
1343480
1352590
1355570
1355680
1358660
1359800
1363200
1363380
1364180
1364830
1365510
1366730
1368620
1368890
1370580
1370680
1373630
1376030
1379880
1380760
1384010
1384790
1386020
1388700
1390290
1392940
1393220
1399620
1403570
1407530
1408710
3023470
3224310
3044740
2971750
3015270
2382520
2806640
3034520
2165140
2900640
3036260
1813860
2328650
2451100
2485350
2058340
2714620
3179050
2890240
3209660
2831000
2923350
2585890
2595260
2207440
2235200
3323850
3301820
1662160
2598980
2001120
2542120
3341000
1859430
2138720
2975950
2622380
1691340
1967610
2638890
3260750
2486820
2592160
2814990
1586260
3172440
3087650
1196230
1428600
1362000
2308690
1830320
2057760
2549240
2698870
1487210
2820140
2878960
3039250
3232610
3150480
3334690
3392040
1413250
1415270
1418670
1420330
1420700
1425690
1431170
1440010
1440340
1443630
1445480
1449730
1450720
1451010
1452320
1453680
1454380
1455060
1455510
1458480
1462830
1463350
1464350
1467340
1468340
1471790
1472820
1473850
1477610
1479840
1483060
1485350
1486140
1486940
1487560
1490670
1494400
1495280
1495510
1496970
1497800
1498830
1499940
1502820
1507510
1512190
1512750
1513490
1515920
1515980
1516250
1517220
1517770
1519360
1522260
1522360
1527040
1527160
1529560
1530990
1531690
1533380
1534460
1537950
1538020
1542490
1544480
1549280
1549580
1551080
1553190
1555960
1560200
1564210
1567980
1569590
1571950
1572960
1573980
1575790
1577510
1578150
1580500
1586540
1588200
1588560
1589940
1592450
1593080
1593730
1599160
1602180
1603220
1606370
1611100
1612240
1617710
1618650
1620330
1621600
1352020
1425180
3551820
1846720
3530680
3400380
1395520
3462190
1826710
2990360
3590630
2790160
3504310
3532060
3034820
1422650
2890830
1785940
3589910
3730100
3191030
2300120
1879940
2012190
3144110
3237610
3104610
2655120
9960
3566720
3535760
3563470
2827230
1907590
2347080
1904880
2604490
3494520
3059520
1909950
2753970
2730810
3580580
2508780
2897590
2752180
2452080
2383200
2288350
2439220
2526310
1605250
3328480
3230790
2319790
3201910
3504780
2438680
2393160
3164500
1963610
213030
237570
1374490
3360010
3620480
2405060
2359120
2389830
2134320
3524160
277560
2825530
3564520
3463050
2937440
2339840
3821790
3949290
2416100
1454370
1796470
3231740
2528140
656700
1407150
3509380
1392560
2286280
2615540
1866130
2126870
3183760
3541250
3461800
3374460
3498720
3639970
3562120
3543570
3080940
3065250
2590150
1507120
974480
2967470
2744430
3073940
1309710
2867360
2834220
2971010
2854850
3151170
3161190
1487280
2564520
2229940
2634950
3105440
1024800
1800430
2391840
1594060
944010
1447250
1173980
3123410
2530980
3375780
3419810
1932640
2400640
2257830
3180240
2322380
2369900
1719040
2055590
3161220
2644470
1347170
1459790
2731640
2287770
2947230
2144640
2193720
2794770
3067930
2067890
2348400
2457540
2600720
2359660
2146290
2060280
1092210
1029240
3164970
3095570
2939590
1098770
3095560
3046280
3046270
2993660
2993650
2942930
2942180
2911540
2873130
2674930
2712340
2783880
2803950
2693210
2873090
2398410
3195360
1243200
1567890
1627870
1750770
2526380
3197890
3141390
1792010
1487390
2996080
2190920
3616890
1299060
2566340
1879950
2204900
1517180
1880610
2795750
2400510
1624270
1631230
1632330
1632710
1632830
1635660
1638030
1638470
1642440
1648990
1653520
1654240
1658910
1659520
1661320
1662790
1664900
1665670
1667110
1668620
1670190
1674670
1677620
1683060
1686390
1688650
1690980
1691860
1692030
1694730
1696370
1696860
1698210
1701940
1702680
1703550
1704740
1715860
1724840
1725420
1727090
1727350
1727590
1733300
1734450
1734780
1735170
1735410
1740600
1741170
1741650
1743150
1745700
1746830
1747580
1747770
1750110
1752660
1753890
1755790
1757100
1757790
1759550
1759700
1762400
1763860
1765250
1765630
1766300
1769260
1771460
1771780
1772050
1777480
1779110
1781190
1782700
1783350
1787040
1787150
1788750
1789110
1789680
1791890
1792200
1796910
1798520
1799400
1802850
1803700
1805990
1806190
1807730
1810050
1810510
1812580
1815870
1817140
1824290
1829330
3393140
3394080
3396180
3396940
3399290
3400530
3404140
3404630
3408850
3410060
3411050
3412310
3412680
3413420
3419550
3435120
3442440
3445980
3447990
3448810
3452800
3453040
3453660
3454130
3457490
3459030
3462730
3463820
3473810
3475040
3478790
3482000
3484940
3491920
3492840
3499530
3502250
3504830
3510590
3515190
3516430
3516780
3520890
3522820
3526450
3529780
3529910
3532510
3534170
3534850
3538420
3545940
3554930
3564900
3568450
3570950
3577140
3582400
3585040
3587980
3593800
3597530
3601840
3609750
3613300
3613500
3616240
3619270
3622290
3623110
3623090
3623790
3624430
3624840
3626100
3630230
3634370
3634920
3647830
3648880
3649860
3657040
3665430
3665500
3667540
3668070
3668800
3672620
3675210
3675880
3676850
3678800
3681480
3683260
3684600
3685650
3686200
3691920
3706430
3721240
1830440
1832690
1833080
1836320
1836840
1839900
1844480
1845740
1853370
1853850
1855160
1855790
1856410
1857900
1858740
1859550
1862730
1864720
1865470
1870790
1871350
1876550
1877060
1881460
1884800
1886440
1890100
1891250
1892500
1895410
1897460
1898730
1903720
1904960
1905090
1905450
1905960
1914060
1918250
1920420
1920610
1922730
1923530
1929740
1933580
1939130
1941300
1941690
1941780
1942370
1949610
1951910
1952450
1953060
1967410
1968230
1968630
1969650
1975430
1979200
1980420
1980780
1982240
1984910
1989540
1995120
2003240
2006660
2007350
2010870
2014220
2026440
2026810
2052380
2052690
2053450
2064160
2066370
2070640
2070950
2071060
2079020
2083100
2086450
2091550
2092160
2095010
2095170
2095930
2098080
2098450
2109070
2109420
2115500
2126950
2127810
2128810
2131590
2133050
2133450
3723800
3725900
3728120
3729600
3730430
3729890
3730720
3733650
3741750
3743460
3743890
3747670
3756850
3764350
382990
387820
394160
393330
393800
411000
40960
411980
418640
42900
419520
433220
435410
451940
453850
461530
462590
476240
478000
494360
497950
503680
501400
510680
521750
521700
527150
531100
534120
542170
544880
549000
554610
553430
557760
561440
563530
568740
570420
575020
583040
590840
596420
604770
610720
614130
617990
620180
623090
623080
628020
628110
628940
632710
631860
638500
647660
648600
649820
654970
653840
664490
667460
668640
673100
672890
674450
678050
678940
678910
680300
683780
689760
690290
693250
697010
702130
703680
707710
709620
713650
714520
721990
723600
727830
729670
3081840
2453200
2280350
2684830
2707490
1592170
2897510
3046600
1771980
2138570
2580020
1866980
2208570
3290390
200190
2070270
3443030
1305260
3041770
3275010
2371890
320150
108700
3160880
3551340
3399400
2807960
39550
3244220
2412240
2877770
1974510
2398680
2918130
3178350
3292470
1984270
2344320
3316350
1857740
2614000
3523120
3446990
3115220
2817050
1739900
3010090
3099000
2070860
2946390
2742830
3269230
2437390
2656520
2976900
1671740
2413800
2133940
2135930
2136890
2137690
2138080
2138220
2138270
2138930
2141240
2148220
2154700
2155860
2158590
2162320
2169680
2171060
2172620
2173920
2174060
2178370
2179790
2181350
2182610
2184260
2187420
2188470
2188880
2190650
2191720
2192530
2192920
2193920
2199450
2201130
2206930
2209580
2209710
2212090
2214590
2215710
2218210
2218320
2218440
2225350
2225730
2226140
2227320
2230230
2230990
2234150
2234380
2236450
2236960
2238450
2239470
2241500
2242620
2247050
2250020
2253660
2255420
2255760
2260970
2267140
2271570
2271920
2272520
2273060
2274050
2276500
2277950
2281720
2284240
2284840
2289460
2293260
2294600
2296060
2297670
2298900
2303130
2306780
2307170
2307790
2308540
2310940
2311410
2314680
2314740
2315610
2317080
2324010
2326860
2328910
2330440
2330260
2331600
2332380
2332260
2333130
732510
738760
744020
740690
744600
746210
753540
757910
757940
764300
765700
768900
769550
770720
773180
778440
778620
785760
783550
785930
791410
793100
793440
797430
798470
808610
805520
809280
820480
821380
822830
828240
831260
832610
834440
834790
838630
842760
847530
853320
857210
862220
861520
864170
868400
870930
869640
871540
873560
877360
876300
877710
880950
880960
882440
884670
885160
894430
903490
903700
906170
907950
909710
910050
912000
915200
918600
918060
920780
925830
930730
933060
937310
946700
948820
951010
951830
952340
955010
955890
958670
959690
963880
964090
968530
969200
971460
971220
977490
976260
980700
982090
982920
983380
985760
989120
988530
990920
993210
992930
1178500
1178480
1178510
1178590
1179020
1180000
1180270
1180200
1180790
1181020
1181040
1181550
1181690
1181750
1182060
1183980
1184230
1184470
1184590
1184750
1184790
1184850
1184820
1184960
1185140
1185280
1185380
1185480
1185500
1185530
1185600
1185810
1185950
1186100
1186260
1186290
1186460
1186470
1186530
1186570
1186720
1186760
1186950
1187140
1187250
1187410
1187790
1187850
1187870
1187910
1187990
1188160
1189160
1189190
1189200
1189290
1189320
1190060
1190120
1190320
1190400
1191440
1191650
1191690
1191960
1192020
1192230
1192440
1192540
1193520
1193630
1193760
1193830
1194100
1194190
1194200
1194220
1194380
1194650
1194720
1194740
1195380
1195420
1195570
1195610
1196080
1196500
1196570
1196310
1196940
1197110
1197180
1197240
1198020
1198110
1198240
1198250
1198690
1199200
1199620
2336970
2343560
2344100
2345000
2348720
2349350
2351810
2353690
2355440
2357790
2359500
2361500
2363400
2366270
2368080
2370560
2373550
2374660
2375410
2375870
2376600
2376750
2378810
2380940
2384230
2385320
2385680
2386400
2387010
2392420
2400170
2401030
2402540
2406730
2411880
2416110
2416500
2416830
2417640
2418710
2419540
2420230
2422610
2433560
2434060
2434380
2434540
2436500
2438780
2442470
2443640
2447930
2450290
2450830
2463170
2463720
2466700
2467370
2468230
2467860
2470790
2472300
2476680
2476990
2478940
2479840
2480210
2480840
2481440
2484220
2484660
2485270
2488100
2489250
2492310
2494660
2495950
2496900
2498730
2499620
2503550
2508150
2511010
2516470
2516540
2518000
2521010
2522270
2527260
2528430
2530600
2530690
2531440
2532210
2533060
2533700
2536670
2537050
2538170
2539890
3180070
3314790
2542020
1728620
3517740
2318330
3301510
3470500
3117820
2387720
3351660
3502970
2989270
2901520
2075800
2608270
2685900
942200
3453600
3064480
329694
3231960
1953670
2824580
3311740
1955850
3629430
2623190
1373090
1272290
3468640
3333990
2351330
1550180
3446490
3246190
3406620
3133650
3649840
1871640
3445610
2830030
3334170
3576890
2976250
3634210
3564490
895160
2206350
3657210
3186120
3061730
2259330
2602230
3690420
3388890
3575730
2261430
1602000
3293010
3645160
3975790
3404260
36910
1200770
1548520
2810070
3254990
3441460
2248890
3548580
2335060
2447980
3364830
3473610
3247750
237110
2909580
1713730
3194360
2928520
3150440
2096030
2097570
3323210
3660860
3668300
2109270
2790090
2523720
2617700
2529610
2666590
3005640
3218350
3341650
3008340
3450390
2667950
3336640
998950
995680
999880
1008950
1018000
1018720
1024490
1038080
1046760
1049920
1061300
1068620
1074880
1081200
1086150
1088750
1092730
1093770
1096510
1101450
1102370
1105730
1113400
1118110
1140350
1142530
1146090
1148490
1176060
1178020
1213980
1221980
1227330
1267970
1279450
1282580
1286480
1325430
1337720
1355790
1366760
1386090
1403590
1467410
1553200
1632870
1691020
1696380
1765300
1914100
1920710
2070970
2115590
2171080
2218340
2296050
2298650
2517850
2575970
2620340
2692950
2812720
2828750
2993390
2995700
3245570
3474960
3516590
379660
380110
386280
392150
400170
400390
405680
406890
431030
434470
431170
439660
443190
451330
446780
452410
453100
457250
458180
461540
463730
473550
477850
481190
486690
493460
496170
500190
504030
506710
508460
511700
2754370
2683150
2475300
3011030
2823570
1648190
2557630
2325180
2878220
3169790
1811340
3057340
3134280
2680380
3196330
3080920
2901310
2503080
2193540
2353340
2922410
1791590
2199340
1695000
2228280
2749100
3092530
1856750
2360560
2957720
1737870
3025300
2160070
1145290
3199500
2995560
3201010
1716310
3004100
2185770
2066360
3227300
3070070
3080380
2465510
3178890
3187880
2392980
2659840
2719030
2516170
2410590
1928690
2401410
1796580
1164460
2415500
3104270
3061810
3155730
1284540
2195390
1590730
1498120
2226150
2192970
2929170
3214220
2565010
2521380
2561580
2863640
3812660
2074750
1260820
3253630
3170540
2882040
3103780
3195150
2013730
1685870
2954080
2737300
2397440
2337180
1121320
2348250
3218570
3199390
2211170
3135840
3016760
3259600
1622350
2784620
1124060
1807220
1683340
2480010
1199800
1199940
1200090
1200250
1200600
1201310
1201330
1201370
1201400
1201520
1201630
1201840
1203280
1203320
1203370
1203430
1203960
1204080
1204530
1204670
1204970
1205160
1205240
1205570
1205590
1205610
1206240
1206320
1206470
1206620
1206840
1206900
1207030
1207210
1207320
1207360
1207420
1207520
1207540
1207690
1208110
1208160
1208170
1208260
1208410
1208470
1208550
1208630
1208690
1208910
1210260
1210530
1210650
1210930
1211100
1211350
1211720
1211790
1211980
1212440
1212450
1212480
1212710
1212720
1212960
1213450
1213300
1213530
1215170
1215400
1215520
1215500
1215550
1215600
1215650
1215940
1216340
1216470
1216530
1216740
1217160
1217170
1217180
1217380
1217440
1217520
1217530
1217570
1217610
1218560
1219240
1219590
1219800
1220160
1220680
1221300
1221390
1221670
1221860
1222720
2549980
2550100
2551010
2552230
2553880
2554690
2564900
2565410
2569060
2570200
2573190
2575530
2575940
2576230
2576430
2580290
2583680
2586150
2588540
2592320
2595410
2596930
2600600
2609300
2609940
2611140
2611820
2616050
2616350
2616890
2619240
2620290
2622200
2624750
2626240
2626410
2626690
2626870
2636340
2639380
2639980
2640130
2641710
2644230
2645600
2649380
2655970
2659200
2661960
2663140
2665100
2667290
2668300
2673240
2674070
2676110
2677640
2684360
2688410
2689050
2689730
2692860
2694770
2695290
2696680
2698900
2701760
2704910
2705650
2709030
2714330
2717940
2721030
2721750
2722550
2722920
2726050
2728750
2735720
2736560
2750390
2751980
2752530
2752390
2759820
2766580
2769930
2777120
2778920
2782090
2783560
2789740
2790850
2792460
2792790
2793350
2797010
2797080
2800610
2802710
513790
520350
524650
533800
547160
553940
556640
566600
570890
578100
583510
585020
586290
589050
592450
594230
596580
605210
606870
615650
616780
618330
620890
624610
628090
626630
632520
633080
636790
637870
639490
644670
651660
659960
665110
666170
671700
672440
678390
679780
680850
684530
685230
689370
690500
702120
703100
707350
714680
718710
727690
734090
735620
738840
740310
746520
757530
767180
769920
772260
777240
780030
786770
788240
790800
799210
818010
821500
823230
828730
831470
854400
857410
861530
875370
878030
880930
886360
894420
909380
911230
918900
923020
929340
939610
941140
953230
964020
973300
977790
981050
979710
1002450
1002960
1003460
1003760
1003900
1004090
1004200
1005080
1222480
1222840
1222930
1223230
1223660
1224050
1224070
1224470
1224650
1224900
1225110
1225130
1225200
1225240
1225250
1225370
1225790
1226030
1226070
1226080
1226160
1226490
1226540
1226580
1227050
1227090
1228600
1228700
1228920
1229090
1229640
1230170
1230400
1230490
1230650
1230540
1230670
1231100
1231210
1231410
1231570
1231640
1231900
1232220
1232290
1233040
1233200
1233680
1233740
1233880
1234360
1234500
1234560
1234970
1234990
1235340
1235450
1235570
1235710
1235810
1236170
1236620
1236770
1236780
1236800
1236810
1237190
1237400
1237410
1237540
1237730
1237760
1237880
1238190
1238390
1238520
1238940
1238990
1239360
1239400
1239780
1239870
1239800
1239900
1239930
1239950
1240130
1240180
1240220
1240480
1240610
1240770
1240840
1241050
1241140
1241250
1241400
1241630
1242830
1243260
2803930
2807100
2810080
2810700
2812050
2812680
2817760
2820210
2826770
2827470
2828920
2832650
2833480
2837540
2838990
2842250
2842910
2845740
2847950
2852640
2853270
2859130
2862460
2863590
2873870
2880960
2882660
2884070
2888130
2892530
2893540
2895510
2898730
2899380
2899600
2905350
2908950
2910830
2918350
2919850
2920770
2922240
2923330
2923590
2927540
2929250
2933600
2935030
2947620
2949110
2949310
2949910
2952370
2953540
2956150
2958060
2958210
2961120
2974230
2974430
2980580
2987230
2988390
2993570
2995720
3005330
3006920
3007620
3007590
3008280
3012210
3013080
3016480
3016610
3024730
3025920
3029840
3034500
3037010
3041810
3042370
3042800
3043240
3044070
3046530
3049650
3052800
3056350
3056650
3058570
3059500
3060400
3060970
3061790
3065270
3068440
3069130
3069460
3070530
3071050
2865230
1005230
1005120
1005490
1005460
1006900
1006830
1007970
1008430
1008340
1008820
1009590
1010420
1010560
1010730
1010040
1010840
1010910
1011720
1012210
1012510
1012640
1012670
1014260
1015090
1015180
1015370
1015520
1016030
1017100
1017610
1021130
1021240
1021290
1021370
1023350
1023390
1025240
1025520
1026890
1027550
1028510
1028770
1028800
1029030
1030060
1030770
1030780
1031610
1031900
1032440
1032510
1032740
1033030
1033140
1033510
1033220
1033540
1033700
1034860
1035600
1035690
1036420
1036740
1037140
1037250
1037380
1037460
1037560
1037820
1037960
1039220
1039590
1040370
1042910
1043520
1043850
1044010
1044110
1046970
1047470
1047840
1047950
1048350
1050370
1050620
1050680
1051320
1051070
1051420
1051440
1051560
1051850
1051990
1053780
1055030
1055560
1055890
1056010
1056060
1056140
2701390
1114730
3241700
1491000
1334040
17100
2475490
2294160
2539110
1822540
2780980
2067310
2159210
265730
716350
2902170
1143910
2337860
1040200
2924040
2920570
2638600
3218530
2362090
2213120
2492420
1360980
2231010
2296750
2934620
1270460
1280760
1394150
2519830
3185060
1961230
3199650
2840190
2651910
2525510
2379910
2747550
2826800
3146560
2414410
2738110
2443630
2461440
1710820
2312520
1228360
2414270
2351660
2434830
2525380
3130400
1031730
3192560
3025590
2959010
1857090
2468300
3265250
2506100
1384660
1975580
1431300
3078150
3242230
2610650
922490
825160
2901140
2610090
2709570
874440
2928040
3282300
2854480
2101960
2139090
3625380
3193560
3125750
2504390
1478880
2369730
3063420
2553420
3146520
1677970
2884520
2581750
3025160
3259470
3097560
1620150
1559390
3061520
2765090
1243370
1243290
1244150
1244050
1244190
1244370
1244390
1244450
1244890
1244910
1245220
1245250
1245440
1246050
1246680
1247370
1248120
1248420
1248490
1248510
1248750
1248820
1248910
1249750
1250250
1250270
1250300
1250420
1250490
1250870
1251270
1251290
1251360
1251750
1251970
1252230
1252070
1252250
1252400
1252450
1252480
1252510
1252580
1252630
1252810
1253190
1253050
1253220
1253240
1253620
1253760
1253930
1254140
1254390
1254490
1254610
1254620
1254720
1254770
1254820
1255020
1255040
1255140
1255300
1255680
1255870
1256360
1256380
1256440
1256550
1256610
1256650
1256730
1256680
1256980
1257300
1257190
1257520
1257620
1257670
1257710
1258000
1258030
1258200
1258410
1258560
1258620
1258730
1258820
1258840
1259180
1259220
1259330
1259480
1259470
1259520
1259570
1259660
1259760
1259990
3450310
3201730
1240590
2540860
1082190
3028310
3710840
3500810
2186580
2077890
1683150
1627350
3308150
2424480
3681810
2876550
3216500
2246470
936160
2911850
3660220
2289720
3676330
3091340
3386900
3493540
3395320
1410400
3169520
3556750
3115160
3533730
3400930
858200
1631980
1864000
3239830
3391730
2404880
3757020
3400650
2488370
3625840
3015820
3366370
1657740
2174560
2718450
3314980
2387460
1718290
1221480
3581730
3713650
1782460
2611170
2753900
3326230
2593980
3145620
3655150
2956680
2938870
3524780
2818090
3017100
3232650
1617230
2190640
3276270
1728610
2302660
3535270
1307960
3720330
3679080
1266210
3271000
1645630
3730680
2458430
2784470
2103470
3276700
2275860
2593870
2074630
1999930
3592140
3029750
3352690
3239650
1372830
1461770
1523390
3547010
3333740
3724710
3050900
1883810
3073340
3077210
3081070
3089390
3092250
3103590
3113080
3119060
3120990
3125730
3125650
3126880
3128290
3130720
3132950
3138800
3145670
3146010
3147430
3152560
3154850
3157250
3158470
3168230
3174770
3175920
3177180
3187400
3188750
3189820
3191880
3192770
3195260
3208260
3211210
3215650
3219720
3220690
3224160
3224490
3228200
3232680
3234660
3236060
3237300
3238950
3240600
3241060
3243930
3245670
3245410
3254180
3255590
3256080
3256450
3267440
3274880
3275930
3275890
3279300
3279410
3291660
3293460
3300960
3302710
3305200
3307980
3309870
3310590
3312510
3315230
3316880
3317480
3322940
3323890
3324000
3325210
3326600
3326840
3327670
3329520
3337740
3340890
3345050
3351940
3354920
3357600
3359830
3365120
3366140
3366700
3367610
3367900
3367950
3368510
3370580
3374970
3376200
3381470
3388810
1331470
1331530
1331550
1331560
1331610
1331710
1331860
1331870
1332040
1332180
1332210
1332250
1332360
1332380
1332450
1332470
1332820
1333110
1333280
1333340
1333500
1333530
1333540
1333590
1333720
1333870
1333930
1333950
1334050
1334070
1334080
1334110
1334230
1334280
1334290
1334500
1334510
1334570
1334610
1334620
1334650
1334960
1334970
1335300
1335510
1335440
1335580
1335610
1335630
1335700
1335780
1336020
1336070
1336150
1336230
1336560
1336680
1336690
1336830
1337070
1337170
1337200
1338090
1338160
1338180
1338490
1338730
1338930
1338940
1339030
1339110
1339290
1339460
1339850
1339920
1340020
1340380
1340980
1341120
1341240
1341160
1341250
1341300
1341330
1341490
1342020
1342150
1342250
1342270
1342500
1342560
1342690
1342750
1342790
1342850
1343010
1343050
1343110
1343330
1343390
1056230
1056330
1056720
1057580
1057600
1057610
1057810
1057820
1057990
1058030
1058270
1058410
1059220
1059850
1060240
1060300
1060310
1060770
1060810
1060840
1060980
1063570
1064960
1065740
1065770
1067360
1067580
1067700
1068300
1068500
1068510
1068580
1069150
1069540
1069710
1069910
1070230
1071240
1071940
1072030
1072070
1072140
1072270
1072760
1072840
1074250
1074330
1074390
1074490
1074830
1075880
1075960
1076020
1076060
1076360
1076480
1076720
1076920
1076940
1076970
1077160
1077270
1077300
1077360
1077510
1077590
1077630
1077680
1077740
1078610
1078800
1079230
1079470
1079610
1079720
1079730
1081830
1081960
1082410
1082770
1082450
1083230
1083240
1083260
1083350
1083450
1083500
1083990
1084730
1085270
1085390
1085590
1085830
1087320
1087530
1088040
1088060
1088190
1089570
1089890
1343450
1343950
1344170
1344430
1344550
1344570
1344630
1344690
1344730
1344740
1344780
1344860
1344890
1344900
1345050
1344990
1345120
1345140
1345180
1345190
1345200
1345270
1345220
1345280
1345390
1345520
1345780
1345770
1345810
1345900
1346280
1346480
1346620
1346630
1346800
1346890
1347130
1347230
1347250
1347960
1348240
1348260
1348770
1348960
1349070
1348990
1349130
1349300
1349420
1349670
1349720
1349740
1349790
1350010
1350030
1350300
1350470
1350540
1350560
1350590
1350630
1350720
1351070
1351200
1351360
1351470
1351510
1351650
1351720
1351960
1352180
1352760
1352840
1352890
1353040
1353130
1353150
1353330
1353350
1353690
1353950
1354000
1354070
1354260
1354580
1354590
1354770
1354800
1354970
1355000
1355050
1355070
1355210
1355100
1355650
1356190
1356260
1356380
1356460
1356830
1457930
1458090
1458250
1458460
1458900
1459010
1459020
1459070
1459160
1459260
1459530
1459580
1459630
1459650
1459740
1459700
1459800
1460010
1460210
1459890
1460510
1460530
1460540
1460550
1460600
1460650
1460820
1460930
1461200
1461470
1461570
1461580
1461730
1461910
1462030
1462060
1462120
1462160
1462220
1462260
1462340
1462440
1462470
1462540
1462990
1463020
1463010
1463080
1463930
1463970
1464050
1464150
1464170
1464090
1464250
1464330
1464480
1464540
1464630
1464840
1464850
1465060
1465330
1465340
1465450
1465470
1465580
1465780
1466140
1466170
1466190
1466300
1466360
1466400
1466450
1466520
1466560
1466610
1466660
1467090
1467110
1466870
1467190
1467270
1468950
1469330
1469430
1469460
1469540
1469620
1469660
1469800
1469830
1469890
1470270
1470020
1470300
1470320
1470430
1470650
1260450
1260490
1260550
1260580
1260720
1260860
1260790
1260910
1261200
1261220
1261490
1261770
1262070
1261970
1262380
1262470
1262500
1262730
1262790
1262830
1262880
1263210
1263170
1263220
1263410
1263630
1263740
1263930
1263940
1264240
1264290
1264670
1264820
1264830
1264920
1264980
1264930
1264990
1265010
1265040
1265130
1265140
1265280
1265380
1265500
1265660
1265770
1265870
1265960
1266050
1266060
1266070
1266390
1266410
1266450
1266610
1266650
1266890
1267040
1267230
1267270
1267290
1267370
1267560
1267680
1267690
1267830
1268140
1268160
1268380
1268420
1268540
1268710
1268790
1269390
1269450
1269520
1269560
1269650
1269830
1269850
1269890
1269900
1270050
1270070
1270280
1270360
1270370
1270440
1270650
1270670
1270680
1270760
1270820
1270840
1271500
1271540
1271600
1271620
1271850
1089880
1090590
1091030
1092610
1091980
1092700
1092710
1093950
1094110
1094250
1094410
1094600
1094680
1095080
1094880
1095280
1095480
1096090
1096710
1096720
1096760
1097050
1097560
1097860
1098000
1098130
1098140
1098540
1098640
1099790
1099840
1099860
1100360
1100420
1100560
1100990
1101120
1105470
1106350
1106680
1106710
1106930
1106740
1107320
1108270
1108780
1109220
1109740
1110010
1111040
1111080
1111110
1111250
1111280
1111450
1111730
1111770
1111840
1111880
1111910
1111920
1111960
1112340
1112630
1112650
1112680
1112910
1113030
1113270
1113290
1113860
1114090
1114630
1114660
1116050
1116100
1116200
1116260
1116460
1116480
1117590
1117820
1117920
1120330
1120340
1120690
1120950
1121170
1121400
1121510
1123240
1124160
1124270
1124380
1124420
1124510
1124600
1124970
1125360
1125420
1356870
1356950
1357090
1357200
1357270
1357390
1357520
1358000
1358010
1358120
1358320
1358490
1358650
1358810
1358990
1359240
1359270
1359310
1359720
1359990
1360080
1360140
1360130
1360150
1360160
1360210
1360260
1360280
1360560
1360760
1360780
1360820
1360870
1360890
1360900
1361060
1361090
1361120
1361700
1361950
1361980
1362040
1362120
1362130
1362270
1362420
1362620
1362700
1362720
1363310
1363690
1363740
1363840
1364170
1364400
1364450
1364500
1364510
1364610
1364620
1364750
1364800
1365780
1365810
1366070
1366200
1366240
1366310
1366390
1366650
1366710
1367040
1367050
1367190
1367340
1367350
1367490
1367620
1367710
1367940
1368050
1368160
1368260
1368670
1368770
1368850
1368880
1369390
1369570
1369700
1369730
1369780
1369800
1369990
1370110
1370130
1370220
1370310
1370390
1370470
1271900
1271920
1272100
1272140
1272150
1272360
1272450
1272530
1272780
1272820
1273060
1273070
1273180
1273520
1273740
1273800
1274140
1274110
1273940
1274190
1274230
1274250
1274340
1274390
1274440
1274470
1274530
1274620
1274700
1274810
1274830
1274840
1275030
1274990
1275180
1275070
1275250
1275260
1275290
1275390
1275490
1275590
1275610
1275630
1275770
1275850
1275860
1276060
1276090
1276320
1276350
1276470
1276820
1277090
1277100
1277140
1277160
1277210
1277480
1277520
1277530
1277660
1278040
1278060
1278140
1278200
1278370
1278380
1278520
1278580
1278930
1279020
1279240
1279380
1279700
1280320
1280490
1280670
1280840
1280950
1280960
1280970
1280980
1280990
1281220
1281250
1281280
1281350
1281370
1281390
1281580
1281600
1281640
1281690
1281760
1281890
1282000
1282040
1282510
1282830
1470730
1470880
1478140
1479760
1485870
1487240
1489160
1489120
1489330
1489340
1489490
1489880
1489970
1490020
1490030
1490180
1490290
1490310
1490400
1490570
1490870
1490900
1490930
1490980
1490550
1490990
1491050
1491320
1491400
1491530
1491780
1491800
1491850
1491960
1491950
1492000
1492050
1492080
1492090
1492160
1492230
1492440
1492370
1492510
1492540
1492550
1492590
1492720
1492780
1492810
1492840
1492900
1493020
1493280
1493220
1493290
1493380
1493460
1493560
1493870
1493570
1494280
1494370
1494580
1494510
1494960
1495170
1495040
1495240
1495370
1495380
1495970
1496110
1495990
1496210
1496150
1496310
1496240
1496350
1496450
1497330
1496930
1497770
1497430
1497910
1498060
1498130
1498070
1498440
1498550
1499060
1498790
1499820
1500300
1501310
1501210
1501760
1501800
1501910
1501830
3394460
2750400
3623050
743940
3495340
3672470
3444630
3597580
1002490
1003950
1004270
1006600
1007760
1009150
1010990
1011260
1012870
1016250
1017820
1019020
1020120
1021680
1022820
1023560
1025550
1026100
1026960
1027690
1027970
1029470
1036430
1037970
1370550
1370560
1370570
1370720
1370970
1370980
1371000
1371180
1371320
1371570
1371550
1371760
1371810
1371900
1372000
1372180
1372260
1372270
1372450
1372460
1372660
1372840
1373100
1373110
1373230
1373280
1373310
1373390
1373460
1373880
1373980
1374010
1374320
1374390
1374370
1374740
1374750
1374820
1374910
1374950
1374960
1375090
1375290
1375300
1375420
1375460
1375510
1375540
1375560
1375630
1375750
1375780
1375790
1375850
1375940
1375950
1376350
1376520
1376630
1376790
1376890
1377010
1377120
1377150
1377160
1377280
1377350
1377430
1377540
1377580
1377680
1377800
1377980
1378280
1378320
1378380
1378570
1378580
1378660
1378690
1378820
1378840
1379050
1379160
1379270
1379380
1379640
1380160
1380200
1380280
1380370
1380500
1380660
1380690
1380820
1380970
1380990
1381030
1381260
1381450
1126190
1126770
1126870
1127120
1127230
1127250
1127370
1127460
1127480
1127660
1127930
1128190
1128210
1128280
1128680
1129080
1129260
1129480
1129350
1129550
1129570
1129610
1129710
1129720
1129760
1130380
1131060
1131070
1131210
1131450
1131580
1131660
1131680
1131740
1131820
1132070
1132540
1132600
1132930
1133970
1134200
1135220
1135480
1135700
1135730
1136790
1136870
1137220
1137420
1138210
1138250
1138580
1138810
1138640
1139660
1139720
1139740
1139780
1140440
1140610
1140730
1140870
1141760
1141860
1141930
1142090
1142300
1142440
1142820
1144110
1144240
1144350
1144800
1145210
1145300
1145950
1146210
1147360
1147940
1148130
1149180
1149120
1149200
1150270
1150610
1151060
1151080
1151100
1151300
1151380
1151400
1151670
1151870
1151990
1152660
1152710
1152740
1152800
1153060
1153120
1502050
1501960
1502110
1502140
1502240
1502170
1502270
1502260
1502400
1502290
1502430
1502460
1502480
1502490
1502530
1502670
1502750
1502810
1502950
1502910
1503000
1502960
1503110
1503170
1503250
1503240
1503270
1503400
1503700
1503490
1503880
1503900
1504210
1504320
1504230
1504480
1504450
1504580
1504820
1504890
1504870
1505230
1504940
1505310
1505220
1505520
1505480
1505600
1505650
1505690
1505680
1505740
1505720
1505840
1505850
1505920
1505940
1505960
1506040
1506060
1506020
1506320
1506170
1506490
1506550
1506730
1506680
1506750
1506930
1506960
1506970
1506990
1507110
1507260
1507220
1507280
1507310
1507400
1507430
1507710
1507440
1507820
1507760
1507850
1507950
1508220
1508420
1508410
1508440
1508770
1508510
1508800
1508860
1509060
1509070
1509150
1509110
1509220
1509160
1509260
2963280
3681010
2800080
3633680
2370000
3400000
1859620
3445830
1004640
1832640
3292260
2584270
2231020
2362060
2838950
3230430
3763840
1598230
1538550
3051490
3730310
2958130
1910090
3031890
2640950
1969370
2974160
2024600
3763470
2721340
3696210
3480790
897160
3296060
2950710
3255890
2258070
2062430
3727390
2821610
3716910
2446540
3273480
1790930
1209970
1579420
2340130
2467880
2174380
3758980
2234140
1175830
2512550
1292460
2231460
3778610
2488290
2069250
2713000
3288210
2001760
2997230
2963950
2353060
3043580
3606480
2661300
3256150
2210150
3725190
1966410
2990600
3571710
2874130
2275490
1346840
3042660
2604480
1721110
2573060
3255110
2529790
1798230
2095420
1141260
2438980
2824520
2092270
3710210
2738630
3580160
3334760
3592110
3592100
2752710
1000130
1001570
1001860
1002270
1000280
1153330
1153580
1153800
1154450
1155290
1155470
1155500
1155580
1155650
1155980
1157650
1157790
1157900
1158190
1158880
1158990
1159160
1159420
1159490
1159610
1160060
1160420
1160550
1160560
1161020
1161160
1161330
1161510
1161550
1161820
1161780
1162860
1162950
1163320
1164020
1164520
1164550
1164920
1164990
1165000
1165010
1165230
1165270
1165460
1165560
1165570
1165740
1166680
1166710
1167570
1167800
1167820
1168400
1168430
1168530
1168790
1168800
1168960
1169050
1169630
1170030
1170160
1170310
1170320
1170390
1170640
1171570
1172810
1172820
1172830
1172920
1172930
1173100
1173110
1173120
1173590
1173640
1173740
1173990
1174050
1174120
1174170
1174200
1174400
1174430
1174490
1174990
1175550
1175660
1175770
1176840
1176850
1177110
1177190
1177390
1177460
1177490
1177540
1177850
1177940
1558380
1558480
1558570
1558670
1558710
1558720
1558750
1558760
1558790
1558800
1558840
1558850
1558920
1558980
1559060
1559160
1559180
1559190
1559340
1559410
1559590
1559620
1559850
1559870
1559900
1559910
1559920
1559980
1560140
1560150
1560170
1560480
1560510
1560520
1560580
1560730
1560790
1560830
1560840
1560860
1561000
1561030
1561080
1561090
1561370
1561510
1561540
1561570
1561600
1561720
1561610
1561780
1561800
1561860
1561920
1561960
1561990
1562030
1562100
1562180
1562380
1562410
1562550
1562620
1562690
1562700
1562780
1562880
1563160
1563170
1563210
1563240
1563250
1563370
1563410
1563460
1563500
1563520
1563670
1563880
1564030
1564060
1564190
1564350
1564400
1564430
1564540
1564590
1564620
1564600
1564830
1564870
1564900
1565020
1565070
1565060
1565130
1565180
1565250
1565290
1381500
1381590
1381640
1382160
1381990
1382180
1382190
1382310
1382450
1382670
1382730
1382910
1383020
1383370
1383510
1383910
1383650
1384060
1384350
1384390
1384440
1384480
1384500
1384550
1384910
1384970
1385050
1385090
1385180
1385340
1385480
1385620
1385660
1385680
1386000
1386300
1386320
1386700
1386630
1386750
1386770
1386790
2994240
2690870
3094450
2740260
994180
3335060
2464770
2004060
3348640
1386940
1387000
1387030
1387010
1387150
1387190
1387250
1387500
1387570
1387620
1387640
1387810
1387650
1387950
1387970
1387980
1388110
1388240
1388270
1388310
1388380
1388420
1388580
1388900
1389000
1389130
1389140
1389160
1389170
1389450
1389930
1390080
1390560
1390650
1390870
1390700
1390920
1390970
1391050
1391090
1391200
1391370
1391430
1391550
1391580
1391640
1392070
1392080
1392230
1282880
1283070
1283130
1283180
1283240
1283550
1283580
1283690
1283720
1283760
1283790
1283890
1284100
1284140
1284290
1284300
1284480
1285000
1285100
1285180
1285270
1285210
1285520
1285740
1285820
1285870
1285940
1285970
1286150
1286190
1286360
1286370
1286720
1286930
1286860
1287030
1287170
1287220
1287370
1287230
1287450
1287610
1287640
1287710
1287750
1287790
1287830
1287880
1287920
1287930
1288090
1288130
1288300
1288330
1288370
1288550
1288640
1288670
1288960
1288940
1289170
1289240
1289320
1289670
1289720
1289770
1289850
1289890
1289900
1289960
1290100
1290160
1290390
1290480
1290550
1290680
1290670
1290760
1290750
1290920
1291020
1291150
1291280
1291470
1291600
1291720
1291740
1291970
1292270
1292310
1292400
1292500
1292510
1292550
1292720
1292910
1293000
1293050
1293130
1293190
1509650
1509700
1509730
1509800
1509790
1509880
1509870
1509920
1509950
1509970
1510040
1510150
1510210
1510250
1510240
1510290
1510370
1510450
1510440
1510520
1510570
1510710
1512540
1512550
1513000
1513030
1513150
1513130
1513190
1513160
1513400
1513300
1513430
1513530
1513650
1513660
1513680
1513700
1513740
1513800
1513810
1513930
1513950
1513940
1514010
1513960
1514090
1514040
1514140
1514160
1514200
1514170
1514240
1514250
1514430
1514470
1514550
1514490
1514580
1514560
1514730
1514690
1514850
1514740
1514970
1515160
1515170
1515220
1515370
1515540
1515450
1515590
1515710
1515730
1515760
1516150
1516440
1516580
1516530
1516610
1516950
1516910
1516970
1517050
1517110
1517160
1517170
1517380
1517510
1517440
1517560
1517610
1517960
1518030
1518120
1518090
1518180
1518210
1518240
1518330
1629650
1629660
1629690
1629780
1629900
1630010
1630080
1630160
1630270
1630360
1630430
1630460
1630520
1630530
1630640
1630740
1630780
1630820
1631000
1630940
1631040
1631140
1631190
1631200
1631360
1631400
1631430
1631440
1631580
1631670
1631750
1631920
1631930
1632020
1632060
1632100
1632210
1632300
1632420
1632450
1632590
1632630
1632650
1632670
1632820
1633020
1633050
1633090
1633100
1633350
1633370
1633410
1633490
1633550
1633780
1633830
1633930
1634110
1634070
1634270
1634280
1634300
1634330
1634340
1634380
1634390
1634600
1634900
1635080
1635410
1635460
1635480
1635490
1635500
1635520
1635550
1635580
1635640
1635630
1635650
1635750
1635830
1635890
1636150
1636170
1636190
1636250
1636350
1636410
1636460
1636620
1636900
1636930
1636990
1637000
1637110
1637160
1637180
1637400
1637550
1293370
1293480
1293670
1293660
1293740
1293850
1293860
1293940
1294220
1294260
1294320
1294380
1294910
1294920
1295290
1295280
1295480
1295700
1295910
1296010
1296250
1296370
1296410
1296400
1296480
1296500
1296680
1296940
1297000
1297190
1297540
1297650
1297810
1298000
1298130
1298220
1298320
1298340
1298360
1298390
1298420
1298540
1298700
1298770
1298880
1299010
1299120
1299150
1299330
1299340
1299540
1299600
1299990
1300110
1300140
1300260
1300330
1300350
1300370
1300560
1300570
1300590
1300610
1300880
1300910
1300920
1300950
1301010
1301060
1301290
1301500
1301730
1301990
1301880
1302030
1301430
1302190
1302110
1302200
1302290
1302400
1302430
1302470
1302480
1302490
1302510
1302550
1302620
1302700
1302800
1302910
1302990
1303010
1303170
1303270
1303280
1303400
1303630
1303640
1303790
1392280
1392410
1393210
1394040
1394060
1394090
1394210
1394240
1394400
1394460
1394520
1394540
1394550
1394570
1394600
1394650
1394780
1394880
1394990
1395040
1395230
1395250
1395480
1395510
1395660
1395750
1395710
1395920
1396170
1396350
1396870
1396540
1396950
1396970
1397050
1397060
1397280
1397390
1397470
1397580
1397690
1397940
1397830
1398120
1398130
1398220
1398300
1398420
1398820
1398890
1398950
1399030
1399140
1399200
1399210
1399600
1399910
1400060
1400140
1400150
1400190
1400360
1400480
1400520
1400610
1400650
1400660
1400700
1400710
1400750
1400920
1400970
1401110
1401200
1401630
1401670
1401750
1401940
1402060
1402380
1402440
1402600
1402650
1402780
1402820
1402960
1403030
1403040
1403130
1403230
1403280
1403400
1403550
1403850
1403940
1403990
1404030
1404070
1404130
1404300
1518530
1518480
1518560
1518650
1518800
1518860
1518910
1518990
1519000
1519110
1519060
1519180
1520440
1520470
1520600
1520780
1520740
1520830
1520840
1520880
1521010
1521040
1521020
1521100
1521230
1521250
1521260
1521330
1521290
1521750
1521390
1521820
1521780
1521960
1521900
1522020
1522170
1522030
1522620
1522630
1522640
1522700
1522800
1522810
1522970
1522990
1523100
1523240
1523040
1523350
1523330
1523420
1523520
1523690
1523630
1523750
1523780
1523870
1523940
1524010
1524150
1524190
1524230
1524550
1524620
1525060
1524920
1525160
1525270
1525290
1525390
1525560
1525530
1525600
1525640
1525740
1525750
1525920
1525990
1526230
1526190
1526300
1526260
1526380
1526320
1526430
1526490
1526540
1526580
1526650
1526890
1526700
1526900
1526920
1527010
1526930
1527460
1527350
1527640
1527470
1565240
1565320
1565420
1565560
1565610
1565630
1565710
1565760
1565770
1565890
1565900
1565960
1565990
1566040
1566050
1566220
1566440
1566460
1566450
1566680
1566710
1566810
1566830
1566840
1567260
1567380
1567410
1567450
1567480
1567530
1567570
1567650
1567720
1567840
1567850
1567880
1567910
1567920
1568060
1568210
1568420
1568320
1568460
1568470
1568480
1568520
1568560
1568530
1568600
1568650
1568890
1569100
1569130
1569210
1569240
1569290
1569350
1569420
1569730
1569750
1569880
1569900
1569980
1570100
1570150
1570220
1570240
1570260
1570310
1570320
1570350
1570490
1570450
1570500
1570600
1570610
1570630
1570660
1570680
1570790
1570800
1570830
1570860
1570940
1570980
1571020
1571130
1571160
1571170
1571230
1571260
1571280
1571330
1571430
1571450
1571560
1571570
1571770
1571700
1571780
1303850
1303870
1303940
1303930
1304050
1304120
1304290
1304350
1304390
1304400
1304430
1304510
1304520
1304530
1304610
1304660
1304800
1305150
1305080
1305180
1305190
1305250
1305270
1305430
1305590
1305640
1305890
1306060
1306240
1306250
1306790
1306910
1306990
1307110
1307180
1307220
1307330
1307310
1307460
1307670
1307850
1307870
1307980
1308140
1308350
1308410
1308420
1308450
1308470
1308500
1308770
1308870
1308920
1309170
1309300
1309340
1309350
1309460
1309510
1309700
1309720
1309990
1311210
1311150
1311220
1311250
1311300
1311400
1311460
1311650
1311830
1311960
1312000
1312160
1312240
1312470
1312510
1312740
1312900
1313200
1313330
1313290
1313360
1313400
1313630
1313810
1313970
1314160
1314090
1314170
1314600
1314630
1314680
1314840
1314820
1315040
1315180
1315220
1315320
1315360
1404330
1404450
1404520
1404790
1404970
1405050
1405090
1405670
1405780
1405810
1405930
1406090
1406150
1406240
1406260
1406340
1406350
1406570
1407100
1407090
1407450
1407790
1407640
1408000
1408040
1408050
1408090
1408130
1408200
1408300
1408240
1408310
1408420
1408470
1408490
1408550
1408630
1409350
1409760
1409780
1410200
1409840
1410770
1410810
1411370
1411380
1411410
1411630
1411670
1411810
1412080
1412220
1412150
1412260
1412640
1412740
1412810
1412870
1412980
1412990
1413170
1413780
1413900
1413930
1414060
1414030
1414410
1414430
1414520
1414570
1414700
1414720
1414790
1414770
1414840
1414910
1414930
1415470
1415590
1415600
1415630
1415840
1415870
1416020
1416070
1416140
1416210
1416220
1416290
1416360
1416480
1416820
1416940
1417170
1417230
1417310
1417400
1417320
1417450
1417570
1637560
1637570
1637680
1637700
1637920
1637930
1638210
1638270
1638290
1638710
1638880
1638910
1638970
1638990
1639180
1639200
1639210
1639230
1639300
1639440
1639480
1639490
1639510
1639630
1639700
1639710
1639780
1639830
1639850
1639900
1640110
1640220
1640230
1640260
1640350
1640410
1640450
1640490
1640540
1640660
1640700
1640790
1640820
1640930
1640990
1641010
1641040
1641100
1641190
1641570
1641770
1641860
1641870
1641930
1642040
1642160
1642400
1642420
1642430
1642630
1642640
1642730
1642790
1642970
1643010
1643030
1643100
1643220
1643450
1643560
1643650
1643670
1643800
1643840
1644000
1644220
1644430
1644560
1644580
1644600
1644820
1644910
1644950
1644970
1645050
1645060
1645110
1645120
1645300
1645560
1645660
1645670
1645700
1645880
1645910
1645920
1646000
1646050
1646290
1646440
1527890
1527930
1528680
1528780
1528910
1529180
1529220
1529240
1529350
1529250
1529640
1529800
1529910
1529990
1530070
1530000
1530190
1530360
1530370
1530540
1530450
1530660
1530690
1530790
1531290
1531340
1531580
1531460
1531590
1532060
1532120
1532150
1532190
1532250
1532270
1532440
1532640
1532790
1532780
1533060
1532870
1533160
1533530
1533550
1533570
1533610
1533580
1533860
1533650
1533880
1533910
1533970
1534000
1534050
1534040
1534200
1534250
1534240
1534340
1534300
1534420
1534450
1534590
1534620
1534640
1534690
1534720
1535000
1534950
1535100
1535030
1535170
1535110
1535210
1535320
1535240
1535520
1535460
1535630
1536260
1535810
1536420
1536440
1536470
1536590
1536600
1536620
1536660
1536730
1536740
1536750
1536770
1538340
1538470
1538490
1538840
1538990
1539060
1539160
1539710
1315370
1315410
1315620
1315650
1315660
1315890
1316060
1316130
1316200
1316290
1316380
1316640
1316720
1316950
1317800
1318090
1318180
1318420
1318480
1318530
1318800
1318820
1318980
1318870
1318990
1319060
1319100
1319160
1319270
1319400
1319530
1319570
1319690
1320240
1320440
1320500
1320520
1320530
1321040
1321110
1321650
1322080
1322090
1322280
1322740
1323060
1323080
1323140
1323190
1323200
1323350
1323370
1323610
1323830
1323860
1323870
1324040
1324410
1324720
1324860
1325960
1327100
1327370
1327450
1327600
3698680
1328430
1328490
1328780
1328850
1328910
1328930
1329490
1329630
1329850
1330010
1330360
1330390
1330430
1330500
1330670
1330770
1330830
1331030
1331040
1331180
1331330
1331340
1331370
1331460
1418190
1418380
1418460
1418490
1418650
1418830
1419360
1419770
1420120
1419850
1420320
1421020
1421190
1421380
1421350
1421390
1421520
1421710
1422000
1422050
1422080
1422270
1422280
1422520
1422610
1422620
1423000
1423140
1423180
1423230
1423340
1423410
1423420
1423670
1423540
1423820
1423830
1423970
1423980
1424120
1424130
1424190
1424380
1424400
1424420
1424500
1424540
1424560
1424650
1424910
1424960
1425010
1425000
1425050
1425170
1425260
1425300
1425390
1425580
1425590
1425670
1426090
1426340
1426400
1426560
1426580
1426870
1427100
1427290
1427130
1427320
1427700
1427780
1428060
1428090
1428130
1428150
1428160
1428180
1428320
1428340
1428360
1428460
1428610
1428530
1428630
1428650
1428880
1429080
1429130
1429160
1429260
1429630
1429680
1429730
1429740
1429880
1430020
1430280
1430320
1571820
1571860
1571890
1571930
1572150
1572460
1572790
1572800
1572850
1572880
1572930
1572950
1573110
1573220
1573290
1573330
1573410
1573460
1573560
1573590
1573760
1573800
1573890
1573950
1574110
1574130
1574400
1574500
1574570
1574590
1574720
1574700
1574770
1574910
1574990
1575100
1575230
1575260
1575320
1575480
1575380
1575730
1575750
1576020
1576000
1576050
1576080
1576110
1576140
1576190
1576210
1576300
1576400
1576500
1576560
1576620
1576640
1576660
1576770
1576840
1576780
1576850
1576860
1576900
1576930
1576960
1576970
1576980
1577080
1577150
1577180
1577230
1577260
1577680
1577730
1577900
1578220
1578240
1578430
1578440
1578450
1578520
1578730
1578920
1578940
1578970
1579020
1579140
1579170
1579210
1579270
1579250
1579260
1579330
1579340
1579550
1579570
1579610
1579650
1579690
1646470
1646520
1646570
1646610
1646770
1646800
1646910
452420
1647010
1647020
1647220
1647360
1647460
1647640
1647660
1647670
1648080
1648200
1648310
1648340
1648360
1648560
1648700
1648720
1648760
1648840
1649270
1649290
1649420
1649500
1649670
1649730
1650110
1650180
1650200
1650210
1650290
1650360
1650370
1650400
1650410
1650570
1650600
1650820
1650910
1650920
1650970
1651230
1651260
1651300
1651400
1651430
1651520
1651750
1652000
1652050
1652220
1652320
1652460
1470670
1470680
1470690
1470740
1470790
1470870
1470940
1471270
1471320
1471570
1471580
1471980
1472040
1472330
1472430
1473070
1473060
1473130
1473250
1473270
1473640
1473780
1473830
1474220
1474280
1474300
1474550
1474570
1474700
1474790
1474990
1475100
1475200
1475310
1475940
1476080
1476220
1476360
1476390
1476400
1476870
1539650
1539720
1539760
1539740
1539780
1539800
1539860
1539870
1539950
1540010
1540200
1540130
1540000
1540340
1540330
1540370
1540360
1540600
1540480
1540690
1540670
1540720
1540700
1540760
1540890
1540960
1540990
1541030
1541050
1541110
1541160
1541200
1541340
1541210
1541370
1541650
1541720
1541400
1541730
1541750
1541860
1541890
1542080
1542330
1542580
2737070
1542610
3207670
1542640
1542770
1542870
1542910
1542990
1543020
1542980
1543280
1543530
1543590
1543610
1543720
1543800
1543790
1543810
1543960
1543890
1544040
1544110
1544220
1544250
1544150
1544300
1544370
1544390
1544430
1544420
1544630
1544640
1544700
1544810
1544820
1544850
1544860
1545000
1545020
1545040
1545080
1545380
1545510
1545520
1545600
1545810
1545970
1546000
1546010
1546070
1546080
1546120
1546140
1546160
1546190
2132080
2132160
2132190
2132220
2132260
2132270
2132310
2132370
2132380
2132410
2132570
2132520
2132620
2132680
2132860
2132900
2132950
2132970
2133110
2133170
2133180
2133500
2133520
2133570
2133580
2133620
2133650
2133760
2133770
2133810
2133830
2133850
2133970
2134050
2134100
2134120
2134140
2134270
2134280
2134400
2134370
2134470
2134510
2134530
2134680
2134690
2134720
2134780
2134850
2134910
2134960
2134970
2134980
2135000
2135190
2135150
2135280
2135350
2135380
2135540
2135560
2135570
2135600
2135650
2135740
2135800
2135810
2135830
2135860
2135870
2135920
2136060
2136110
2136170
2136180
2136280
2136300
2136340
2136380
2136390
2136420
2136430
2136620
2136470
2136690
2136770
2136800
2136810
2136820
2136990
2137090
2137150
2137190
2137200
2137260
2137280
2137300
2137350
2137400
2137430
1430350
1430530
1430670
1430820
1430930
1431350
1431370
1431610
1431630
1431730
1431890
1432250
1432000
1432290
1432110
1432310
1432430
1432810
1433070
1433110
1433430
1433480
1433960
1433910
1434050
1434140
1434340
1434470
1434550
1434620
1434730
1434760
1434840
1434850
1434890
1434910
1434970
1435090
1435100
1435370
1435420
1435540
1435590
1435660
1435700
1436940
1437020
1437060
1437100
1437200
1437580
1437710
1437790
1438280
1438450
1438680
1438710
1438750
1438830
1438940
1438950
1439220
1439270
1439790
1439800
1439960
1439980
1440720
1440570
1440790
1440810
1440910
1441040
1441100
1441160
1441300
1441400
1441500
1441520
1441530
1441750
1441830
1441850
1442050
1442190
1442430
1442450
1442470
1442480
1442530
1442590
1442610
1443160
1443250
1443310
1443330
1443500
1443620
1444080
1444170
1476930
1476940
1477000
1477040
1477010
1477080
1477070
1477120
1477250
1477420
1477850
1477970
1478050
1478070
1478440
1478470
1478540
1479010
1479090
1479100
1479120
1479210
1480210
1480220
1480260
1480440
1480480
1480570
1480540
1480690
1480860
1480870
1480930
1480960
1480970
1480990
1481000
1481160
1481150
1481170
1481370
1481480
1481730
1481880
1481960
1482240
1482400
1482420
1482470
1482480
1482500
1482540
1482660
1482690
1482780
1482790
1482850
1483380
1483390
1483430
1483580
1483750
1483970
1483990
1484010
1484180
1484610
1484750
1484940
1484970
1486000
1487120
1487180
1487300
1487420
1487480
1487730
1487740
1487750
1487840
1487860
1487970
1488060
1488070
1488110
1488150
1488160
1488220
1488310
1488440
1488500
1488510
1488530
1488700
1488730
1488750
1488810
1489220
1489310
1490500
1546240
1546270
1546450
1546520
1546620
1546690
1546750
1546760
1546770
1546820
1546830
1546890
1546900
1546910
1547070
1547010
1547130
1547110
1547150
1547220
1547230
1547280
1547310
1547320
1547330
1547360
1547480
1547490
1547540
1547590
1547620
1547580
1547870
1547730
1547880
1547920
1547980
1548060
1548110
1548030
1548130
1548300
1548600
1548430
1548620
1549210
1549990
1552160
1552270
1553990
1554170
1554320
1554400
1554440
1554510
1554520
1554590
1554610
1554860
1554920
1555230
1555310
1555330
1555410
1555420
1555470
1555500
1555540
1555790
1555900
1555910
1555930
1555940
1556180
1556190
1556230
1556270
1556340
1556350
1556360
1556370
1556400
1556420
1556480
1556560
1556770
1556850
1557060
1557070
1557140
1557190
1557340
1557360
1557460
1557470
1557820
1558030
1558060
1558110
1558200
1579730
1579890
1580020
1580090
1580140
1580250
1580290
1580420
1580430
1580800
1580830
1580850
1580860
1580870
1580980
1580960
1580990
1581060
1581090
1581220
1581250
1581280
1581300
1581380
1581410
1581440
1581470
1581490
1581590
1581790
1581850
1582120
1582180
1582200
1582300
1582320
1582600
1582610
1582630
1582700
1582780
1582800
1582810
1582900
1582980
1583020
1583090
1583180
1583210
1583240
1583290
1583300
1583330
1583360
1583450
1583540
1583600
1583610
1583650
1583660
1583690
1583730
1583770
1583880
1583870
1583960
1583990
1584070
1584080
1584150
1584190
1584240
1584300
1584330
1584360
1584410
1584430
1584500
1584460
1584720
1584810
1584920
1585100
1585120
1585200
1585240
1585310
1585410
1585400
1585430
1585530
1585680
1585720
1585920
1585990
1586010
1586220
1586680
1586710
1586740
1444390
1444420
1444510
1444550
1444610
1445010
1445190
1445260
1445890
1446050
1446200
1446310
1446340
1446410
1446640
1446690
1446830
1446900
1446950
1447160
1447210
1447260
1447280
1447300
1447650
1447590
1447700
1447820
1447970
1448060
1448140
1448180
1448190
1448200
1448220
1448320
1448450
1448520
1448540
1448560
1448590
1448740
1448820
1448950
1448960
1449060
1449140
1449190
1449480
1449550
1449570
1449590
1450020
1450070
1450190
1450200
1450620
1451220
1451420
1451440
1451650
1451470
1451680
1451760
1451800
1451890
1451980
1452250
1453000
1453030
1453140
1453250
1453400
1453430
1453600
1453990
1454340
1454360
1454660
1454800
1454960
1455390
1455490
1455910
1456220
1456250
1456410
1456580
1456980
1457070
1457470
1457500
1457690
1457730
1499280
1499300
1499310
1499450
1499720
1499900
1500280
1500290
1500320
1500370
1500400
1500500
1500410
1500530
1500580
1500590
1500650
1500660
1500760
1500870
1500880
1500910
1500960
1501110
1501140
1501160
1501470
1501490
1501510
1501520
1501540
1501640
1501730
1501740
1501780
1501820
1508010
1508040
1508050
1508190
1508340
1508500
1510590
1510720
1510740
1510810
1510820
1510840
1510860
1510880
1511260
1511280
1511310
1511450
1511480
1511660
1511560
1511740
1511790
1511800
1511940
1512070
1512100
1512280
1512450
1512510
1512730
1516120
1516130
1516360
1516450
1516870
1519150
1519200
1519240
1519280
1519340
1519670
1519680
1519730
1519780
1519880
1519920
1519940
1519950
1520010
1520000
1520110
1520130
1520200
1520290
1520360
1520420
1520520
1520590
1520610
1525250
1525350
1526550
1527650
2137510
2137520
2137570
2137540
2137610
2137580
2137620
2137660
2137670
2137680
2137880
2137900
2137920
2137950
2138000
2138050
2138150
2138190
2138400
2138410
2138450
2138510
2138520
2138560
2138670
2138740
2138780
2138820
2138840
2138850
2138860
2139040
2139100
2139320
2139180
2139330
2139370
2139410
2139440
2139520
2139580
2139630
2139690
2139770
2139820
2139830
2139840
2139850
2139890
2140050
2140070
2140090
2140150
2140180
2140210
2140200
2140310
2140410
2140460
2140470
2140480
2140520
2140540
2140550
2140570
2140590
2140600
2140620
2140680
2140740
2140810
2140840
2140880
2140960
2140980
2141000
2141140
2141180
2141280
2141330
2141350
2141460
2141490
2141550
2141560
2141620
2141650
2141740
2141790
2141850
2141900
2142040
2142100
2142110
2142370
2142380
2142390
2142420
2142400
2142430
1586830
1587070
1586860
1587100
1587170
1587210
1587220
1587290
1587360
1587380
1587440
1587460
1587490
1587500
1587570
1587600
1587820
1587830
1587870
1587930
1587950
1588120
1588090
1588130
1588180
1588160
1588520
1588530
1588540
1588600
1588610
1588670
1588730
1588780
1588790
1588860
1588870
1589060
1589070
1589240
1589270
1589300
1589330
1589430
1589470
1589550
1589590
1589660
1589610
1589760
1589790
1589830
1590160
1590260
1590390
1590420
1590450
1590430
1590640
1590720
1590770
1590870
1590850
1590920
1590950
1590970
1591020
1591160
1591180
1591200
1591250
1591280
1591340
1591410
1591560
1591760
1591820
1591850
1591910
1592160
1592200
1592590
1592580
1592650
1592680
1592710
1592860
1592900
1592920
1592950
1592980
1593010
1593060
1593370
1593510
1593570
1593650
1593880
1593980
1593990
2186660
2186670
2186690
2186800
2186730
2186820
2186940
2186950
2187030
2187050
2187190
2187320
2187340
2187390
2187450
2187640
2187610
2187690
2187730
2187860
2188010
2188030
2188230
2188300
2188670
2188710
2188740
2188790
2188820
2188840
2188860
2188870
2189050
2189120
2189150
2189200
2189230
2189260
2189310
2189350
2189370
2189430
2189450
2189580
2189590
2189620
2189630
2189790
2189810
2189850
2189930
2190030
2190070
2190080
2190120
2190130
2190150
2190170
2190180
2190300
2190370
2190380
2190410
2190460
2190500
2190570
2190840
2190950
2190900
2190960
2190980
2191050
2191140
2191160
2191180
2191200
2191210
2191220
2191260
2191280
2191320
2191450
2191570
2191590
2191660
2191690
2191890
2192020
2192070
2192080
2192120
2192220
2192240
2192260
2192280
2192330
2192400
2192460
2192570
2192780
1527960
1528000
1528010
1528030
1528060
1528080
1528090
1528100
1528230
1528280
1528290
1528330
1528430
1528470
1528530
1528540
1528590
1528610
1528710
1528900
1528960
1529040
1529100
1529260
1530250
1530710
1532410
1536830
1537010
1537160
1537320
1537330
1537440
1537470
1537490
1537540
1537570
1537590
1537630
1537700
1537920
1537810
1538010
1538300
1538380
1538400
1538580
1538710
1539040
1539050
1539240
1540250
1540730
1548630
1548660
1548780
1548810
1548870
1548880
1548890
1549070
1549120
1549200
1549140
1549370
1549440
1549520
1549570
1549720
1549760
1549780
1549830
1549870
1550050
1550110
1550150
1550130
1550190
1550230
1550330
1550400
1550430
1550480
1550520
1550560
1550600
1550650
1550660
1550710
1550800
1550820
1550830
1550850
1550880
1550890
1550920
1550950
1551000
1551020
1551200
2235240
2235360
2235350
2235370
2235390
2235400
2235430
2235450
2235490
2235550
2235570
2235730
2235780
2235800
2236060
2236100
2236170
2236190
2236220
2236900
2236930
2237000
2237070
2237090
2237120
2237150
2237210
2237220
2237260
2237270
2237280
2237320
2237440
2237460
2237470
2237520
2237710
2237700
2237740
2237760
2237770
2237810
2237950
2237840
2237870
2238010
2238070
2238080
2238110
2238160
2238170
2238210
2238230
2238270
2238310
2238320
2238350
2238400
2238410
2238510
2238620
2238630
2238710
2238760
2238850
2238860
2238990
2238980
2239190
2239130
2239200
2239230
2239420
2239450
2239490
2239750
2239830
2239800
2239840
2239860
2239870
2239930
2239960
2239990
2240150
2240170
2240200
2240240
2240300
2240390
2240450
2240440
2240660
2240890
2240940
2241000
2241180
2241510
2241380
2241550
2142440
2142460
2142450
2142530
2142490
2142550
2142570
2142610
2142660
2142680
2142710
2142870
2142890
2142780
2142960
2143000
2143020
2143030
2143050
2143090
2143190
2143200
2143250
2143280
2143330
2143380
2143390
2143500
2143550
2143600
2143660
2143700
2143710
2143740
2143760
2143770
2143790
2143840
2143930
2143980
2144010
2144020
2144100
2144120
2144130
2144240
2144290
2144330
2144410
2144420
2144510
2144500
2144560
2144580
2144670
2144590
2144610
2144680
2144800
2144810
2144870
2144990
2145030
2145050
2145090
2145130
2145160
2145170
2145210
2145280
2145290
2145330
2145460
2145480
2145510
2145640
2145710
2145830
2145850
2145860
2145880
2145950
2145980
2146050
2146100
2146140
2146270
2146280
214630
2146310
2146320
2146390
2146430
2146470
2146550
2146560
2146610
2146760
2146770
2146790
1594010
1594100
1594110
1594130
1594190
1594200
1594220
1594280
1594360
1594390
1594480
1594690
1594760
1594720
1594800
1594830
1594850
1594860
1594960
1594990
1595010
1595020
1595030
1595110
1595120
1595100
1595170
1595160
1595230
1595310
1595340
1595390
1595400
1595460
1595470
1595540
1595740
1595780
1595790
1595810
1595890
1595850
1595970
1596010
1596080
1596090
1596180
1596190
1596230
1596290
1596330
1596350
1596360
1596400
1596430
1596450
1596580
1596810
1596850
1596920
1597020
1597090
1597070
1597160
1597210
1597250
1597260
1597520
1597530
1597600
1597640
1597610
1597710
1597750
1597770
1597790
1597800
1597910
1597930
1597960
1597970
1597980
1598130
1598150
1598180
1598270
1598300
1598650
1598880
1599070
1599000
1599110
1599450
1599420
1599490
1599540
1599610
1599830
1599850
1599910
2241540
2241360
2241230
2241520
2241220
2241130
2241440
2241660
2241860
2241990
2241740
2241920
2241760
2241790
2241710
2241880
2241620
2241580
2242000
2241770
2241610
2241590
2242180
2242340
2242320
2242270
2242200
2242290
2242430
2242050
2242360
2242240
2242090
2242440
2242110
2242080
2242070
2242630
2242600
2242810
2242820
2242660
2242930
2243000
2242890
2242500
2242750
2243130
2243580
2243470
2243850
2243950
2243330
2243700
2243320
2243380
2243570
2243690
2244100
2244160
2244010
2244110
2244020
2243990
2244360
2244050
2244170
2244300
2244350
2244030
2244040
2244380
2244610
2244460
2244690
2244580
2244530
2244520
2244660
2244400
2244540
2244620
2244650
2244900
2244780
2244860
2244770
2244700
2244830
2244800
2244810
2245020
2244930
2245010
2245030
2245130
2245080
2245210
2245450
2245300
2192800
2193120
2193040
2193130
2193150
2193170
2193190
2193370
2193400
2193510
2193530
2193630
2193690
2193730
2193770
2194050
2194070
2194090
2194200
2194240
2194290
2194480
2194510
2194540
2194560
2194610
2194640
2194700
2194780
2194790
2194810
2194820
2194880
2194910
2194940
2195030
2195040
2195070
2195090
2195140
2195160
2195190
2195220
2195340
2195360
2195450
2195490
2195500
2195510
2195520
2195550
2195590
2195660
2195670
2195680
2195690
2195710
2195720
2195780
2195790
2195820
2195890
2195910
2195960
2195970
2196020
2196030
2196060
2196100
2196170
2196110
2196190
2196240
2196270
2196320
2196340
2196350
2196410
2196430
2196440
2196490
2196530
2196590
2196680
2196740
2196750
2196770
2196810
2196840
2196910
2197000
2197060
2197140
2197160
2197170
2197230
2197280
2197310
2197330
2197370
1551190
1551260
1551270
1551370
1551460
1551510
1551550
1551560
1551600
1551620
1551640
1551650
1551700
1551720
1551750
1551760
1551890
1552050
1552020
1552060
1552140
1552210
1552260
1552300
1552500
1552520
1552530
1552650
1552680
1552730
1552790
1552830
1552890
1552920
1552930
1552950
1553150
1553130
1553160
1553170
1553180
1553460
1553500
1553520
1553540
1553560
1553590
1553640
1553660
1553810
1553850
1553870
1553910
1553950
1553960
1553980
1554070
1554130
1554270
1570840
3350200
2812420
2115980
2116040
2116060
2116080
2116150
2116170
2116180
2116190
2116210
2116200
2116290
2116300
2116350
2116380
2116390
2116430
2116460
2116510
2116590
2116610
2116620
2116690
2116700
2116710
2116750
2116760
2116770
2116780
2116860
2117110
2117120
2117140
2117160
2117170
2117190
2117210
2117230
2117240
2146940
2146970
2147020
2147030
2147110
2147200
2147290
2147310
2147330
2147380
2147410
2147550
2147560
2147600
2147620
2147670
2147680
2147700
2147710
2147740
2147830
2147900
2147980
2147990
2148010
2148030
2148070
2148080
2148110
2148120
2148190
2148210
2148400
2148510
2148590
2148770
2148780
2148790
2148850
2148940
2148930
2148970
2148990
2149240
2149070
2149270
2149340
2149370
2149430
2149490
2149520
2149610
2149630
2149710
2149880
2149840
2149990
2150020
2150060
2150090
2150100
2150120
2150150
2150200
2150210
2150300
2150390
2150460
2150490
2150530
2150560
2150740
2150770
2150810
2150820
2150840
2150850
2150890
2150900
2150970
2151010
2151140
2151150
2151320
2151370
2151410
2151420
2151480
2151490
2151530
2151600
2151640
2151810
2151840
2151850
2151860
2151910
2151920
2152060
2152080
1599990
1599980
1600070
3527290
1600240
1600320
1600450
1600580
1600640
1600670
1600700
1600750
1600810
1600930
1600950
1600960
1601000
1601020
1601130
1601170
1601260
1601320
1601330
1601540
1601590
1601600
1601630
1601700
1601750
1601770
1601800
1601810
1601860
1601870
1601910
1601950
1601990
1602030
1602090
1602140
1602160
1602170
1602340
1602510
1602520
1602550
1602570
1602620
1602740
1602750
1602760
1602840
1602920
1602930
1603210
1602970
1603310
1603460
1603470
1603520
1603590
1603630
1603650
1603750
1603800
1603860
1603870
1603900
1603950
1603990
1604050
1604210
1604420
1604730
1604630
1604610
1604750
1604780
1604820
1604930
1605040
1605030
1605120
1605140
1605150
1605230
1605240
1605270
1605340
1605420
1605460
1605500
1605640
1605710
1605680
1605760
1606000
1606510
1606630
1606680
2197410
2197430
2197500
2197510
2197530
2197540
2197580
2197600
2197690
2197750
2197740
2197790
2197870
2197930
2197990
2198000
2198110
2198120
2198250
2198280
2198290
2198310
2198370
2198390
2198400
2198410
2198430
2198540
2198650
2198690
2198730
2198770
2198820
2198830
2198890
2198920
2198980
2199000
2199060
2199120
2199130
2199180
2199280
2199290
2199300
2199350
2199380
2199390
2199410
2199640
2199790
2199830
2199820
2199890
2199860
2199950
2199980
2200060
2200100
2200170
2200220
2200230
2200240
2200250
2200270
2200320
2200340
2200530
2200590
2200600
2200770
2200700
2200790
2200820
2200860
2200900
2200910
2200940
2200930
2201000
2201020
2201230
2201420
2201450
2201470
2201500
2201540
2201560
2201620
2201680
2201700
2201910
2202000
2201930
2202010
2202070
2202150
2202200
2202220
2202240
2245470
2245330
2245430
2245370
2245320
2245460
2245420
2245180
2245480
2245820
2245850
2245900
2245780
2245670
2245700
2245610
2245510
2245630
2245960
2245500
2245620
2246010
2246360
2246250
2246180
2246370
2245980
2246300
2246030
2246350
2246410
2246490
2246510
2246560
2246520
2246530
2246780
2246810
2246790
2246820
2246570
2246640
2246710
2246590
2246940
2246840
2247360
1964860
1964890
1964930
1964980
1965020
1965050
1965090
1965140
1965280
1965270
1965290
1965320
1965350
1965370
1965380
1965430
1965440
1965470
1965480
1965560
1965550
1965620
1965660
1965760
1965780
1965790
1965890
1965870
1965980
1966180
1966240
1966280
1966330
1966380
1966390
1966560
1966610
1966620
1966660
1966770
1966780
1966810
1966830
1966840
1966940
1966860
1967010
1967040
1967050
1967110
1967170
1967180
1967200
2117290
2117300
2117320
2117370
2117410
2117430
2117450
2117510
2117520
2117790
2117930
2117940
2118000
2118030
2118040
2118060
2118120
2118230
2118320
2118330
2118380
2118520
2118540
2118550
2118570
2118680
2118690
2118810
2118890
2118900
2118940
2119010
2119080
2119390
2119240
2119570
2119550
2119620
2119630
2119850
2119830
2119880
2120050
2119960
2120070
2120100
2120110
2120130
2120140
2120220
2120270
2120300
2120440
2120560
2120640
2120650
2120660
2120790
2120810
2120820
2120840
2120850
2120870
2120880
2120960
2121040
2121050
2121090
2121120
2121130
2121150
2121170
2121180
2121220
2121320
2121350
2121390
2121450
2121480
2121490
2121530
2121550
2121570
2121640
2121710
2121720
2121740
2121790
2121910
2121930
2121990
2122010
2122080
2122090
2122100
2122110
2122180
2122190
2122230
2122360
2152090
2152100
2152120
2152180
2152250
2152270
2152290
2152300
2152350
2152460
2152540
2152580
2152590
2152740
2152750
2152780
2152830
2152900
2152940
2152960
2152970
2153040
2153090
2153130
2153160
2153240
2153250
2153280
2153290
2153300
2153320
2153420
2153480
2153500
2153600
2153690
2153710
2153810
2153840
2153920
2154130
2154190
2154270
2154330
2154380
2154430
2154470
2154490
2154520
2154660
2154750
2154730
2154780
2154790
2154830
2154870
2154940
2154950
2155020
2155030
2155060
2155130
2155270
2155320
2155350
2155370
2155460
2155480
2155490
2155500
2155570
2155660
2155710
2155720
2155730
2155740
2155750
2156350
2156330
2156390
2156440
2156480
2156540
2156550
2156610
2156630
2156790
2156810
2156890
2156950
2156980
2157110
2157190
2157230
2157250
2157260
2157290
2157500
2157510
2157760
1967220
1967310
1967470
1967530
1967630
1967680
1967700
1967810
1967850
1967930
1967980
1968110
1968140
1968160
1968180
1968190
1968210
1968290
1968340
1968360
1968390
1968400
1968420
1968440
1968500
1968520
1968540
1968670
1968680
1968720
1968820
1968830
1968940
1968950
1969010
1969040
1969050
1969100
1969150
1969170
1969230
1969250
1969260
1969400
1969430
1969490
1969570
1969590
1969630
1969810
1969840
1969920
1969930
1969960
1970010
1970040
1970090
1970070
1970220
1970290
1970260
1970340
1970400
1970510
1970560
1970590
1970610
1970620
1970640
1970710
1970770
1970850
1970910
1970970
1971120
1971130
1971150
1971240
1971310
1971350
1971430
1971480
1971520
1971570
1971590
1971670
1971680
1971760
1971770
1971800
1971830
1971810
1971900
1971910
1971930
1971940
1972020
1972090
1972160
1972200
2202320
2202380
2202400
2202480
2202690
2202580
2202770
2202850
2202880
2202890
2202900
2202910
2202930
2202980
2203130
2203140
2203200
2203100
2203270
2203290
2203410
2203370
2203530
2203540
2203550
2203580
2203590
2203720
2203770
2203800
2203820
2203830
2203850
2203890
2203900
2203920
2203930
2203990
2204160
2204190
2204210
2204220
2204360
2204350
2204400
2204410
2204430
2204450
2204470
2204480
2204490
2204540
2204560
2204570
2204600
2204620
2204650
2204750
2204770
2204810
2204820
2204850
2204880
2204910
2204920
2204950
2204990
2205020
2205010
2205090
2205190
2205320
2205330
2205410
2205420
2205520
2205550
2205570
2205610
2205600
2205630
2205640
2205660
2205650
2205680
2205690
2205750
2205800
2205860
2205880
2205930
2205960
2206000
2206160
2206310
2206380
2206390
2206400
2206500
2206530
2122470
2122550
2122570
2122590
2122640
2122680
2122700
2122770
2122780
2122830
2122840
2122880
2122890
2122910
2122980
2123020
2123030
2123050
2123110
2123150
2123230
2123290
2123300
2123330
2123390
2123400
2123430
2123450
2123630
2123650
2123680
2123850
2123920
2123940
2123990
2124000
2124010
2124100
2124150
2124110
2124200
2124360
2124460
2124480
2124500
2124560
2124640
2124690
2124740
2124760
2124800
2124910
2124930
2125050
2125110
2125140
2125150
2125190
2125230
2125320
2125350
2125370
2125410
2125430
2125460
2125480
2125500
2125720
2125810
2125820
2125870
2125880
2125900
2125920
2125950
2126020
2126090
2126190
2126200
2126250
2126270
2126360
2126380
2126600
2126670
2126680
2126770
2126810
2126830
2126860
2126940
2127030
2126960
2127240
2127330
2127340
2127350
2127470
2127570
2127700
1606790
1606870
1606890
1606970
1606990
1607000
1607110
1607140
1607190
1607300
1607450
1607560
1607580
1607640
1607720
1607760
1607780
1607800
1607820
1607870
1607930
1608010
1608090
1608130
1608180
1608330
1608360
1608370
1608410
1608530
1608560
1608710
1608670
1608720
1608770
1608780
1608810
1608920
1609020
1609010
1609130
1609270
1609310
1609460
1609370
1609540
1609660
1609710
1609730
1609740
1609760
1609950
1609990
1610000
1610020
1610120
1610180
1610190
1610310
1610450
1610430
1610910
1610960
1611020
1611440
1611830
1611840
1611950
1611970
1611990
1612000
1612100
1612220
1612400
1612430
1612470
1612520
1612560
1612580
1612590
1612750
1612770
1612870
1612980
1613100
1613150
1613210
1613220
1613300
1613450
1613530
1613580
1613630
1613760
1614250
1614340
1614730
1614740
1614840
1614900
2157920
2157940
2158020
2157960
2158030
2158040
2158130
2158190
2158210
2158220
2158360
2158290
2158370
2158500
2158550
2158690
2158710
2158750
2158760
2158810
2158870
2158920
2159090
2159170
2159200
2159260
2159280
2159310
2159390
2159400
2159450
2159520
2159530
2159680
2159770
2159780
2159900
2159980
2160030
2160010
2160190
2160270
2160460
2160470
2160500
2160560
2160670
2160760
2160800
2160810
2161090
2161200
2161230
2161280
2161410
2161430
2161490
2161630
2161660
2161730
2161760
2161810
2161830
2161940
2161900
2161960
2161980
2162150
2162210
2162310
2162260
2162520
2162540
2162570
2162580
2162730
2163160
2163190
2163200
2163250
2163400
2163470
2163480
2163560
2163500
2163660
2163690
2163730
2164050
2164060
2164100
2164150
2164220
2164370
2164400
2164500
2164570
2164580
2164630
2164590
1972250
1972260
1972300
1972410
1972450
1972460
1972580
1972470
1972610
1972720
1972820
1972840
1972870
1972950
1972960
1972990
1972980
1973030
1973090
1973100
1973280
1973360
1973400
1973410
1973420
1973450
1973460
1973470
1973490
1973560
1973590
1973600
1973620
1973660
1973730
1973740
1973760
1973890
1973950
1973990
1974010
1974030
1974060
1974070
1974110
1974220
1974230
1974390
1974300
1974400
1974410
1974440
1974550
1974560
1974590
1974610
1975040
1975090
1975160
1975280
1975340
1975350
1975380
1975500
1975520
1975640
1975650
1975720
1975810
1975860
1975890
1976000
1975900
1976110
1976120
1976130
1976190
1976390
1976310
1976630
1976660
1976830
1976860
1976890
1976930
1976980
1977000
1977090
1977100
1977130
1977190
1977200
1977270
1977360
1977450
1977470
1977610
1977770
1977750
1977900
2206580
2206670
2206680
2206730
2206750
2206790
2206800
2206810
2206850
2206860
2206870
2206890
2207060
2207120
2207180
2207220
2207230
2207260
2207460
2207480
2207500
2207540
2207550
2207560
2207580
2207610
2207590
2207620
2207690
2207700
2207710
2207760
2207840
2207900
2207910
2207920
2207940
2207960
2207990
2208000
2208050
2208070
2208130
2208260
2208270
2208280
2208300
2208350
2208360
2208390
2208480
2208520
2208610
2208620
2208720
2208730
2208780
2208840
2208870
2208900
2208910
2208930
2208940
2208950
2208990
2209080
2209130
2209140
2209150
2209180
2209210
2209270
2209310
2209330
2209340
2209360
2209430
2209390
2209520
2209500
2209620
2209820
2209880
2209890
2209930
2209980
2210040
2210050
2210060
2210100
2210220
2210240
2210410
2210450
2210500
2210620
2210760
2210840
2210810
2210920
2127720
2127800
2127980
2127990
2128010
2128030
2128050
2128070
2128120
2128140
2128160
2128230
2128290
2128320
2128390
2128400
2128430
2128500
2128530
2128540
2128580
2128610
2128630
2128710
2128730
2128760
2128770
2128930
2128940
2128990
2129090
2129130
2129140
2129200
2129380
2129490
2129540
2129560
2129570
2129600
2129660
2129680
2129730
2129780
2129800
2129860
2129870
2129950
2130010
2130030
2130050
2130060
2130080
2130250
2130280
2130300
2130380
2130440
2130510
2130550
2130680
2130800
2130850
2130980
2131020
2131080
2131220
2131260
2131280
2131290
2131330
2131360
2131460
2131510
2131520
2131640
2131660
2131670
2131680
2131700
2131780
2131800
2131830
2131840
2131860
2131920
2131980
2132060
2132070
1614880
1614940
1615000
1615020
1615070
1615100
1615370
1615820
1615920
1615980
1616190
1616200
1616260
1616520
1616690
1616720
1616820
1617080
1617090
1617200
1617600
1617890
1617950
1618020
1618030
1618070
1618160
1618210
1618290
1618340
1618390
1618320
1618580
1618800
1619150
1619340
1619350
1619390
1619550
1619560
1619570
1619660
1619720
1619770
1619810
1619870
1619920
1620100
1620050
1620130
1620240
1620300
1620420
1620580
1620820
1620870
1621000
1621050
1621100
1621170
1621220
1621240
1621350
1621320
1621390
1621480
1621540
1621870
1621880
1621890
1621900
1621910
1621920
1621930
1621980
1622000
1622010
1622080
1622110
1622140
1622310
1622360
1622410
1622570
1622590
1622600
1622740
1622640
1622780
1622830
1622980
1622990
1623060
1623130
1623240
1623260
1623350
1623440
1623520
1623560
2164660
2164720
2164740
2164750
2164780
2164760
2164790
2164810
2164820
2164980
2165280
2165300
2165340
2165370
2165380
2165390
2165420
2165510
2165520
2165530
2165730
2165750
2165840
2166070
2166150
2166180
2166190
2166340
2166360
2166370
2166420
2166450
2166480
2166490
2166500
2166510
2166620
2166710
2166730
2166740
2166780
2166870
2166890
2166920
2166950
2166960
2166990
2167010
2167110
2167190
2167210
2167340
2167380
2167390
2167400
2167480
2167530
2167600
2167660
2167750
2167800
2167830
2167840
2167850
2167900
2167930
2167980
2167990
2168060
2168070
2168080
2168120
2168170
2168190
2168330
2168260
2168380
2168480
2168530
2168650
2168710
2168800
2168810
2168880
2169010
2168920
2169060
2169140
2169150
2169160
2169220
2169260
2169300
2169330
2169350
2169370
2169580
2169620
2169660
2169810
2211000
2211020
2211040
2211090
2211120
2211130
2211140
2211190
2211270
2211410
2211490
2211500
2211520
2211780
2211790
2211840
2211860
2211910
2211920
2211930
2211940
2211960
2212200
2212250
2212310
2212400
2212450
2212550
2212620
2212660
2212670
2212680
2212740
2212750
2212790
2212810
2212830
2212840
2212850
2213070
2213140
2213330
2213410
2213430
2213480
2213490
2213600
2213640
2213650
2213660
2213680
2213700
2213730
2213710
2213850
2213910
2213920
2213930
2213990
2214000
2214010
2214050
2214060
2214160
2214180
2214320
2214220
2214410
2214440
2214470
2214500
2214860
2214870
2214890
2214900
2214940
2214950
2215050
2214970
2215020
2215060
2215270
2215280
2215300
2215410
2215460
2215590
2215670
2215690
2216250
2216270
2216260
2216290
2216430
2216440
2216460
2216510
2216560
2216570
2216650
1977940
1978070
1978090
1978110
1978280
1978350
1978360
1978470
1978480
1978580
1978630
1978690
1978650
1978850
1978890
1978900
1979060
1979130
1979350
1979390
1979430
1979450
1979490
1979500
1979520
1979610
1979640
1979660
1979810
1979850
1979860
1979880
1979960
1980010
1979980
1980120
1980140
1980150
1980250
1980270
1980300
1980360
1980390
1980500
1980510
1980540
1980560
1980590
1980620
1980680
1980700
1980740
1980710
1980770
1980930
1980990
1981000
1981020
1981030
1981050
1981090
1981230
1981310
1981360
1981370
1981500
1981510
1981530
1981740
1981840
1981890
1981910
1982110
1982120
1982180
1982190
1982360
1982410
1982480
1982730
1982790
1982900
1982940
1983050
1983100
1983140
1983180
1983230
1983270
1983280
1983290
1983360
1983390
1983450
1983480
1983510
1983550
1983560
1983620
1983640
2004890
2005070
2005220
2005230
2005240
2005350
2005480
2005490
200550
2005570
2005580
2005670
2005690
2005710
2005760
2005870
2005820
2005900
2005910
2005930
2005990
2006050
2006110
2006120
2006160
2006190
2006200
2006210
2006260
2006300
2006340
2006390
2006430
2006450
2006460
2006470
2006490
2006540
2006580
2006640
2006840
2006990
2007010
2007050
2007070
2007100
2007150
2007180
2007240
2007270
2007300
2007460
2007480
2007590
2007740
2007920
2007930
2007940
2007980
2008110
2008200
2008220
2008260
2008270
2008330
2008450
2008460
2008530
2008650
2008670
2008860
2008950
2009160
2009340
2009360
2009420
2009460
2009500
2009510
2009780
2009830
2009840
2009940
2010010
2010100
2010110
2010160
2010210
2010220
2010360
2010400
2010410
2010460
2010500
2010560
2010660
2010690
2010700
2010710
2011080
1623580
1623640
1623770
1623790
1623960
1624000
1624020
1624130
1624150
1624170
1624180
1624190
1624490
1624560
1624600
1624640
1624780
1624840
1624930
1625090
1625100
1625150
1625170
1625190
1625460
1625520
1625550
1625630
1625650
1625670
1625760
1625810
1625840
1625900
1625950
1625990
1626060
1626080
1626100
1626120
1626150
1626160
1626190
1626280
1626420
1626450
1626490
1626520
1626510
1626530
1626560
1626610
1626840
1626850
1626930
1626980
1627030
1627060
1627180
1627210
1627250
1627270
1627290
1627320
1627420
1627450
1627470
1627480
1627510
1627590
1627660
1627730
1627750
1627770
1627820
1628010
1628060
1628120
1628140
1628170
1628240
1628260
1628400
1628440
1628470
1628510
1628550
1628640
1628670
1628820
1628930
1629060
1629230
1629130
1629250
1629300
1629380
1629470
1629480
2169830
2170060
2170170
2170210
2170320
2170350
2170380
2170390
2170410
2170650
2170680
2170690
2170830
2170860
2170880
2171030
2171040
2171450
2171490
2171640
2171660
2171700
2171720
2171840
2171910
2171930
2171970
2172060
2172350
2172320
2172380
2172370
2172970
2173150
2173000
2173160
2173170
2173190
2173330
2173420
2173460
2173600
2173640
2173650
2173660
2173670
2173730
2173740
2173760
2173810
2173770
2173850
2173860
2173900
2173980
2174210
2174220
2174260
2174270
2174300
2174330
2174420
2174430
2174440
2174650
2174690
2174710
2174750
2174780
2174790
2174830
2174850
2174940
2175000
2175050
2175070
2175110
2175120
2175150
2175180
2175190
2175210
2175250
2175400
2175480
2175490
2175460
2175610
2175570
2175630
2175670
2175700
2175740
2175750
2175810
2175890
2175980
2176020
2176030
2176060
2216670
2216710
2216750
2216840
2217010
2217040
2217100
2217180
2217220
2217450
2217530
2217540
2217720
2217770
2217780
2217790
2217800
2217820
2217860
2217880
2218060
2218130
2218200
2218570
2218620
2218630
2218660
2218680
2218720
2218740
2218780
2218830
2218900
2218930
2218950
2218970
2219000
2219020
2219050
2219120
2219130
2219140
2219150
2219160
2219170
2219180
2219360
2219370
2219450
2219390
2219580
2219600
2219620
2219640
2219670
2219800
2219820
2219830
2219840
2219850
2219880
2219890
2219910
2219930
2220040
2219990
2220070
2220080
2220110
2220200
2220280
2220580
2220600
2220730
2220770
2220850
2220860
2220870
2220970
2221010
2221050
2221060
2221150
2221130
2221160
2221190
2221220
2221230
2221270
2221390
2221440
2221500
2221530
2221690
2221740
2221750
2221760
2221800
2221830
2221850
2011100
2011110
2011140
2011170
2011180
2011190
2011210
2011320
2011400
2011440
2011460
2011610
2011730
2011650
2011750
2011960
2012020
2012030
2012040
2012140
2012290
2012390
2012320
2012530
2012570
2012590
2012600
2012670
2012690
2012790
2012820
2012890
2012990
2013010
2013060
2013080
2013170
2013440
2013540
2013860
2013990
2014160
2014210
2014300
2014330
2014380
2014410
2014470
2014500
2014540
2014560
2014680
2014770
2014740
2014840
2014940
2014950
2015000
2014990
2015040
2015080
2015130
2015200
2015330
2015440
2015450
2015460
2015470
2015580
2015610
2015670
2015650
2015740
2015750
2015760
2015940
2016000
2016020
2016060
2016090
2016100
2016170
2016210
2016300
2016400
2016440
2016560
2016650
2016680
2016820
2016840
2017000
2017010
2017040
2017060
2017090
2017120
2017150
2017230
2017260
1983780
1983850
1983880
1983910
1984000
1984040
1984060
1984150
1984200
1984210
1984230
1984240
1984250
1984440
1984550
1984570
1984670
1984690
1984710
1984770
1984800
1984890
1985240
1985290
1985300
1985350
1985430
1985520
1985550
1985580
1985620
1985640
1985670
1985740
1985680
1985910
1985940
1985950
1985980
1986070
1986200
1986290
1986360
1986380
1986390
1986400
1986430
1986470
1986490
1986560
1986650
1986680
1986910
1986940
1986970
1986990
1987140
1987220
1987260
1987280
1987570
1987650
1987660
1987710
1987730
1987800
1987810
1987860
1987950
1987970
1987980
1987990
1988010
1988020
1988030
1988050
1988080
1988090
1988130
1988110
1988150
1988270
1988290
1988320
1988330
1988350
1988440
1988390
1988560
1988570
1988720
1988730
1988820
1988830
1988880
1988890
1988960
1988900
1989090
1988970
2082420
2082520
2082530
2082620
2082690
2082720
2082790
2082810
2082840
2082860
2082880
2082900
2082940
2082960
2082980
2083000
2083030
2083220
2083310
2083320
2083330
2083360
2083410
2083430
2083440
2083470
2083490
2083540
2083580
2083650
2083680
2083690
2083700
2083800
2083830
2083850
2083860
2083870
2083940
2083990
2084010
2084030
2084070
2084080
2084090
2084100
2084110
2084190
2084170
2084210
2084220
2084230
2084360
2084380
2084430
2084440
2084450
2084470
2084510
2084520
2084580
2084660
2084960
2085020
2085080
2085120
2085100
2085140
2085230
2085290
2085310
2085320
2085330
2085410
2085490
2085580
2085610
2085640
2085660
2085870
2085980
2085890
2086090
2086270
2086280
2086320
2086430
2086440
2086540
2086560
2086570
2086680
2086690
2086720
2086740
2086760
2086780
2086790
2086800
2086840
2017270
2017300
2017380
2017340
2017480
2017510
2017520
2017610
2017630
2017620
2017700
2017790
2017870
2017900
2017920
2018020
2018050
2018080
2018140
2018300
2018310
2018370
2018420
2018440
2018500
2018700
2018730
2018740
2018790
2018900
2018930
2018960
2019010
2019050
2019100
2019140
2019200
2019240
2019290
2019300
2019340
2019470
2019570
2019620
2019700
2019770
2019830
2019860
2019980
2020040
2020130
2020180
2020330
2020340
2020400
2020420
2020430
2020590
2020770
2020790
2020920
2020950
2021040
2021080
2021090
2021300
2021390
2021520
2021600
2021610
2021840
2021950
2022000
2022040
2022070
2022140
2022220
2022510
2022610
2022620
2022640
2022650
2022700
2022740
2022780
2022850
2023150
2023160
2023210
2023350
2023360
2023380
2023420
2023430
2023530
2023540
2023680
2023800
2023970
2024010
2176070
2176190
2176230
2176260
2176340
2176460
2176490
2176500
2176580
2176710
2176760
2176770
2176900
2176920
2177010
2177050
2177020
2177060
2177170
2177230
2177290
2177330
2177320
2177350
2177510
2177530
2177630
2177660
2177640
2177680
2177690
2177700
2177720
2177730
2177880
2177890
2178030
2177940
2178060
2178090
2178100
2178120
2178130
2178180
2178190
2178230
2178290
2178300
2178340
2178360
2178550
2178570
2178620
2178640
2178670
2178740
2178760
2178790
2178800
2178860
2178920
2178930
2178960
2178980
2179000
2178990
2179020
2179040
2179130
2179180
2179190
2179210
2179220
2179360
2179370
2179390
2179440
2179450
2179480
2179490
2179530
2179610
2179690
2179720
2180040
2180180
2180200
2180250
2180310
2180340
2180500
2180630
2180690
2180700
2180730
2180810
2180850
2180920
2180930
2180950
2221910
2222030
2222090
2222170
2222180
2222220
2222240
2222260
2222320
2222520
2222530
2222550
2222690
2222710
2222860
2222870
2222890
2222920
2223040
2223130
2223150
2223170
2223220
2223230
2223260
2223270
2223320
2223420
2223430
2223450
2223460
2223470
2223530
2223540
2223550
2223570
2223600
2223620
2223630
2223640
2223760
2223800
2223850
2223880
2223900
2223920
2223980
2223930
2224000
2224020
2224060
2224090
2224160
2224120
2224260
2224330
2224430
2224440
2224450
2224470
2224510
2224530
2224540
2224560
2224570
2224640
2224680
2224750
2224780
2224790
2224830
2224850
2224860
2224870
2224900
2224910
2225020
2225010
2225030
2225090
2225130
2225260
2225290
2225300
2225500
2225560
2225600
2225680
2225710
2225890
2225960
2225990
2226090
2226110
2226190
2226310
2226280
2226420
2226430
2226460
2086880
2086970
2087010
2087080
2087150
2087200
2087230
2087300
2087320
2087370
2087440
2087500
2087510
2087640
2087630
2087650
2087840
2087850
2087880
2087920
2087980
2088020
2088120
2088210
2088240
2088290
2088300
2088330
2088360
2088400
2088540
2088550
2088590
2088730
2088770
2088810
2088850
2088900
2088920
2088910
2088960
2089070
2089080
2089120
2089140
2089180
2089230
2089280
2089250
2089480
2089520
2089630
2089640
2089750
2089770
2089780
2089790
2089820
2089890
2089930
2089990
2090050
2090100
2090130
2090200
2090300
2090400
2090450
2090460
2090480
2090580
2090600
2090760
2090630
2090810
2090960
2091030
2091080
2091130
2091150
2091230
2091160
2091240
2091280
2091490
2091380
2091520
2091530
2091680
2091700
2091750
2091730
2091800
2091810
2091820
2091840
2091890
2091910
2091920
2092000
1989110
1989120
1989230
1989350
1989310
1989370
1989360
1989460
1989500
1989780
1989760
1989790
1989800
1989840
1989870
1989930
1989960
1989970
1990050
1990090
1990100
1990130
1990160
1990220
1990270
1990330
1990340
1990370
1990360
1990380
1990440
1990490
1990510
1990530
1990540
1990610
1990760
1990850
1990810
1990980
1990990
1991060
1991110
1991230
1991250
1991340
1991350
1991360
1991460
1991500
1991590
1991600
1991650
1991780
1991790
1991810
1991820
1991890
1991910
1991920
1991950
1991990
1992110
1992130
1992140
1992160
1992180
1992260
1992350
1992370
1992500
1992520
1992530
1992580
1992650
1992590
1992770
1992790
1992880
1992820
1992940
1993010
1993050
1993060
1993120
1993160
1993190
1993200
1993390
1993410
1993440
1993460
1993520
1993510
1993530
1993570
1993600
1993670
1993730
1993810
2226480
2226510
2226500
2226680
2226690
2226730
2226750
2226780
2226840
2226920
2226930
2226980
2227040
2227070
2227080
2227100
2227110
2227240
2227440
2227450
2227490
2227480
2227500
2227520
2227600
2227660
2227700
2227710
2227810
2227830
2227870
2228000
2227960
2228090
2228100
2228220
2228310
2228330
2228350
2228380
2228410
2228460
2228480
2228490
2228710
2228720
2228840
2228900
2228910
2228940
2228960
2228980
2229030
2229050
2229110
2229120
2229250
2229300
2229350
2229320
2229380
2229440
2229470
2229480
2229490
2229500
2229520
2229710
2229730
2229740
2229790
2229900
2229910
2229920
2229930
2229960
2229950
2229990
2230050
2230060
2230090
2230070
2230130
2230370
2230420
2230430
2230450
2230530
2230560
2230620
2230630
2230720
2230830
2230740
2230840
2230860
2230940
2231070
2231130
2231160
2024070
2024210
2024080
2024300
2024370
2024380
2024400
2024790
2024820
2024840
2024890
2024920
2024990
2025000
2025050
2025210
2025250
2025310
2025340
2025380
2025490
2025530
2025550
2025670
2025720
2025750
2025760
2025770
2025810
2025800
2025820
2025870
2025910
2025970
2026030
2026040
2026060
2026070
2026140
2026170
2026230
2026260
2026280
2026300
2026310
2026500
2026510
2026540
2026580
2026590
2026630
2026720
2026730
2026760
2026790
2026940
2026980
2027040
2027050
2027180
2027200
2027220
2027260
2027280
2027310
2027370
2027380
2027510
2027580
2027600
2027820
2027830
2027850
2028270
2050070
2050210
2050120
2050370
2050380
2050430
2050440
2050480
2050490
2050510
2050590
2050600
2050680
2050710
2050730
2050770
2050800
2050890
2050980
2051080
2051040
2051170
2051210
2051220
2051290
2051360
2180970
2181060
2181130
2181180
2181220
2181250
2181340
2181550
2181700
2181710
2181800
2181820
2181840
2181890
2181960
2182000
2182070
2182110
2182290
2182320
2182420
2182440
2182470
2182480
2182490
2182540
2182770
2182790
2182800
2182870
2182910
2182990
2183040
2183090
2183100
2183110
2183120
2183220
2183230
2183450
2183550
2183580
2183590
2183610
2183650
2183730
2183740
2183770
2183790
2183870
2183890
2183910
2184030
2184040
2184090
2184130
2184140
2184200
2184210
2184250
2184350
2184370
2184470
2184480
2184560
2184630
2184640
2184660
2184820
2184770
2184850
2184880
2184920
2185050
2185030
2185080
2185100
2185110
2185170
2185190
2185240
2185320
2185440
2185710
2185530
2185720
2185730
2185760
2185890
2185900
2185970
2186030
2186010
2186210
2186360
2186370
2186490
2186500
2186510
2186530
1993820
1993890
1993900
1993940
1993960
1993980
1994000
1994010
1994040
1994050
1994060
1994070
1994080
1994240
1994270
1994280
1994410
1994450
1994480
1994500
1994510
1994620
1994630
1994650
1994680
1994700
1994710
1994740
1994750
1994860
1994910
1994940
1994960
1995010
1995000
1995180
1995340
1995380
1995420
1995450
1995460
1995490
1995530
1995550
1995700
1995580
1995710
1995780
1995840
1995940
1996070
1996090
1996100
1996230
1996300
1996360
1996390
1996450
1996510
1996520
1996540
1996550
1996600
1996650
1996680
1996740
1996750
1996780
1996850
1996900
1996910
1996920
1997130
1997170
1997250
1997270
1997290
1997330
1997400
1997410
1997420
1997430
1997460
1997440
1997470
1997480
1997490
1997530
1997550
1997560
1997800
1997910
1997900
1997920
1997950
1997940
1998200
1998220
1998310
1998320
2092040
2092030
2092140
2092260
2092240
2092330
2092340
2092470
2092390
2092480
2092530
2092550
2092560
2092670
2092710
2092790
2092970
2093010
2093060
2093110
2093220
2093270
2093290
2093300
2093340
2093380
2093460
2093490
2093510
2093520
2093540
2093550
2093580
2093630
2093650
2093750
2093800
2093850
2093860
2093910
2093920
2093960
2094000
2094090
2094120
2094150
2094210
2094300
2094420
2094440
2094480
2094540
2094600
2094660
2094720
2094890
2094900
2094910
2094920
2094930
2094950
2095330
2095350
2095440
2095490
2095480
2095540
2095560
2095570
2095600
2095620
2095650
2095800
2095830
2095880
2095890
2095910
2096020
2096070
2096120
2096150
2096180
2096190
2096210
2096250
2096260
2096300
2096390
2096400
2096450
2096480
2096500
2096560
2096720
2096730
2096780
2096860
2096930
2097030
2097090
2051530
2051640
2051750
2051770
2051840
2051890
2051870
2051990
2052080
2052110
2052150
2052160
2052170
2052200
2052250
2052270
2052510
2052650
2052730
2052780
2052920
2052790
2052970
2053040
2053110
2053210
2053320
2053370
2053650
2053770
2053910
2054000
2054020
2054050
2054100
2054140
2054150
2054180
2054230
2054270
2054280
2054300
2054310
2054380
2054330
2054400
2054420
2054520
2054570
2054770
2054820
2055060
2055170
2055220
2055310
2055360
2055380
2055490
2055510
2055600
2055620
2055720
2055740
2055770
2055820
2056030
2056090
2056130
2056150
2056180
2056420
2056200
2056430
2056460
2056510
2056530
2056640
2056700
2056750
2056800
2056830
2056840
2056890
2056910
2056960
2056970
2057000
2057120
2057030
2057360
2057400
2057460
2057470
2057490
2057500
2057820
2057830
2057850
2057980
2058000
2231180
2231270
2231300
2231310
2231490
2231530
2231540
2231580
2231560
2231630
2231680
2231750
2231790
2231800
2231820
2231840
2231940
2231960
2231970
2232030
2232040
2232060
2232110
2232120
2232240
2232260
2232270
2232320
2232350
2232420
2232650
2232680
2232760
2232780
2232790
2232800
2232810
2232830
2232870
2232900
2232970
2233020
2233040
2233110
2233150
2233170
2233220
2233300
2233310
2233320
2233330
2233390
2233420
2233430
2233540
2233550
2233560
2233570
2233590
2233610
2233640
2233660
2233670
2233700
2233720
2233740
2233750
2233780
2233820
2233840
2233850
2233920
2233950
2233970
2234080
2234100
2234200
2234300
2234320
2234440
2234530
2234550
2234570
2234630
2234640
2234650
2234670
2234690
2234720
2234740
2234760
2234780
2234790
2234870
2234920
2234930
2234950
2235010
2235220
2235230
2097130
2097150
2097160
2097190
2097200
2097210
2097260
2097410
2097470
2097520
2097550
2097620
2097670
2097730
2097740
2097770
2097790
2097810
2097830
2097840
2097880
2097900
2097910
2097920
2097930
2097950
2098010
2097960
2098040
2098150
2098160
2098170
2098360
2098390
2098530
2098550
2098560
2098590
2098670
2098690
2098720
2098760
2098830
2098840
2098870
2098890
2098920
2098970
2099000
2099040
2099060
2099090
2099110
2099120
2099140
2099180
2099190
2099280
2099270
2099290
2099310
2099320
2099350
2099390
2099420
2099510
2099520
2099570
2099610
2099630
2099650
2099680
2099690
2099730
2099750
2099830
2099880
2099920
2099940
2100020
2100090
2100100
2100130
2100140
2100170
2100190
2100200
2100230
2100250
2100270
2100310
2100320
2100340
2100360
2100390
2100410
2100440
2100470
2100510
2100560
1998390
1998440
1998510
1998540
1998590
1998670
1998680
1998710
1998820
1999290
1999320
1999450
1999460
1999570
1999660
1999700
1999720
1999730
1999870
1999920
2000000
2000050
2000070
2000130
2000190
2000360
2000530
2000560
2000570
2000670
2000780
2000900
2000920
2000970
2001110
2001140
2001160
2001190
2001380
2001430
2001500
2001680
2001720
2001800
2001850
2001830
2001910
2002200
2002270
2002280
2002310
2002420
2002470
2002500
2002520
2002540
2002670
2002610
2002690
2002720
2002730
2002740
2002830
2002840
2002860
2002990
2003030
2003060
2003070
2003150
2003190
2003340
2003390
2003420
2003450
2003470
2003490
2003560
2003590
2003600
2003620
2003640
2003670
2003690
2003730
2003750
2003770
2003800
2003870
2003990
2004200
2004320
2004390
2004500
2004540
2004680
2004710
2004770
2004870
2004880
1836440
1836450
1836510
1836520
1836560
1836690
1836660
1836730
1836740
1836770
1837060
1837090
1837190
1837210
1837250
1837280
1837480
1837500
1837550
1837590
1837670
1837730
1837810
1837890
1837910
1838100
1838120
1838130
1838240
1838250
1838380
1838420
1838480
1838530
1838670
1838730
1838770
1838810
1838980
1839020
1839040
1839150
1839070
1839190
1839340
1839350
1839360
1839380
1839420
1839630
1839570
1839670
1839680
1839710
1839810
1839820
1839870
1839980
1840020
1840070
1840120
1840140
1840170
1840210
1840250
1840280
1840330
1840360
1840380
1840410
1840450
1840790
1840660
1840810
1840840
1840880
1840940
1841010
1841080
1841150
1841160
1841180
1841190
1841200
1841220
1841230
1841240
1841260
1841320
1841330
1841350
1841360
1841380
1841430
1841500
1841530
1841560
1841690
1841740
1841770
1898270
1898370
1898420
1898430
1898460
1898550
1898590
1898690
1898870
1898910
1898970
1898980
1898990
1899000
1899080
1899110
1899120
1899170
1899180
1899270
1899300
1899440
1899450
1899500
1899570
1899730
1899990
1900020
1900080
1900130
1900160
1900230
1900290
1900330
1900370
1900410
1900630
1900650
1900720
1900790
1900850
1900880
1900960
1901010
1901050
1901060
1901090
1901170
1901130
1901200
1901330
1901450
1901540
1901580
1901620
1901860
1901870
1901900
1901960
1902020
1902040
1902060
1902170
1902240
1902200
1902280
1902350
1902640
1902650
1902840
1902940
1903040
1903130
1903220
1903270
1903280
1903310
1903320
1903330
1903430
1903400
1903440
1903450
1903480
1903490
1903560
1903710
1903880
1903990
1904030
1904160
1904280
1904300
1904320
1904360
1904380
1904810
1904820
1904830
1905080
2058030
2058050
2058070
2058130
2058170
2058230
2058270
2058310
2058320
2058360
2058380
2058460
2058510
2058530
2058540
2058670
2058730
2058800
2058890
2058850
2058910
2058920
2058960
2058970
2059070
2059160
2059200
2059210
2059250
2059260
2059340
2059350
2059390
2059480
2059490
2059530
2059550
2059630
2059650
2059690
2059980
2060110
2060150
2060410
2060170
2060470
2060510
2060520
2060530
2060540
2060550
2060760
2060580
2060780
2060970
2061010
2061030
2061060
2061090
2061100
2061140
2061270
2061340
2061420
2061440
2061460
2061540
2061620
2061660
2061720
2061780
2061930
2061980
2062020
2062030
2062050
2062140
2062150
2062170
2062220
2062330
2062350
2062380
2062420
2062440
2062480
2062600
2062630
2062650
2062660
2062710
2062750
2062770
2062790
2062830
2062900
2062970
2062990
2063140
2063210
1959340
1959410
1959380
1959480
1959520
1959540
1959530
1959620
1959840
1959890
1959940
1959990
1960040
1960050
1960060
1960190
1960200
1960250
1960300
1960320
1960360
1960530
1960570
1960710
1960870
1960980
1961010
1961030
1961040
1961050
1961060
1961310
1961330
1961380
1961400
1961410
1961710
1961800
1961810
1961840
1961850
1961960
1961970
1962010
1962020
1962130
1962210
1962220
1962490
1962570
1962610
1962760
1962850
1962900
1962910
1962940
1962950
1963030
1963060
1963130
1963190
1963210
1963420
1963480
1963510
1963740
1963780
1963850
1963990
1964080
1964020
1964090
1964140
1964250
1964280
1964300
1964310
1964330
1964380
1964410
1964420
1964470
1964480
1964500
1964530
1964540
1964560
1964610
1964630
1964650
1964670
1964720
1964770
1964830
1964840
1652560
1652700
1652730
1652740
1652800
2100590
2100600
2100620
2100640
2100650
2100780
2100840
2100880
2100970
2101070
2101100
2101110
2101260
2101270
2101390
2101410
2101420
2101460
2101470
2101480
2101590
2101600
2101610
2101650
2101660
2101680
2101690
2101730
2101740
2101750
2101760
2101840
2101850
2101880
2101980
2102000
2102040
2102060
2102180
2102080
2102200
2102230
2102300
2102410
2102400
2102420
2102440
2102460
2102470
2102540
2102550
2102590
2102610
2102670
2102680
2102750
2102770
2102870
2102930
2103000
2103090
2103150
2103210
2103240
2103270
2103290
2103300
2103500
2103440
2103510
2103660
2103620
2103670
2103930
2103950
2103960
2104120
2104260
2104310
2104320
2104390
2104400
2104440
2104520
2104530
2104570
2104610
2104670
2104750
2104770
2104780
2104820
2104850
2104970
2104990
2105020
2105060
2105070
2105090
2105140
1905210
1905220
1905230
1905310
1905360
1905400
1905540
1905550
1905580
1905600
1905660
1905800
1905900
1905930
1906190
1906230
1906420
1906470
1906520
1906540
1906590
1906600
1906650
1906740
1906800
1906810
1906860
1906890
1906970
1906980
1907040
1907060
1907350
1907400
1907440
1907630
1907640
1907790
1907910
1907990
1908080
1908090
1908180
1908190
1908200
1908230
1908260
1908350
1908330
1908360
1908380
1908460
1908480
1908500
1908530
1908560
1908570
1908610
1908600
1908620
1908730
1908690
1908770
1908790
1908990
1909030
1909100
1909090
1909170
1909230
1909260
1909310
1909270
1909320
1909370
1909380
1909430
1909450
1909510
1909560
1909720
1909760
1909740
1909790
1909850
1910000
1910010
1910130
1910140
1910150
1910170
1910200
1910250
1910280
1910360
1910410
1910450
1910420
1910470
1910550
1841800
1841820
1841850
1841910
1841960
1842040
1842100
1842180
1842190
1842280
1842300
1842320
1842330
1842340
1842360
1842370
1842450
1842470
1842640
1842680
1842780
1842880
1842940
1842950
1843450
1843470
1843650
1843710
1843770
1843730
1843780
1843790
1843920
1844020
1844030
1844080
1844120
1844130
1844140
1844260
1844270
1844280
1844300
1844410
1844460
1844640
1844660
1844690
1844790
1844890
1845030
1845200
1845250
1845290
1845500
1845530
1845550
1845710
1845720
1845840
1845980
1846060
1846070
1846090
1846100
1846240
1846410
1846660
1846670
1846680
1846710
1846740
1846830
1846850
1846970
1846980
1847030
1847160
1847180
1847230
1847250
1847310
1847350
1847420
1847460
1847610
1847710
1847830
1847840
1847860
1847870
1847920
1847970
1847980
1848190
1848310
1848250
1848350
1848360
1848410
2063170
2063220
2063270
2063260
2063290
2063340
2063390
2063400
2063450
2063510
2063630
2063660
2063720
2063790
2063800
2063870
2064000
2064040
2064100
2064270
2064310
2064370
2064410
2064470
2064490
2064500
2064550
2064610
2064670
2064710
2064820
2064830
2064850
2065010
2065170
2065180
2065250
2065260
2065280
2065340
2065420
2065440
2065490
2065520
2065580
2065630
2065670
2065710
2065720
2065780
2065830
2065860
2065870
2065920
2065930
2065970
2065990
2066000
2066160
2066170
2066540
2066600
2066610
2066730
2066740
2066870
2066920
2066940
2066980
2067020
2067030
2067070
2067120
2067160
2067200
2067220
2067230
2067270
2067280
2067300
2067430
2067460
2067640
2067720
2067730
2067770
2067820
2067900
2067910
2067960
2068030
2068040
2068050
2068080
2068090
2068110
2068130
2068140
2068180
2068190
2105260
2105360
2105400
2105430
2105440
2105460
2105500
2105530
2105600
2105610
2105620
2105680
2105670
2105730
2105760
2105770
2105820
2105840
2105860
2105850
2105880
2106030
2106040
2106200
2106230
2106280
2106290
2106390
2106420
2106450
2106490
2106530
2106590
2106600
2106620
2106650
2106720
2106770
2106930
2107030
2107060
2107080
2107100
2107130
2107150
2107170
2107180
2107220
2107270
2107280
2107300
2107400
2107420
2107440
2107460
2107480
2107500
2107590
2107640
2107650
2107740
2107800
2107780
2107810
2107820
2107870
2107930
2108080
2108180
2108210
2108260
2108270
2108290
2108370
2108400
2108440
2108560
2108610
2108650
2108730
2108750
2108800
2108840
2108870
2108960
2108980
2109020
2109030
2109400
2109390
2109630
2109650
2109660
2109750
2109720
2109830
2109800
2109840
2109860
2109880
1652840
1652970
1652990
1653020
1653080
1653230
1653270
1653310
1653460
1653480
1653510
1653930
1654040
1654070
1654150
1654160
1654170
1654230
1654440
1654560
1654710
1654810
1654910
1655030
1655170
1655190
1655440
1655540
1655490
1655600
1655750
1655800
1655930
1656200
1656080
1656280
1656790
1656840
1656870
1656950
1657050
1657090
1657100
1657210
1657280
1657550
1657620
1657770
1657910
1657950
1658090
1658180
1658390
1658310
1658440
1658480
1658490
1658530
1658700
1659120
1659150
1659190
1659200
1659250
1659270
1659380
1659500
1659610
1659670
1659810
1660090
1660110
1660220
1660230
1660240
1660330
1660340
1660510
1660580
1660660
1660960
1660980
1661100
1661210
1661260
1661270
1661480
1661500
1661560
1661570
1661750
1661610
1661760
1661840
1661880
1661940
1661950
1662000
1662040
1662050
1848440
1848460
1848470
1848490
1848540
1848610
1848720
1848850
1848860
1848930
1848970
1848990
1849070
1849150
1849320
1849360
1849530
1849850
1849880
1849940
1849970
1850010
1850090
1850200
1850520
1850530
1850610
1850680
1850880
1850950
1851000
1851090
1851190
1851200
1851420
1851690
1851720
1851760
1851800
1851840
1851960
1851970
1852000
1852030
1852060
1852150
1852180
1852220
1852240
1852290
1852300
1852310
1852510
1852360
1852600
1852610
1852870
1852910
1852940
1852980
1853030
1853080
1853120
1853260
1853280
1853310
1853360
1853690
1853780
1854060
1854080
1854110
1854130
1854140
1854300
1854450
1854490
1854510
1854540
1854570
1854590
1854630
1854800
1854890
1854900
1854910
1854950
1855090
1855110
1855130
1855150
1855210
1855300
1855310
1855340
1855420
1855490
1855500
1855580
1855690
1910580
1910590
1910610
1910650
1910630
1910740
1910770
1910800
1910830
1910910
1910930
1910950
1910990
1911010
1911030
1911090
1911200
1911250
1911340
1911370
1911400
1911420
1911570
1911580
1911620
1911640
1911650
1911690
1911740
1911750
1911760
1911770
1911990
1911960
1912140
1912230
1912340
1912480
1912490
1912500
1912510
1912560
1912590
1912630
1912760
1912900
1912940
1912960
1913000
1912980
1913140
1913220
1913310
1913330
1913410
1913370
1913420
1913600
1913610
1913700
1913890
1913810
1913900
1913940
1913970
1914000
1914010
1914020
1914050
1914140
1914180
1914330
1914340
1914430
1914600
1914680
1914710
1914900
1914770
1914910
1914950
1915010
1915050
1915160
1915250
1915330
1915340
1915520
1915430
1915560
1915580
1915690
1915780
1915870
1915880
1915900
1915990
1916090
1916210
1916220
2068210
2068260
2068360
2068380
2068390
2068410
2068460
2068480
2068520
2068660
2068650
2068680
2068700
2068820
2068840
2068850
2068880
2068890
2068970
2068980
2068990
2069010
2069020
2069030
2069060
2069160
2069170
2069190
2069240
2069260
2069330
2069480
2069380
2069500
2069540
2069560
2069630
2069680
2069720
2069750
2069820
2069930
2069960
2070030
2070060
2070160
2070170
2070180
2070210
2070250
2070440
2070510
2070580
2070850
2070920
2070930
2071050
2071100
2071220
2071240
2071270
2071290
2071350
2071360
2071400
2071420
2071440
2071490
2071550
2071520
2071620
2071630
2071710
2071720
2071730
2071770
2071790
2071800
2071870
2071920
2071980
2072020
2072030
2072070
2072090
2072160
2072230
2072340
2072420
2072520
2072590
2072600
2072620
2072690
2072730
2072780
2072950
2073010
2073030
2073040
2109930
2109950
2109980
2110240
2110300
2110440
2110390
211050
2110520
2110550
2110610
2110630
2110710
2110890
2110930
2110990
2111000
2111010
2111020
2111080
2111200
2111230
2111300
2111340
2111370
2111390
2111400
2111410
2111420
2111430
2111440
2111480
2111490
2111540
2111590
2111550
2111600
2111610
2111660
2111710
2111760
2111920
2112080
2112170
2112210
2112290
2112310
2112330
2112360
2112370
2112530
2112550
2112560
2112570
2112610
2112680
2112730
2112740
2112760
2112780
2112820
2112830
2112910
2112930
2112920
2113000
2113010
2113070
2113110
2113120
2113140
2113170
2113180
2113190
2113200
2113220
2113270
2113290
2113320
2113350
2113410
2113420
2113440
2113450
2113460
2113580
2113590
2113600
2113710
2113650
2113810
2113820
2113840
2113880
2113900
2113940
2113960
2113970
2114100
2114130
1662110
1662150
1662210
1662230
1662310
1662270
1662350
1662450
1662510
1662580
1662700
1662770
1662710
1662920
1662970
1662980
1663000
1663320
1663330
1663430
1663440
1663710
1663650
1663920
1663930
1664110
1664120
1664350
1664360
1664390
1664450
1664580
1664610
1664720
1664750
1664770
1665200
1665300
1665540
1665570
1665580
1665590
1665610
1665650
1665910
1666070
1666110
1666150
1666190
1666240
1666470
1666480
1666600
1666640
1666800
1666970
1667010
1667040
1667080
1667090
1667100
1667280
1667290
1667390
1667420
1667480
1667680
1667700
1667750
1667840
1668010
1668210
1668340
1668350
1668380
1668410
1668460
1668470
1668480
1668580
1668800
1668820
1668830
1668840
1668930
1668950
1668960
1668970
1669130
1669160
1669180
1669380
1669480
1669590
1669620
1669690
1669750
1669790
1669880
1669940
1855760
1856060
1856070
1856120
1856130
1856210
1856300
1856660
1856680
1856810
1856830
1856840
1856880
1856920
1856980
1856990
1857000
1857020
1857040
1857080
1857120
1857170
1857200
1857220
1857390
1857560
1857520
1857570
1857660
1857730
1857890
1858090
1858120
1858200
1858210
1858390
1858410
1858400
1858500
1858540
1858700
1858680
1858710
1858730
1858790
1858810
1859010
1859070
1859080
1859090
1859180
1859270
1859390
1859520
1859540
1859650
1859670
1859740
1859720
1859760
1859790
1859800
1859940
1859960
1859970
1859990
1860010
1860140
1860200
1860250
1860270
1860260
1860280
1860330
1860320
1860370
1860410
1860440
1860510
1860490
1860560
1860610
1860650
1860710
1860900
1861120
1861130
1861260
1861380
1861390
1861410
1861450
1861470
1861500
1861530
1861710
1861610
1861760
1861830
1861990
1916290
1916320
1916360
1916410
1916470
1916480
1916540
1916560
1916590
1916610
1916690
1916790
1916800
1916880
1917160
1917230
1917270
1917460
1917550
1917730
1917820
1917850
1917870
1917960
1917990
1918030
1918090
1918070
1918120
1918150
1918400
1918440
1918460
1918480
1918490
1918560
1918590
1918630
1918650
1918640
1918690
1918730
1918790
1918800
1918810
1918850
1918880
1919030
1919110
1919310
1919350
1919360
1919410
1919480
1919500
1919510
1919540
1919570
1919600
1919700
1919770
1919800
1919900
1919960
1920080
1920160
1920190
1920230
1920290
1920330
1920800
1920810
1920830
1920850
1920840
1920870
1920930
1921040
1921170
1921240
1921330
1921370
1921390
1921450
1921520
1921570
1921610
1921650
1921660
1921990
1921870
1922030
1922060
1922090
1922110
1922190
1922220
1922240
1922270
1922480
2073090
2073150
2073110
2073220
2073320
2073330
2073370
2073450
2073520
2073560
2073580
2073590
2073630
2073790
2073820
2073870
2073910
2073880
2073950
2073970
2073980
2074010
2074050
2074130
2074140
2074150
2074260
2074320
2074360
2074390
2074400
2074440
2074470
2074490
2074520
2074540
2074580
2074620
2074740
2074760
2074790
2074840
2074870
2074940
2074970
2075020
2075040
2075170
2075210
2075090
2075220
2075230
2075250
2075260
2075280
2075460
2075470
2075490
2075480
2075540
2075600
2075630
2075640
2075650
2075750
2075720
2075770
2075900
2076010
2076030
2076070
2076100
2076230
2076250
2076380
2076450
2076480
2076490
2076500
2076520
2076540
2076600
2076650
2076670
2076720
2076730
2076740
2076820
2076830
2076890
2076920
2077070
2077110
2077120
2077130
2077170
2077190
2077200
2077230
2077330
2114160
2114180
2114190
2114320
2114330
2114350
2114440
2114470
2114480
2114520
2114540
2114580
2114640
2114660
2114670
2114690
2114710
2114750
2114860
2114960
2114980
2114990
2115020
2115030
2115040
2115050
2115070
2115110
2115140
2115160
2115180
2115190
2115210
2115300
2115340
2115310
2115390
2115490
2115640
2115680
2115710
2115720
2115760
2115800
2115810
2115840
2115860
2115880
2115890
2115930
1823430
1823480
1823600
1823700
1823790
1823810
1823840
1823940
1824020
1823980
1824090
1824040
1824120
1824250
1824440
1824480
1824520
1824530
1824570
1824540
1824750
1824800
1824910
1824990
1825010
1825020
1825030
1825050
1825110
1825160
1825180
1825200
1825210
1825290
1825380
1825460
1825510
1825530
1825650
1825540
1825670
1825700
1825760
1825900
1825970
1826000
1826020
1826070
1826080
1826120
1862080
1862170
1862340
1862390
1862420
1862480
1862550
1862600
1862630
1862880
1862950
1863010
1863020
1863110
1863120
1863150
1863160
1863270
1863400
1863420
1863530
1863720
1863770
1863910
1863940
1863950
1864020
1864120
1864090
1864190
1864290
1864370
1864400
1864410
1864460
1864490
1864500
1864520
1864530
1864670
1864680
1864690
1864750
1864800
1864830
1864880
1864910
1865100
1865130
1865140
1865250
1865260
1865360
1865710
1865730
1865750
1865770
1865990
1865930
1866170
1866260
1866300
1866310
1866340
1866360
1866380
1866390
1866450
1866600
1866510
1866640
1866720
1866870
1866890
1866920
1867200
1867210
1867320
1867400
1867410
1867470
1867560
1867650
1867740
1867760
1867790
1867830
1867900
1867920
1867940
1867960
1868080
1868110
1868210
1868260
1868290
1868350
1868400
1868360
1868410
1669970
1670010
1670050
1670060
1670080
1670120
1670160
1670440
1670530
1670610
1670620
1670650
1670690
1670780
1670830
1670860
1670930
1670980
1671060
1671090
1671140
1671330
1671400
1671460
1671490
1671570
1671580
1671590
1671600
1671640
1671760
1671710
1671810
1672110
1672170
1672180
1672230
1672280
1672320
1672380
1672400
1672420
1672480
1672460
1672680
1672700
1672790
1672830
1672880
1672960
1673040
1673130
1673190
1673220
1673460
1673490
1673580
1673690
1673710
1673880
1674010
1674020
1674120
1674150
1674160
1674180
1674260
1674300
1674330
1674530
1674620
1674660
1674900
1675040
1675080
1675260
1675310
1675320
1675440
1675520
1675530
1675610
1675690
1675880
1676090
1676280
1676180
1676340
1676360
1676440
1676580
1676560
1676590
1676610
1676660
1676700
1676770
1676950
1676970
1676990
1922500
1922580
1922610
1922620
1922670
1922760
1922770
1922800
1922830
1922940
1922980
1922990
1923120
1923230
1923380
1923480
1923500
1923770
1923780
1923840
1923850
1923880
1923900
1923960
1924070
1924090
1924140
1924200
1924340
1924350
1924390
1924470
1924520
1924550
1924670
1924680
1924710
1924840
1924900
1925000
1925010
1925030
1925040
1925050
1925060
1925210
1925530
1925540
1925550
1925660
1925710
1925740
1925770
1925780
1925850
1925860
1925900
1925910
1926060
1926070
1926180
1926190
1926280
1926330
1926360
1926420
1926550
1926610
1926680
1926800
1926830
1926810
1926880
1926890
1927000
1927020
1927030
1927040
1927090
1927130
1927150
1927170
1927200
1927300
1927360
1927370
1927420
1927600
1927610
1927620
1927690
1927830
1927820
1927920
1927970
1927980
1928020
1928190
1928290
1928300
1826160
1826130
1826200
1826210
1826230
1826350
1826380
1826400
1826420
1826460
1826490
1826590
1826650
1826680
1826690
1826770
1826820
1826830
1826880
1826900
1827040
1827060
1827200
1827220
1827240
1827260
1827300
1827440
1827460
1827500
1827560
1827570
1827630
1827640
1827650
1827690
1827700
1827730
1827820
1827840
1827900
1827950
1827970
1827960
1828040
1828010
1828100
1828180
1828280
1828310
1828380
1828490
1828550
1828580
1828640
1828650
1828660
1828710
1828720
1828780
1828830
1828950
1828970
1829000
1829070
1829110
1829250
1829270
1829430
1829560
1829570
1829740
1829760
1829880
1829920
1830050
1830130
1830160
1830170
1830180
1830190
1830280
1830290
1830350
1830730
1830760
1830770
1830780
1830830
1830840
1830850
1830900
1830950
1831010
1831050
1831090
1831100
1831110
1831120
1831130
1868430
1868460
1868500
1868540
1868580
1868600
1868650
1868680
1868750
1868760
1868800
1868840
1868850
1868870
1869020
1869070
1869090
1869110
1869120
1869250
1869280
1869460
1869490
1869570
1869620
1869630
1869680
1869770
1869830
1869890
1870190
1870200
1870300
1870330
1870390
1870400
1870430
1870460
1870480
1870490
1870550
1870610
1870700
1870710
1870850
1870910
1870930
1871100
1871110
1871230
1871260
1871290
1871330
1871420
1871430
1871450
1871460
1871480
1871490
1871600
1871610
1871620
1871650
1871750
1871760
1871840
1871900
1871940
1872100
1872250
1872270
1872280
1872410
1872430
1872450
1872470
1872520
1872580
1872620
1872660
1872710
1872780
1872800
1872860
1872920
1873080
1872970
1873220
1873240
1873380
1873410
1873430
1873450
1873540
1873720
1873740
1873750
1873780
1873810
1873820
2077340
2077370
2077460
2077580
2077590
2077660
2077670
2077680
2077700
2077770
2077860
2077930
2078040
2077950
2078200
2078160
2078210
2078230
2078370
2078410
2078460
2078500
2078580
2078650
2078710
2078790
2078810
2078820
2078850
2078930
2079130
2079150
2079280
2079410
2079460
2079480
2079570
2079530
2079580
2079640
2079680
2079690
2079860
2079820
2079920
2079980
2079990
2079520
2080070
2080130
2080140
2080170
2080210
2080380
2080420
2080450
2080490
2080570
2080620
2080660
2080670
2080700
2080820
2080890
2080930
2080940
2080950
2080960
2081170
2081290
2081300
2081360
2081350
2081390
2081490
2081500
2081580
2081590
2081610
2081600
2081720
2081630
2081730
2081760
2081770
2081790
2081800
2081830
2081810
2081880
2081960
2081970
2082000
2082160
2082210
2082230
2082290
2082310
2082400
2082440
1677010
1677020
1677100
1677130
1677240
1677250
1677300
1677450
1677360
1677590
1677720
1677900
1678020
1678040
1678350
1678360
1678410
1678440
1678570
1678590
1678650
1678700
1678770
1678780
1678810
1678830
1678880
1678940
1679000
1679060
1679090
1679180
1679330
1679360
1679470
1679480
1679540
1679720
1679590
1679820
1679800
1679830
1679890
1680070
1680290
1680300
1680370
1680390
1680540
1680580
1680620
1680630
1680660
1680680
1680690
1680790
1680800
1680890
1680910
1680980
1680990
1681080
1681110
1681140
1681290
1681320
1681330
1681360
1681550
1681520
1681640
1681760
1681720
1682020
1681990
1682000
1682040
1682050
1682070
1682150
1682320
1682330
1682340
1682350
1682400
1682380
1682470
1682490
1682520
1682580
1682670
1682690
1682750
1682820
1682960
1682990
1683050
1683400
1683450
1683420
1831140
1831150
1831230
1831260
1831350
1831380
1831520
1831480
1831540
1831560
1831580
1831610
1831650
1831670
1831770
1831740
1831800
1831850
1831900
1831950
1832000
1832110
1832130
1832180
1832240
1832270
1832370
1832480
1832560
1832580
1832680
1832760
1832780
1832790
1832850
1832980
1832990
1833060
1833130
1833170
1833240
1833340
1833350
1833480
1833540
1833550
1833570
1833660
1833680
1833710
1833770
1833820
1833840
1833850
1833860
1833870
1833930
1833950
1834010
1834170
1834200
1834320
1834370
1834390
1834430
1834530
1834560
1834570
1834640
1834700
1834740
1834750
1834930
1834940
1834960
1834980
1835010
1835030
1835080
1835120
1835200
1835210
1835220
1835260
1835330
1835360
1835370
1835460
1835470
1835490
1835500
1835540
1835530
1835570
1835670
1835790
1835820
1836150
1836390
1836400
1928310
1928330
1928380
1928410
1928500
1928550
1928680
1928740
1928850
1928890
1928900
1928930
1929170
1929230
1929250
1929300
1929350
1929410
1929420
1929460
1929480
1929500
1929540
1929550
1929560
1929650
1929710
1929720
1929800
1929810
1929820
1929860
1929900
1929980
1930000
1930190
1930210
1930230
1930300
1930350
1930390
1930680
1930740
1930780
1930830
1930840
1930980
1931040
1931250
1931150
1931310
1931360
1931380
1931410
1931440
1931460
1931710
1931740
1931820
1931860
1931890
1931900
1932050
1931990
1932120
1932190
1932220
1932250
1932280
1932290
1932300
1932340
1932380
1932520
1932670
1932750
1932760
1932810
1932960
1932970
1932980
1933000
1933010
1933100
1933170
1933160
1933230
1933290
1933350
1933370
1933400
1933520
1933800
1933820
1933830
1933930
1933960
1934080
1934230
1934270
1874060
1874190
1874220
1874230
1874420
1874480
1874510
1874620
1874550
1874630
1874770
1874980
1874990
1875100
1875120
1875180
1875230
1875350
1875370
1875380
1875410
1875470
1875520
1875600
1875710
1875750
1875770
1875800
1875850
1875870
1876010
1876030
1876050
1876130
1876120
1876180
1876230
1876360
1876240
1876410
1876430
1876470
1876530
1876810
1876850
1876870
1876880
1876890
1876910
1876950
1876930
1877080
1877250
1877260
1877350
1877410
1877480
1877510
1877520
1877560
1877600
1877720
1877650
1877780
1877800
1877820
1877900
1878020
1878050
1878110
1878190
1878260
1878290
1878300
1878380
1878490
1878580
1878670
1878660
1878720
1878730
1878930
1878970
1878990
1879000
1879060
1879130
1879170
1879180
1879240
1879250
1879270
1879340
1879400
1879520
1879560
1879670
1879760
1879730
1879810
1683500
1683540
1683570
1683600
1683630
1683640
1683650
1683680
1683690
1683750
1683870
1683950
1683970
1683990
1684050
1684040
1684110
1684130
1684250
1684290
1684370
1684420
1684460
1684520
1684510
1684560
1684610
1684650
1684720
1684880
1685000
1685270
1685510
1685550
1685620
1685660
1685740
1685770
1685840
1685880
1685930
1685940
1686050
1686070
1686090
1686170
1686230
1686240
1686260
1686280
1686350
1686380
1686560
1686610
1686670
1686720
1686770
1686780
1686800
1686820
1686950
1687010
1687020
1687070
1687090
1687100
1687120
1687130
1687170
1687200
1687300
1687350
1687390
1687430
1687460
1687470
1687480
1687570
1687730
1687740
1687840
1688140
1688160
1688210
1688220
1688390
1688490
1688530
1688590
1688600
1688640
1688710
1688800
1688970
1689130
1689140
1689150
1689240
1689250
1689340
1714080
1714090
1714210
1714280
1714310
1714360
1714370
1714380
1714390
1714400
1714410
1714430
1714470
1714480
1714500
1714530
1714640
1714680
1714710
1714830
1714980
1715030
1715190
1715250
1715290
1715490
1715510
1715560
1715710
1715720
1715730
1715780
1715800
1716330
1716450
1716500
1716530
1716570
1716600
1716710
1716760
1716770
1716820
1716860
1716870
1716890
1716910
1717160
1717170
1717190
1717250
1717290
1717310
1717330
1717400
1717580
1717670
1717730
1717800
1717810
1717850
1717940
1718040
1718080
1718090
1718240
1718300
1718380
1718450
1718700
1718680
1719150
1719160
1719210
1719230
1719420
1719240
1719480
1719490
1719510
1719530
1719600
1719660
1719670
1719700
1719710
1719790
1719970
1719980
1719990
1720020
1720070
1720120
1720140
1720210
1720270
1720390
1720520
1720620
1720700
1783110
1783150
1783620
1783740
1783780
1783900
1783910
1783960
1784000
1784130
1784160
1784180
1784230
1784310
1784410
1784650
1784730
1784840
1784860
1784950
1784970
1785020
1785100
1785160
1785190
1785220
1785230
1785400
1785430
1785440
1785520
1785530
1785580
1785630
1785700
1785770
1785950
1785980
1786080
1786100
1786320
1786330
1786350
1786500
1786580
1786630
1786680
1786740
1786720
1786750
1786780
1786810
1786820
1786860
1786900
1786910
1786950
1786960
1787000
1787010
1787230
1787360
1787390
1787410
1787420
1787450
1787460
1787580
1787610
1787680
1787690
1787900
1787870
1788060
1788130
1788180
1788220
1788260
1788460
1788500
1788520
1788650
1788660
1789070
1789080
1789100
1789210
1789220
1789280
1789340
1789380
1789440
1789460
1789470
1789600
1790250
1790350
1790400
1790550
1790560
1689360
1689370
1689390
1689430
1689510
1689530
1689540
1689570
1689640
1689650
1689680
1689880
1689890
1690000
1690050
1690100
1690190
1690320
1690340
1690350
1690380
1690480
1690500
1690580
1690620
1690710
1690760
1690830
1691300
1691490
1691500
1691550
1691600
1691630
1691780
1691820
1692120
1692130
1692230
1692240
1692270
1692360
1692480
1692560
1692550
1692570
1692700
1692870
1692900
1692940
1692950
1692980
1693000
1693010
1693070
1693140
1693150
1693230
1693250
1693300
1693340
1693350
1693390
1693410
1693460
1693530
1693480
1693570
1693600
1693660
1693770
1693710
1693780
1693800
1693820
1693850
1693890
1693950
1693960
1694000
1694020
1694160
1694170
1694310
1694370
1694430
1694470
1694550
1694640
1694610
1694860
1694890
1694920
1694970
1695040
1695310
1695330
1695400
1695450
1695530
1934330
1934300
1934350
1934360
1934370
1934440
1934520
1934620
1934650
1934700
1934720
1934860
1934900
1934930
1934940
1934990
1935160
1935300
1935340
1935370
1935420
1935500
1935430
1935670
1935720
1935750
1935810
1935830
1935850
1935910
1935940
1935960
1936020
1936080
1936150
1936380
1936310
1936390
1936510
1936490
1936480
1936530
1936640
1936660
1936700
1936710
1936750
1936770
1936800
1936810
1936860
1936940
1937030
1937070
1937050
1937120
1937260
1937230
1937300
1937460
1937540
1937610
1937640
1937860
1937880
1937890
1937900
1937930
1937960
1938030
1938050
1938100
1938110
1938160
1938190
1938210
1938300
1938360
1938500
1938540
1938550
1938560
1938580
1938600
1938620
1938630
1938690
1938720
1938750
1938770
1938830
1938840
1938900
1939020
1939320
1939280
1939350
1939390
1939470
1939490
1879850
1879860
1880080
1880130
1880150
1880200
1880290
1880420
1880630
1880670
1880710
1880760
1880860
1880870
1880920
1880900
1880930
1880960
1881010
1881140
1881160
1881240
1881280
1881290
1881300
1881320
1881440
1881390
1881570
1881690
1881790
1881940
1881950
1882120
1882130
1882170
1882180
1882350
1882390
1882400
1882410
1882420
1882430
1882460
1882480
1882590
1882630
1882640
1882690
1882880
1882900
1883020
1883120
1883200
1883210
1883220
1883230
1883270
1883280
1883340
1883360
1883580
1883600
1883680
1883840
1883880
1883930
1883980
1884020
1884060
1884160
1884310
1884350
1884380
1884510
1884610
1884640
1884660
1884720
1884790
1884970
1885380
1885040
1885400
1885510
1885520
1885530
1885700
1885660
1885720
1885730
1885830
1885790
1885880
1885860
1885930
1885940
1885960
1886000
1886080
1720760
1720770
1720800
1720810
1720830
1720930
1720940
1720980
1721000
1721010
1721180
1721230
1721330
1721460
1721490
1721550
1721570
1721590
1721620
1721680
1721790
1721820
1721840
1721960
1722050
1722090
1722120
1722370
1722580
1722590
1722610
1722740
1722700
1722670
1722790
1722800
1722820
1722830
1722870
1722940
1723030
1723100
1723260
1723540
1723460
1723610
1723750
1723770
1724030
1724040
1724060
1724080
1724150
1724100
1724160
1724170
1724190
1724280
1724300
1724310
1724360
1724410
1724420
1724460
1724540
1724490
1724630
1724890
1724950
1725170
1725220
1725270
1725290
1725360
1725370
1725380
1725410
1725840
1725850
1725980
1726100
1726210
1726360
1726370
1726530
1726550
1726610
1726650
1726660
1726690
1726700
1726720
1726860
1726930
1726890
1727030
1727040
1727540
1727760
1727780
1790580
1790690
1790810
1790820
1790840
1790900
1790940
1791090
1791100
1791300
1791310
1791360
1791400
1791410
1791430
1791480
1791580
1791630
1791750
1791850
1791860
1791880
1792000
1792020
1792060
1792070
1792100
1792130
1792150
1792160
1792170
1792350
1792430
1792390
1792500
1792530
1792700
1792730
1792780
1792850
1792920
1793000
1793040
1793070
1793190
1793200
1793250
1793330
1793530
1793440
1793560
1793580
1793610
1793800
1793810
1793890
1793990
1793920
1794000
1794130
1794170
1794210
1794190
1794240
1794250
1794320
1794330
1794340
1794370
1794380
1794390
1794400
1794430
1794450
1794470
1794560
1794580
1794620
1794640
1794670
1794690
1794750
1794780
1794830
1794860
1794920
1794930
1795030
1795090
1795100
1795150
1795260
1795340
1795420
1795440
1795530
1795540
1795580
1795670
1795790
1939590
1939600
1939630
1939700
1939740
1939770
1939780
1939880
1939920
1939940
1939960
1940080
1940180
1940270
1940360
1940490
1940500
1940520
1940610
1940840
1940870
1940890
1941150
1941200
1941280
1941370
1941380
1941430
1941450
1941490
1941510
1941570
1941620
1941640
1941650
1942150
1942300
1942360
1942400
1942770
1942850
1942870
1942890
1942920
1942900
1943020
1943060
1943240
1943300
1943360
1943380
1943400
1943730
1943780
1943810
1943840
1943980
1944020
1944040
1944050
1944110
1944130
1944200
1944260
1944510
1944640
1944660
1944670
1944700
1944740
1944810
1944870
1944880
1944960
1945010
1945030
1945180
1945230
1945280
1945590
1945710
1945720
1945730
1945740
1945770
1945860
1945880
1945900
1946060
1946150
1946170
1946320
1946340
1946380
1946430
1946440
1946460
1946470
1946490
1946560
1886110
1886170
1886210
1886230
1886820
1886910
1886960
1887020
1887070
1887150
1887190
1887270
1887280
1887320
1887340
1887380
1887440
1887570
1887580
1887680
1887860
1887910
1888130
1888070
1888290
1888300
1888380
1888420
1888460
1888480
1888560
1888570
1888630
1888690
1888750
1888860
1888880
1888910
1888920
1889010
1889020
1889030
1889050
1889100
1889120
1889160
1889190
1889200
1889370
1889500
1889450
1889630
1889700
1889810
1889840
1889850
1889880
1889890
1889970
1889990
1890230
1890270
1890350
1890360
1890500
1890450
1890510
1890610
1890630
1890680
1890700
1890750
1890780
1890790
1890810
1890820
1890910
1890950
1891030
1891120
1891130
1891240
1891320
1891340
1891420
1891460
1891510
1891520
1891550
1891560
1891580
1891650
1891840
1891900
1891970
1892040
1892080
1892090
1892100
1892140
1695600
1695620
1695790
1695670
1695791
1695792
1695794
1695795
1695800
1695810
1695840
1695870
1695890
1696020
1696050
1696090
1696110
1696150
1696260
1696450
1696550
1696620
1696630
1696740
1696770
1696910
1696950
1697020
1697030
1697070
1697160
1697170
1697250
1697500
1697520
1697550
1697630
1697850
1697870
1697940
1698000
1698060
1698020
1698110
1698140
1698400
1698470
1698480
1698530
1698600
1698670
1698690
1698740
1698850
1698930
1698990
1699030
1699140
1699050
1699170
1699230
1699180
1699240
1699280
1699290
1699320
1699480
1699490
1699500
1699530
1699720
1699770
1699890
1699900
1699930
1699950
1699990
1700050
1700080
1700110
1700240
1700270
1700300
1700330
1700400
1700410
1700420
1700440
1700850
1700860
1700900
1700920
1700930
1701130
1701080
1701140
1701160
1701300
1701340
1701370
1727840
1727900
1728090
1728150
1728260
1728290
1728380
1728320
1728410
1728450
1728490
1728500
1728550
1728670
1728840
1729080
1729070
1729140
1729180
1729190
1729280
1729380
1729640
1729780
1729840
1730010
1730050
1730150
1730160
1730170
1730220
1730240
1730280
1730340
1730450
1730500
1730520
1730550
1730720
1730750
1730790
1730820
1730830
1730850
1730930
1731000
1731010
1731090
1731120
1731130
1731190
1731230
1731370
1731390
1731470
1731560
1731830
1731930
1732110
1732170
1732260
1732500
1732430
1732560
1732760
1732840
1732930
1732910
1732980
1733050
1733080
1733090
1733140
1733170
1733220
1733270
1733280
1733440
1733540
1733860
1734000
1734040
1734110
1734160
1734130
1734390
1734430
1734600
1734700
1734850
1734860
1734980
1735030
1735040
1735080
1735090
1735140
1735350
1735370
1735400
1795820
1795830
1795970
1795980
1796040
1796060
1796070
1796080
1796100
1796110
1796190
1796200
1796280
1796310
1796340
1796350
1796440
1796500
1796570
1796660
1796750
1796720
1796890
1797060
1797130
1797180
1797260
1797270
1797370
1797300
1797390
1797400
1797480
1797500
1797510
1797550
1797570
1797590
1797740
1797750
1797790
1797820
1797850
1798110
1798170
1798240
1798410
1798460
1798470
1798480
1798620
1798690
1798760
1798820
1798870
1798880
1798980
1799020
1799140
1799160
1799180
1799280
1799530
1799560
1799590
1799620
1799840
1799890
1799900
1799940
1799990
1800000
1800010
1800030
1800070
1800230
1800250
1800290
1800340
1800470
1800510
1800600
1800670
1800780
1800850
1800860
1801010
1801050
1801070
1801140
1801150
1801200
1801270
1801360
1801370
1801400
1801430
1801440
1801450
1801520
1701400
1701470
1701560
1701580
1701740
1701760
1701810
1701820
1701830
1701900
1702230
1702300
1702400
1702480
1702610
1702620
1702630
1702770
1702850
1702890
1702960
1703030
1703180
1703190
1703210
1703220
1703280
1703450
1703380
1703540
1703620
1703740
1703930
1704070
1704120
1704130
1704160
1704180
1704210
1704240
1704450
1704540
1704590
1704700
1704950
1705020
1705030
1705130
1705150
1705350
1705390
1705510
1705620
1705650
1705780
1705890
1705920
1705930
1705970
1706100
1706130
1706260
1706270
1706280
1706360
1706390
1706420
1706510
1706550
1706740
1706800
1706870
1706960
1706970
1706980
1707090
1707150
1707170
1707260
1707270
1707280
1707330
1707380
1707490
1707510
1707570
1707590
1707610
1707640
1707680
1707700
1707710
1707780
1707830
1707840
1707950
1707970
1708050
1708070
1708180
1892220
1892290
1892460
1892490
1892630
1892670
1892700
1892740
1892780
1892750
1892920
1893000
1893130
1893080
1893210
1893260
1893310
1893300
1893320
1893370
1893390
1893460
1893440
1893590
1893600
1893770
1893800
1893910
1893940
1893930
1893950
1893970
1894090
1894100
1894120
1894140
1894190
1894210
1894300
1894370
1894570
1894700
1894790
1894910
1894880
1894920
1894940
1894990
1895220
1895370
1895660
1895740
1895720
1895760
1895960
1896000
1896010
1896090
1896110
1896180
1896200
1896250
1896310
1896330
1896370
1896390
1896510
1896690
1896720
1896760
1896790
1896800
1896840
1896870
1896900
1896990
1897010
1897030
1897060
1897100
1897150
1897300
1897400
1897420
1897450
1897590
1897600
1897770
1897780
1897860
1897890
1897910
1897950
1897970
1897980
1898010
1898020
1898100
1898110
1898120
1946600
1946750
1946760
1946980
1947020
1947090
1947160
1947220
1947290
1947440
1947460
1947470
1947490
1947530
1947570
1947670
1947580
1947800
1947720
1947810
1947860
1947890
1947930
1947990
1948140
1948150
1948190
1948220
1948230
1948300
1948370
1948400
1948490
1948520
1948540
1948550
1948630
1948680
1948690
1948800
1948870
1948890
1948920
1948930
1948940
1949010
1949000
1949130
1949150
1949140
1949210
1949310
1949260
1949500
1949600
1949640
1949680
1949890
1949930
1949970
1949980
1950370
1950300
1950450
1950530
1950580
1950590
1950600
1950760
1950830
1950920
1951040
1951140
1951210
1951350
1951420
1951480
1951500
1951520
1951530
1951650
1951720
1951840
1951850
1951880
1951900
1952020
1952100
1952270
1952550
1952560
1952590
1952670
1952690
1952750
1952770
1952810
1952820
1952860
1952920
1735570
1735600
1735660
1735970
1736200
1736220
1736450
1736510
1736530
1736620
1736680
1736760
1736830
1736910
1736970
1737110
1737280
1737340
1737370
1737460
1737470
1737510
1737520
1737530
1737550
1737750
1737740
1737830
1737840
1737910
1738160
1738480
1738620
1738570
1738640
1738670
1738830
1738880
1738890
1739030
1738990
1739080
1739260
1739280
1737620
1739300
1739500
1739520
1739560
1739580
1739650
1739940
1739960
1740080
1740130
1740220
1740250
1740530
1740550
1740680
1740950
1741270
1741430
1741440
1741450
1741480
1741870
1741900
1741940
1742040
1742110
1742170
1742250
1742310
1742360
1742390
1742410
1742440
1742470
1742500
1742600
1742730
1742750
1742770
1742830
1742820
1742850
1742860
1742870
1742910
1742950
1742970
1743000
1743110
1743140
1743450
1743470
1743530
1743570
1743580
1708200
1708270
1708350
1708340
1708400
1708490
1708510
1708540
1708560
1708730
1708770
1708880
1708950
1708990
1709150
1709190
1709250
1709280
1709320
1709330
1709440
1709540
1709570
1709640
1709650
1709660
1709710
1709760
1709830
1709870
1709920
1710000
1710040
1710110
1710160
1710180
1710200
1710260
1710460
1710480
1710670
1710690
1710720
1710730
1710740
1710760
1710790
1710810
1710910
1710920
1710950
1710960
1711110
1711230
1711280
1711290
1711300
1711310
1711460
1711470
1711560
1711520
1711700
1711740
1711790
1711930
1711980
1711990
1712030
1712050
1712270
1712290
1712320
1712340
1712360
1712490
1712510
1712530
1712640
1712690
1712720
1712810
1712820
1712880
1712890
1712900
1713080
1713130
1713210
1713310
1713350
1713410
1713590
1713710
1713620
1713790
1713770
1713820
1713880
1713980
1952950
1952960
1952970
1952980
1952990
1953120
1953530
1953600
1953550
1953630
1953650
1953660
1953780
1953840
1953850
1953920
1953980
1954070
1954160
1954250
1954310
1954340
1954360
1954380
1954550
1954570
1954590
1954720
1954830
1954910
1954990
1955030
1955040
1955120
1955150
1955170
1955200
1955300
1955260
1955310
1955380
1955320
1955390
1955410
1955450
1955420
1955500
1955520
1955640
1955650
1955720
1955790
1955950
1956180
1955980
1956220
1956240
1956260
1956280
1956330
1956350
1956490
1956650
1956730
1956770
1956790
1956840
1956820
1956850
1956860
1956910
1956930
1957010
1957060
1957070
1957110
1957120
1957170
1957310
1957340
1957380
1957430
1957460
1957670
1957680
1957830
1957890
1957940
1958040
1958130
1958270
1958570
1958620
1958800
1958850
1958900
1959040
1959120
1959280
1959330
2263240
2263230
2263360
2263330
2263380
2263250
2263290
2263260
2263430
2263530
2263660
2263520
2263500
2263450
2263740
2263720
2263760
2263780
2263950
2263960
2264000
2263860
2264120
2264160
2264190
2264110
2264090
2264240
2264300
2264210
2264290
2264420
2264430
2264410
2264690
2264500
2264510
2264460
2264550
2264440
2264760
2264750
2264840
2264770
2264820
2264780
2265020
2264950
2265040
2265130
2265080
2265190
2265160
2265240
2265220
2265290
2265380
2265320
2265410
2265370
2265420
2265490
2265460
2265640
2265590
2265830
2265760
2265870
2265750
2265730
2265940
2265950
2266010
2265990
2265920
2265530
2266020
2266030
2266190
2266270
2266050
2266200
2266060
2266590
2266530
2266640
2266510
2266500
2266360
2266870
2266780
2266850
2266750
2266890
2267040
2267120
2266920
2267070
2267230
2267360
1743610
1743670
1743730
1743780
1743790
1744020
1744070
1744120
1744130
1744290
1744350
1744380
1744590
1744630
1744640
1744670
1744740
1744760
1744770
1744820
1744850
1744880
1744930
1745020
1745040
1745050
1745140
1745160
1745190
1745210
1745260
1745340
1745350
1745530
1745680
1745810
1745820
1745840
1745860
1745920
1745960
1745990
1746040
1746140
1746340
1746400
1746650
1746760
1746980
1747150
1747160
1747190
1747330
1747430
1747470
1747510
1747680
1747860
1747900
1747980
1748020
1748050
1748060
1748070
1748090
1748100
1748250
1748260
1748280
1748330
1748380
1748340
1748490
1748570
1748600
1748650
1748700
1748760
1748900
1748910
1749050
1748930
1749140
1749200
1749240
1749340
1749400
1749440
1749410
1749460
1749510
1749580
1749640
1749710
1750010
1750050
1750080
1750070
1750280
1750370
1801700
1801670
1801940
1801980
1802070
1802090
1802100
1802110
1802120
1802160
1802240
1802210
1802270
1802420
1802530
1802610
1802620
1802630
1802670
1802680
1802820
1803060
1803070
1803090
1803140
1803110
1803150
1803190
1803210
1803220
1803230
1803330
1803360
1803390
1803440
1803450
1803470
1803500
1803610
1803620
1803690
1803810
1803820
1803850
1803870
1803920
1804000
1804020
1804040
1804170
1804180
1804320
1804340
1804360
1804380
1804390
1804470
1804520
1804530
1804570
1804600
1804620
1804640
1804740
1804730
1804780
1804860
1804820
1804950
1804990
1805040
1805110
1805150
1805170
1805190
1805230
1805250
1805260
1805270
1805320
1805400
1805470
1805500
1805510
1805610
1805570
1805640
1805680
1805730
1805740
1805820
1805970
1805980
1806120
1806480
1806540
1806550
1806630
1806690
1806910
2308790
2308940
2308810
2309240
2309090
2308960
2309120
2309280
2309060
2309440
2309460
2309550
2309640
2309350
2309690
2309840
2309720
2309760
2309880
2309830
2309730
2310010
2310130
2309900
2310100
2310160
2310070
2310230
2310260
2310590
2310440
2310770
2310620
2310740
2310430
2310630
2310190
2310660
2310830
2310860
2310840
2310870
2311140
2310990
2311060
2310980
2311200
2311020
2311210
2311310
2311360
2311150
2311560
2311550
2311460
2311530
2311780
2311790
2311840
2311890
2311940
2312190
2312170
2312270
2312280
2312400
2312370
2311980
2311820
2312620
2312580
2312450
2312730
2312490
2312860
2312430
2312930
2312920
2312950
2312560
2313210
2313180
2313170
2313140
2313030
2313490
2313230
2313380
2313220
2313000
2313590
2313270
2313560
2313660
2313570
2313630
2313710
2313830
2313850
2313810
1806830
1806920
1806940
1807020
1807150
1807190
1807300
1807310
1807430
1807500
1807580
1807590
1807700
1807950
1808040
1808160
1808200
1808230
1808250
1808320
1808330
1808380
1808420
1808440
1808460
1808490
1808540
1808550
1808730
1808770
1808820
1808860
1808870
1808890
1808920
1808950
1808960
1809090
1809130
1809170
1809230
1809350
1809370
1809390
1809480
1809530
1809570
1809750
1809820
1809850
1809890
1809900
1809960
1810020
1810200
1810320
1810330
1810340
1810350
1810450
1810460
1810630
1810650
1810670
1810700
1810710
1810730
1810840
1810900
1810980
1811000
1811190
1811330
1811350
1811380
1811390
1811430
1811490
1811520
1811910
1812070
1812140
1812200
1812240
1812250
1812340
1812640
1812710
1812870
1813000
1813010
1813110
1813120
1813180
1813200
1813230
1813240
1813250
1813290
1813300
1750440
1750450
1750470
1750530
1750580
1750620
1750690
1750910
1750940
1750980
1751160
1751230
1751270
1751330
1751400
1751350
1751480
1751500
1751560
1751720
1751730
1751820
1751850
1751860
1751950
1751970
1751990
1752030
1752050
1752210
1752240
1752400
1752420
1752530
1752540
1752600
1752820
1752990
1753020
1753130
1753280
1753340
1753420
1753440
1753500
1753660
1753670
1753690
1753730
1753860
1753870
1753900
1754020
1754170
1754250
1754430
1754450
1754500
1754550
1754580
1754650
1754860
1754870
1754940
1754950
1755080
1755090
1755110
1755250
1755390
1755460
1755520
1755530
1755550
1755600
1755610
1755650
1755660
1755690
1755750
1755950
1756020
1756060
1756080
1756100
1756210
1756220
1756140
1756230
1756280
1756310
1756410
1756430
1756440
1756450
1756550
1756600
1756630
1756650
1756730
2267260
2267340
2267320
2267220
2267290
2267590
2267570
2267580
2267480
2267600
2267560
2267500
2267790
2267800
2267710
2267660
2267900
2267840
2267630
2268160
2267940
2268220
2267970
2268200
2268140
2268000
2268260
2268280
2268340
2268310
2268440
2268580
2268550
2268600
2268460
2268520
2268560
2268430
2268780
2269000
2268800
2269030
2269270
2269090
2269060
2269120
2269170
2269290
2269300
2269310
2269280
2269330
2269410
2269350
2269320
2269490
2269420
2269500
2269530
2269540
2269360
2269640
2269590
2269580
2269680
2269700
2269730
2269720
2269690
2269650
2269800
2269770
2269880
2269930
2270000
2269970
2269950
2270200
2270130
2270150
2270040
2270020
2270240
2270250
2270230
2270210
2270270
2270220
2270310
2270320
2270290
2270360
2270400
2270540
2270280
2270500
2270460
2270410
2270570
2270630
2352100
2352510
2352480
2352400
2352350
2352380
2352390
2352230
2352190
2352130
2352630
2352680
2352540
2352600
2352670
2352520
2352710
2352740
2352770
2352790
2352810
2352820
2353050
2353120
2353100
2352960
2353010
2352850
2353190
2353180
2353220
2353250
2353520
2353470
2353360
2353420
2353640
2353580
2353800
2353700
2353570
2353930
2353980
2353840
2353880
2353830
2354000
2354050
2354070
2354060
2354090
2354120
2354040
2354200
2354310
2354330
2354250
2354630
2354570
2354580
2354450
2354560
2354460
2354400
2354760
2354670
2354710
2354770
2354640
2354910
2354880
2354840
2354780
2354920
2354970
2354930
2355000
2355140
2355070
2355110
2355130
2355100
2355270
2355250
2355170
2355150
2355520
2355630
2355670
2355290
2355660
2355790
2355770
2355810
2355700
2355930
2355950
2355840
2355910
2356040
2314020
2313720
2314070
2314100
2313740
2313990
2314050
2314060
2314350
2314330
2314340
2314380
2314470
2314440
2314530
2314930
2314940
2314960
2314880
2314450
2315050
2315000
2314980
2315110
2315010
2315590
2315570
2315520
2315100
2315680
2315700
2315460
2315900
2315490
2315970
2316020
2315920
2316030
2315800
2316300
2316290
2316240
2316320
2316110
2316310
2316330
2316420
2316450
2316210
2316710
2316640
2316700
2316770
2316430
2316870
2316930
2316860
2316960
2317110
2317120
2316800
2317190
2317180
2317220
2317320
2317330
2317250
2316880
2317420
2317170
2317570
2317550
2317440
2317680
2317810
2317610
2317790
2317700
2317640
2317520
2317890
2317430
2318230
2318250
2318290
2318300
2318430
2318440
2318420
2318090
2318520
2317910
2317870
2318260
2318120
2318350
2318670
2318630
2318590
2318640
1756740
1756790
1756900
1757000
1757010
1757030
1757170
1757260
1757450
1757510
1757580
1757720
1757750
1757760
1757960
1757970
1757990
1758070
1758080
1758250
1758260
1758390
1758410
1758470
1758600
1758650
1758770
1758810
1758870
1759010
1759150
1759070
1759160
1759430
1759510
1759780
1759820
1759910
1759920
1759990
1760040
1760090
1760140
1760180
1760220
1760270
1760310
1760300
1760580
1760640
1760660
1760990
1761000
1761030
1761210
1761310
1761340
1761480
1761690
1761730
1761790
1761810
1761820
1761860
1761910
1762100
1762130
1762230
1762240
1762250
1762300
1762570
1762830
1762850
1762910
1762920
1762950
1763040
1763090
1763100
1763160
1763190
1763170
1763270
1763290
1763350
1763380
1763570
1763590
1763600
1763660
1763830
1763990
1764050
1764220
1764270
1764280
1764570
1764710
1764740
2270640
2270930
2270960
2270940
2270700
2271040
2270720
2271140
2270750
2271110
2271100
2271150
2271250
2271170
2271280
2271200
2271160
2271360
2271540
2271430
2271390
2271750
2271500
2271810
2271890
2271930
2272040
2272050
2272300
2272150
2272220
2272310
2272180
2272410
2272420
2272600
2272860
2272800
2272720
2272630
2272640
2273040
2272850
2273110
2272870
2273460
2273470
2273650
2273520
2273510
2273220
2273490
2273530
2273720
2273850
2273880
2274000
2273920
2274270
2274320
2274150
2274190
2274380
2274330
2274340
2274460
2274580
2274560
2274870
2274710
2274970
2274810
2275010
2274980
2275000
2274890
2275100
2275130
2275180
2275220
2275370
2275420
2275440
2275290
2275240
2275340
2275300
2275600
2275450
2275650
2275560
2275760
2275790
2275720
2275700
2275680
2275840
2275880
2275980
2275870
2356350
2356390
2356300
2356220
2356330
2356460
2356530
2356640
2356480
2356720
2356810
2356660
2357020
235700
2356850
2357100
2356920
2357200
2357230
2357390
2357340
2357350
2357290
2357510
2357410
2357670
2357550
2357590
2357610
2357740
2357800
2357770
2357990
2358060
2358040
2358200
2358120
2357970
2358090
2358270
2358240
2358230
2358280
2358360
2358320
2358390
2358420
2358490
2358590
2358540
2358600
2358500
2358740
2358870
2358860
2358800
2358880
2358630
2358950
2358980
2358900
2359100
2359270
2359030
2359020
2359280
2359460
2359410
2359340
2359330
2359370
2359310
2359390
2359610
2359800
2359980
2359940
2359880
2359920
2359830
2359860
2360020
2360040
2360090
2360000
2360130
2360160
2360210
2360310
2360390
2360580
2360350
2360440
2360550
2360340
2360640
2360620
2360670
2360840
2360810
1813310
1813320
1813340
1813400
1813420
1813500
1813550
1813570
1813590
1813640
1813840
1813850
1813980
1814030
1814090
1814110
1814120
1814150
1814220
1814270
1814310
1814400
1814460
1814560
1814630
1814690
1814670
1814700
1814720
1814730
1814800
1814870
1814890
1815010
1815060
1815080
1815090
1815130
1815140
1815200
1815310
1815520
1815600
1815650
1815660
1815690
1815720
1816120
1816140
1816390
1816560
1816640
1816770
1816810
1817010
1817110
1817120
1817130
1817310
1817320
1817330
1817350
1817500
1817540
1817680
1817720
1817780
1817940
1818000
1818010
1818180
1818200
1818230
1818290
1818470
1818480
1818560
1818580
1818630
1818640
1818660
1818780
1818770
1819040
1819060
1819160
1819430
1819440
1819520
1819540
1819560
1819750
1819780
1819820
1819880
1819890
1819930
1819960
1819970
1820070
2318580
2318610
2318510
2318660
2318720
2318680
2318830
2318780
2318810
2319060
2318860
2318950
2318740
2318900
2319180
2318870
2319170
2319220
2319410
2319540
2319400
2319360
2319330
2319370
2319320
2319560
2319490
2319310
2319700
2320020
2319800
2319940
2320150
2320080
2320170
2319620
2319920
2320340
2320260
2320530
2320560
2320550
2320480
2320460
2320620
2320630
2320720
2320710
2320730
2320890
2320800
2320900
2320860
2320880
2320980
2320770
2321200
2321060
2320740
2321250
2321520
2321450
2321350
2321630
2321300
2321740
2321650
2321700
2321820
2321790
2321900
2321890
2321870
2321860
2322060
2321950
2322080
2321940
2322140
2322070
2322170
2322320
2322300
2322540
2322530
2322440
2322410
2322550
2322370
2322450
2322690
2322580
2322640
2322500
2322600
2322860
2323070
2323050
2323060
2323120
1764840
1764910
1764890
1764950
1764960
1764940
1765000
1765010
1765090
1765150
1765180
1765220
1765240
1765370
1765410
1765480
1765500
1765620
1765730
1765760
1765810
1765850
1765860
1765920
1765980
1766080
1766210
1766230
1766240
1766350
1766420
1766450
1766500
1766760
1766840
1766920
1766940
1767010
1767180
1767230
1767350
1767450
1767590
1767710
1767780
1767860
1767960
1767990
1768010
1768040
1768030
1768200
1768210
1768240
1768340
1768350
1768470
1768520
1768530
1768650
1768730
1768790
1768860
1768830
1768940
1768970
1768990
1769030
1769060
1769140
1769150
1769200
1769360
1769430
1769570
1769470
1769720
1769760
1769770
1769780
1769870
1769960
1770000
1770010
1770040
1770050
1770070
1770100
1770120
1770180
1770270
1770280
1770350
1770440
1770470
1770540
1770570
1770600
1770840
1770880
2275920
2275940
2276050
2276130
2276140
2276180
2276090
2276040
2276340
2276260
2276400
2276420
2276230
2276460
2276570
2276740
2276770
2276620
2276880
2276810
2276780
2276800
2276840
2277070
2277090
2277000
2276980
2277250
2277110
2277350
2277300
2277600
2277410
2277510
2277610
2277420
2277520
2277720
2277830
2277680
2277770
2277850
2277870
2278110
2277960
2278360
2278200
2278300
2278180
2278270
2278160
2278290
2278190
2278530
2278380
2278390
2278930
2278690
2278910
2279080
2279040
2279280
2279180
2279350
2279160
2279260
2279430
2279610
2279470
2279440
2279510
2279450
2279620
2279490
2279640
2279810
2279860
2279660
2280330
2279980
2280060
2280220
2280150
2279930
2280260
2279940
2279960
2280020
2279870
2280360
2280470
2280450
2280670
2280590
2280490
2280630
2280700
2280570
2280540
2280890
1820050
1820100
1820210
1820390
1820400
1820620
1820700
1820860
1820980
1820940
1821060
1821170
1821220
1821350
1821410
1821440
1821500
1821510
1821530
1821550
1821580
1821590
1821680
1821690
1821740
1821730
1821850
1821860
1821890
1821910
1821920
1821970
1822010
1822020
1822040
1822060
1822070
1822180
1822240
1822510
1822580
1822590
1822640
1822660
1822710
1822760
1822890
1822940
1823020
1823030
1823070
1823250
1823090
1823260
1823300
1823320
1823380
1823390
2247450
2247200
2247190
2247490
2247080
2247410
2247240
2247220
2247540
2247700
2247580
2247660
2247680
2247850
2247550
2247930
2247760
2247860
2247730
2247830
2247970
2248000
2247950
2248010
2248120
2248130
2248270
2248230
2248170
2248280
2248330
2248290
2248540
2248470
2248520
2248420
2248400
2248480
2248800
2248740
2248810
2248870
2360860
2360700
2360950
2360940
2360890
2360900
2360870
2360880
2360970
2361070
2361040
2361000
2361100
2361140
2361260
2361370
2361350
2361340
2361460
2361430
2361530
2361540
2361560
2361840
2361830
2361690
2361850
2361860
2361950
2362140
2362040
2362080
2362200
2362020
2362280
2362490
2362520
2362400
2362510
2362480
2362320
2362330
2362570
2362560
2362580
2362660
2362590
2362630
2362780
2362830
2363010
2363030
2362980
2362840
2363120
2363080
2363160
2363220
2363200
2363150
2363280
2363260
2363420
2363310
2363330
2363480
2363440
2363460
2363560
2363510
2363590
2363600
2363910
2363660
2363790
2363680
2363950
2363620
2363860
2363960
2364080
2364030
2364140
2364190
2364180
2364230
2364320
2364290
2364360
2364330
2364370
2364530
2364430
2364460
2364560
2364490
2364520
2364660
2364570
2364800
2322700
2323140
2323240
2323340
2323200
2323150
2323380
2323400
2323520
2323360
2323690
2323650
2323560
2323670
2323900
2323730
2323780
2323720
2323710
2324000
2323920
2324120
2324110
2324180
2324220
2324360
2324190
2324460
2324530
2324470
2324730
2324670
2324760
2324780
2324550
2324680
2324660
2324790
2325190
2324900
2324960
2325090
2325390
2325340
2325530
2325470
2325640
2325200
2325710
2325750
2325740
2325650
2325690
2325660
2325570
2325950
2325860
2325800
2326040
2325840
2326000
2326240
2326290
2326220
2326200
2326190
2326550
2326420
2326540
2326410
2326500
2326430
2326590
2326380
2326710
2326670
2326730
2326640
2326780
2326830
2326890
2326800
2326910
2326790
2327090
2327060
2327080
2327010
2327110
2327220
2327270
2327260
2327430
2327360
2327250
2327370
2327380
2327350
2327140
2327510
1770920
1770950
1771040
1771120
1771170
1771180
1771230
1771240
1771380
1771420
1771430
1771930
1771960
1772230
1772280
1772340
1772410
1772620
1772790
1772840
1772910
1772920
1772930
1773110
1773150
1773160
1773220
1773330
1773360
1773410
1773440
1773470
1773480
1773620
1773710
1773830
1773990
17740
1774030
1774090
1774190
1774380
1774390
1774420
1774410
1774450
1774880
1774930
1774940
1775000
1775020
1775100
1775150
1775160
1775080
1775270
1775300
1775320
1775350
1775410
1775360
1775430
1775460
1775620
1775530
1775700
1775730
1775770
1775790
1775840
1775850
1775960
1775990
1776000
1776220
1776290
1776540
1776560
1776590
1776610
1776700
1776730
1776800
1776820
1776840
1776940
1777060
1777200
1777210
1777320
1777350
1777600
1777630
1777650
1777730
1777800
1777960
1777990
1778020
1778040
2364700
2364630
2364720
2364610
2364760
2364920
2364830
2364940
2364930
2365030
2364960
2364990
2365060
2365130
2365110
2365120
2365150
2365070
2365380
2365230
2365240
2365250
2365310
2365350
2365640
2365540
2365420
2365410
2365750
2365800
2365920
2365820
2365860
2366060
2366190
2366120
2366050
2366100
2366440
2366360
2366240
2366210
2366290
2366450
2366700
2366690
2366710
2366760
2366500
2366990
2367150
2366770
2366950
2367190
2367050
2367120
2366850
2367280
2367330
2367370
2367320
2367600
2367640
2367680
2367560
2367590
2367460
2367440
2367570
2367660
2367840
2367800
2367780
2367790
2367740
2367850
2368200
2368160
2368100
2368030
2368330
2368310
2368250
2368320
2368340
2368350
2368650
2368370
2368540
2368570
2368430
2368490
2368530
2368510
2368400
2368390
2368720
2368780
2368800
2368670
2327560
2327480
2327580
2327590
2327600
2327730
2327850
2327700
2327690
2327740
2327840
2327720
2327780
2327870
2327950
2327970
2327980
2328150
2328260
2328070
2328180
2328360
2328280
2328370
2328500
2328450
2328680
2328690
2328660
2328710
2328770
2328740
2328670
2328840
2328990
2329050
2329110
2329090
2329080
2329170
2329070
2329190
2329490
2329390
2329520
2329530
2329300
2329290
2329690
2329610
2329600
2329480
2329670
2329900
2329800
2329840
2329930
2329910
2329790
2330060
2330070
2330090
2330250
2330130
2330160
2329940
2330040
2330290
2330270
2330310
2330520
2330510
2330640
2330570
2330760
2330610
2330740
2330490
2330770
2330920
2330810
2330930
2331050
2330660
2331150
2331080
2331040
2331070
2331160
2331240
2331210
2331280
2331340
2331350
2331370
2331470
2331390
2331580
2331420
2331480
2280740
2280710
2281080
2280990
2280900
2281100
2281200
2281040
2281130
2281070
2281160
2281170
2281270
2281310
2281370
2281390
2281580
2281470
2281700
2281530
2281520
2281340
2281620
2281730
2281760
2281890
2281850
2281900
2282050
2282080
2282010
2282130
2282190
2282200
2282380
2282480
2282360
2282260
2282600
2282410
2282620
2282650
2282810
2282730
2282760
2282740
2282790
2282820
2282930
2282920
2282990
2282940
2283070
2282910
2282900
2282840
2282890
2283140
2283170
2283200
2283090
2283110
2283250
2283330
2283240
2283400
2283230
2283340
2283390
2283380
2283410
2283490
2283460
2283540
2283580
2283720
2283780
2283650
2283660
2283600
2283820
2283850
2283910
2283860
2283870
2284000
2284290
2284210
2284160
2284380
2284520
2284480
2284630
2284530
2284600
2284590
2284810
2284640
2284800
2284650
2248830
2248670
2249100
2249060
2248960
2249020
2249120
2248950
2249250
2249070
2249530
2248900
2249360
2248920
2249600
2249800
2250270
2250190
2250450
2250230
2250300
2250370
2250460
2250290
2250080
2250390
2250330
2250480
2250550
2250510
2250520
2250670
2250560
2250840
2250830
2250850
2250780
2250740
2251170
2251120
2251220
2251040
2251210
2251240
2250870
2251270
2251280
2251430
2251420
2251310
2251500
2251570
2251510
2251630
2251540
2251650
2251680
2251730
2251740
2251840
2251900
2251780
2251870
2251920
2251970
2252000
2252310
2252180
2252190
2252290
2252930
2252900
2252710
2252470
2252330
2252750
2252550
2252940
2253130
2253070
2253260
2253200
2253080
2253560
2253510
2253590
2253680
2253760
2253780
2253770
2253910
2253900
2253930
2254270
2254020
2254200
2253970
2254390
2254410
2254540
1778050
1778150
1778270
1778280
1778300
1778320
1778330
1778380
1778500
1778560
1778610
1778690
1778860
1778880
1778890
1778970
1779020
1779030
1779060
1779080
1779090
1779270
1779280
1779310
1779450
1779500
1779590
1779610
1779670
1779750
1779770
1779890
1779790
1779910
1779940
1780000
1780010
1780060
1780070
1780090
1780100
1780110
1780130
1780220
1780150
1780230
1780250
1780280
1780310
1780450
1780470
1780480
1780530
1780550
1780600
1780570
1780610
1780680
1780850
1780950
1780990
1781060
1781110
1781250
1781450
1781500
1781550
1781520
1781640
1781730
1781740
1781870
1782000
1782050
1782120
1782180
1782190
1782230
1782260
1782270
1782320
1782380
1782390
1782420
1782480
1782510
1782560
1782590
1782640
1782670
1782780
1782760
1782810
1782820
1782950
1782970
1782980
1783100
1783080
1783130
2368810
2368820
2369170
2368840
2369320
2369130
2368880
2368940
2369250
2369440
2369430
2369460
2369380
2369500
2369600
2369550
2369640
2369740
2369590
2369610
2369520
2369580
2369780
2369630
2369810
2369760
2370020
2369850
2370100
2369950
2369880
2370130
2370320
2370230
2370280
2370290
2370140
2370060
2370300
2370420
2370390
2370800
2370760
2370680
2370770
2370790
2370600
2371110
2370880
2370920
2371120
2370950
2371040
2371060
2371240
2371260
2371190
2371160
2371230
2371280
2371390
2371270
2371310
2371450
2371290
2371460
2371480
2371520
2371490
2371560
2371550
2371800
2371690
2371650
2371750
2371820
2371720
2371900
2372050
2372030
2372060
2371990
2372040
2371920
2371850
2372110
2372120
2372190
2372180
2372200
2372220
2372280
2372340
2372300
2372430
2372240
2372320
2372350
2372480
2372400
2284680
2285190
2285090
2285040
2285160
2285270
2285280
2285390
2285620
2285830
2285570
2285890
2285730
2285990
2285640
2285940
2286080
2286000
2286070
2286090
2286690
2286250
2286620
2286240
2286230
2286680
2286580
2286440
2286510
2286220
2286720
2286750
2286780
2286880
2286830
2286960
2286950
2286940
2287060
2286840
2286790
2287030
2287090
2287150
2287180
2287190
2287360
2287420
2286760
2287390
2287440
2287500
2287070
2287550
2287140
2287170
2287950
2287720
2287780
2287960
2287650
2287710
2288070
2288060
2288080
2288100
2287600
2288330
2288520
2288460
2288560
2288530
2288570
2288090
2288280
2288190
2288600
2288110
2288730
2288950
2288760
2288770
2288710
2289120
2289090
2288640
2289040
2289000
2289270
2289210
2289370
2289660
2289610
2289590
2289630
2289550
2289580
2289490
2289560
2289740
2331180
2331530
2331810
2331780
2331860
2331880
2331920
2332110
2332050
2332150
2332060
2332040
2332080
2331990
2332180
2332250
2332450
2332540
2332460
2332500
2332390
2332550
2332960
2332850
2333190
2333280
2333000
2332980
2332970
2333330
2333400
2333320
2333460
2333410
2333790
2333580
2333720
2333740
2333930
2333840
2334030
2334060
2333940
2334040
2334050
2334080
2334100
2334330
2334320
2334300
2334250
2334340
2334130
2334150
2334400
233410
2334450
2334410
2334540
2334550
2334570
2334390
2334500
2334600
2334640
2334520
2334800
2334770
2334590
2334760
2335110
2334940
2334910
2334920
2335140
2334820
2335330
2335340
2335200
2335450
2335680
2335610
2335540
2335800
2335740
2335510
2335780
2335620
2335790
2335940
2335970
2335580
2335920
2335910
2335890
2336090
2336170
2336080
2336040
2336060
2254350
2254380
2254590
2254340
2254940
2254860
2254670
2254750
2254830
2254890
2255020
2255150
2255000
2255050
2255080
2254990
2255090
2255560
2255440
2255670
2255600
2255360
2255830
2255980
2255910
2256260
2256200
2256160
2256300
2256280
2256290
2256410
2256440
2256390
2256370
2256350
2256340
2256380
2256240
2256550
2256750
2256520
2256690
2256770
2256880
2256900
2256860
2256840
2256830
2257100
2257110
2257040
2257050
2257030
2256990
2257140
2257380
2257400
2257220
2257290
2257560
2257590
2257580
2257450
2257640
2257610
2257630
2257510
2257440
2257750
2257720
2257650
2257800
2257190
2257850
2258060
2257910
2257920
2257870
2258100
2258120
2258170
2258130
2258090
2258420
2258380
2258290
2258330
2258490
2258480
2258320
2258560
2258550
2258080
2258950
2259070
2258260
2258930
2258940
2258960
2415430
2415470
2415530
2415770
2415680
2415650
2415640
2415670
2416190
2415960
2416120
2415850
2416360
2416260
2416380
2416470
2416630
2416720
2416710
2416650
2416510
2416760
2416740
2416960
2416940
2416920
2417030
2416930
2417250
2417100
2417270
2417130
2417090
2417340
2417260
2417240
2417400
2417480
2417590
2417560
2417510
2417600
2417650
2417660
2417710
2417890
2417630
2417940
2418040
2417960
2417970
2417950
2418240
2418450
2418550
2418480
2418490
2418440
2418340
2418700
2418680
2418730
2418630
2418600
2418930
2418870
2418820
2418840
2418890
2418780
2418940
2419020
2419210
2419010
2419290
2418980
2419200
2419250
2419360
2419300
2419430
2419440
2419380
2419330
2419500
2419550
2419670
2419610
2419640
2419740
2419770
2419720
2419800
2419710
2419830
2419730
2419970
2420220
2420000
2420140
2336210
2336160
2336100
2336120
2336220
2336250
2336260
2336240
2336310
2336340
2336230
2336360
2336390
2336440
2336430
2336450
2336520
2336370
2336640
2336660
2336600
2336550
2336540
2336580
2336610
2336690
2336800
2336720
2336760
2336810
2337070
2337090
2336990
2337100
2337230
2337280
2337270
2337290
2337310
2337360
2337460
2337500
2337710
2337650
2337660
2337880
2337940
2337840
2337910
2337920
2337970
2337730
2338010
2338020
2338200
2338070
2338180
2337990
2338280
2338210
2338260
2338360
2338300
2338410
2338740
2338510
2338620
2338710
2338500
2338820
2338920
2338940
2338890
2338910
2339000
2339130
2339090
2339180
2339080
2339220
2339050
2339260
2339310
2339340
2339320
2339330
2339530
2339600
2339490
2339680
2339590
2339380
2339940
2339820
2339720
2339780
2339950
2339890
2340050
2340010
2372330
2372370
2372610
2372520
2372550
2372750
2372620
2372560
2372490
2372800
2372760
2372770
2372930
2373020
2373000
2373030
2373050
2372910
2372980
2373100
2373060
2372950
2372970
2373130
2373080
2373200
2373390
2373220
2373450
2373700
2373600
2373580
2373590
2373690
2373560
2373780
2373720
2373890
2373860
2373800
2373910
2373970
2373920
2373940
2374240
2374030
2374280
2374290
2374420
2374410
2374570
2374440
2374620
2374550
2374610
2374560
2374320
2374480
2374990
2375050
2375070
2375100
2375180
2375080
2375380
2375280
2375290
2375450
2375850
2375590
2375480
2375710
2375930
2375650
2375640
2375610
2375570
2376020
2375940
2376080
2375990
2376250
2376300
2376140
2376380
2376450
2376550
2376160
2376190
2376290
2376340
2376410
2376570
2376710
2376720
2376870
2377020
2376760
2376970
2377070
2289920
2289770
2289910
2290190
2289970
2289960
2290140
2289930
2290310
2290200
2290440
2290250
2290450
2290520
2290500
2290600
2290530
2290610
2290680
2290650
2290850
2290870
2290880
2290770
2290700
2290860
2290890
2291120
2290960
2291140
2290950
2291490
2291160
2291190
2291210
2291390
2291250
2291660
2291530
2291740
2291510
2291690
2291870
2292010
2291810
2292080
2292030
2291780
2292140
2292220
2292250
2292180
2292210
2292160
2292280
2292350
2292360
2292520
2292400
2292370
2292580
2292300
2292700
2292630
2292690
2292600
2292810
2292740
2292720
2292920
2292890
2292860
2292780
2292970
2292790
2292940
2293080
2292980
2293340
2293400
2293310
2293280
2293320
2293460
2293430
2293570
2293510
2293610
2293700
2293810
2293780
2293650
2293680
2293640
2294020
2294030
2294080
2294050
2294210
2294100
2258840
2259050
2259260
2259240
2259220
2259640
2259460
2259370
2259620
2259590
2259700
2259390
2259400
2259310
2259730
2259320
2260150
2260170
2260060
2260350
2260360
2260450
2260130
2260550
2260540
2260630
2260560
2260950
2260720
2260650
2260930
2260680
2260700
2260980
2261030
2261000
2261040
2261050
2261070
2261130
2261150
2261200
2261240
2261220
2261250
2261290
2261330
2261350
2261310
2261360
2261600
2261570
2261440
2261690
2261560
2261680
2261910
2261760
2261900
2261890
2261930
2261940
2261720
2262170
2262190
2262180
2262060
2262120
2262200
2262340
2262320
2262250
2262220
2262370
2262540
2262520
2262410
2262560
2262450
2262550
2262570
2262470
2262740
2262680
2262730
2262630
2262620
2262900
2262980
2262890
2262950
2263000
2262910
2262990
2263220
2263170
2263150
2263130
2263210
2263050
2420040
2420090
2420450
2420250
2420460
2420470
2420330
2420580
2420540
2420560
2420520
2420620
2420630
2420500
2420590
2420750
2420640
2420700
2420780
2420690
2420710
2420860
2420890
2420870
2420800
2420980
2420810
2420910
2420790
2421200
2421240
2421010
2421080
2421020
2421000
2421250
2421190
2421450
2421480
2421620
2421640
2421520
2421690
2421720
2421510
2421660
2421840
2421750
2421800
2421770
2421820
2421850
2422040
2421950
2422180
2422050
2421880
2422170
2422450
2422570
2422560
2422390
2422910
2422880
2422710
2422840
2422850
2422720
2422770
2423000
2423050
2423100
2422990
2423140
2423180
2423020
2423200
2423270
2423300
2423280
2423290
2423360
2423480
2423770
2423670
2423780
2423650
2423710
2424000
2423830
2424050
2424040
2424010
2424170
2424310
2424330
2424270
2424440
2424230
2424300
2294180
2294120
2294280
2294250
2294230
2294330
2294620
2294450
2294430
2294720
2294640
2294690
2294730
2294880
2294780
2294890
2294980
2294920
2294910
2294950
2295060
2294990
2295200
2295170
2295150
2295220
2295110
2295120
2295300
2295290
2295410
2295580
2295320
2295430
2295870
2295740
2295660
2295830
2295920
2295930
2296000
2296460
2296510
2296580
2295980
2296490
2296540
2296500
2296740
2296790
2296590
2296120
2296870
2296950
2297140
2297200
2296980
2296270
2296880
2297220
2297130
2297270
2297360
2297330
2297490
2297320
2297530
2297590
2297510
2297450
2297570
2297600
2297880
2297990
2298020
2297800
2298060
229790
2298280
2298140
2298250
2298210
2298350
2298590
2298630
2298480
2298560
2298460
2298750
2298740
2298690
2298880
2298620
2299280
2299270
2299450
2298960
2298990
2299480
2299650
2340250
2340290
2340190
2340280
2340180
2340210
2340170
2340330
2340360
2340380
2340440
2340460
2340550
2340510
2340620
2340790
2340670
2340890
2340800
2340960
2340860
2340980
2340990
2341050
2341160
2341080
2341140
2341090
2341100
2341110
2341350
2341300
2341210
2341220
2341200
2341420
2341360
2341370
2341430
2341610
2341580
2341540
2341680
2341620
2341760
2341790
2341890
2341710
2341700
2341900
2342020
2342190
2342180
2342070
2342210
2342000
2342230
2342330
2342280
2342340
2342320
2342390
2342400
2342260
2342410
2342550
2342630
2342430
2342610
2342480
2342690
2342700
2342770
2342830
2342760
2342870
2342730
2342720
2342880
2343140
2342930
2343150
2342940
2343060
2342990
2342920
2343110
2343170
2343220
2343330
2343270
2343290
2343340
2343250
2343470
2343450
2343580
2343350
2343410
2343550
2377110
2377090
2377100
2377270
2377360
2377160
2377260
2377340
2377230
2377320
2377250
2377380
2377140
2377450
2377410
2377420
2377430
2377700
2377630
2377480
2377530
2377620
2377520
2377660
2377600
2377720
2377860
2377920
2378100
2378060
2378010
2378140
2377980
2378150
2378160
2378130
2378250
2378300
2378230
2378290
2378400
2378410
2378370
2378490
2378380
2378480
2378520
2378390
2378720
2378640
2378880
2378910
2379230
2379070
2379200
2379340
2379460
2379370
2379280
2379300
2379610
2379680
2379650
2379690
2379580
2379590
2379750
2379810
2379830
2379820
2379960
2380070
2380220
2380150
2380300
2380230
2380250
2380190
2380320
2380520
2380540
2380410
2380620
2380710
2380600
2380590
2380550
2380830
2380810
2380820
2380720
2380780
2380910
2380850
2380840
2380920
2381060
2381100
2381330
2381260
2424510
2424710
2424660
2424500
2424730
2424910
2424850
2425090
2425130
2424810
2425110
2425150
2425190
2425260
2425290
2425160
2425280
2425320
2425400
2425310
2425370
2425480
2425300
2425460
2425650
2425540
2425580
2425500
2425780
2425720
2425970
2425770
2425680
2425870
2425700
2425670
2425740
2426070
2426220
2426120
2426150
2426000
2426030
2426280
2426260
2426250
2426330
2426290
2426350
2426380
2426230
2426460
2426590
2426640
2426530
2426520
2426860
2426830
2426780
2426840
2426800
2426710
2427220
2427070
2427000
2426990
2427130
2427050
2427270
2427360
2427420
2427410
2427430
2427230
2427280
2427290
2427510
2427470
2427530
2427460
2427450
2427640
2427680
2427550
2427770
2427570
2427610
2427660
2427870
2427820
2427850
2427800
2427840
2428200
2428100
2428260
2428320
2428170
2428230
2427980
2299490
2299700
2299710
2299740
2299920
2299870
2299790
2299840
2299990
2299760
2299940
2300240
2300260
2300110
2300130
2300090
2300040
2300100
2300330
2300270
2300310
2300340
2300530
2300520
2300380
2300590
2300440
2300730
2300750
2300600
2300580
2300690
2300620
2300850
2300860
2300760
2300880
2300930
2300960
2300920
2301310
2301060
2301150
2301130
2300970
2301000
2301190
2301400
2301480
2301570
2301580
2301590
2301640
2301770
2301830
2301750
2301850
2301990
2301880
2301900
2301940
2301970
2301960
2301920
2302020
2302000
2302050
2302030
2302210
2302180
2302120
2302350
2302340
2302320
2302380
2302310
2302230
2302410
2302470
2302670
2302620
2302760
2302820
2303160
2303200
2303300
2303290
2303480
2303390
2303410
2303440
2303470
2303630
2303420
2303610
2303670
2303530
2303720
2303780
2303770
2427940
2428410
2428390
2428370
2428440
2428450
2428700
2428640
2428730
2428680
2428660
2428690
2428520
2428490
2428750
2429000
2428940
2428960
2428920
2428780
2429050
2429280
2429070
2429200
2429090
2429270
2429040
2429360
2429350
2429420
2429410
2429340
2429490
2429580
2429440
2429480
2429450
2429540
2429530
2429630
2429620
2429810
2429890
2429750
2429870
2430020
2430190
2430010
2430170
2430360
2430200
2430300
2430260
2430390
2430310
2430630
2430640
2430540
2430590
2430700
2430470
2430500
2430680
2430710
2430770
2430860
2430760
2430800
2430910
2430810
2431220
2431140
2431210
2431260
2431030
2430980
2431110
2431580
2431520
2431360
2431370
2431280
2431570
2431590
2431600
2431840
2431690
2431760
2431650
2431720
2431790
2431850
2432230
2432250
2431920
2432310
2432500
2432280
2432490
2432260
2381240
2381290
2380930
2381430
2381460
2381600
2381550
2381640
2381850
2381630
2381770
2381990
2382050
2382000
2382040
2381870
2382060
2382240
2382080
2382230
2382070
2382440
2382350
2382470
2382380
2382540
2382310
2382490
2382670
2382640
2382960
2382870
2382970
2382710
2383080
2383380
2383180
2383520
2383310
2383130
2383190
2383830
2383770
2383820
2383780
2383850
2383650
2383900
2383940
2383860
2383960
2383970
2384010
2384090
2384050
2384120
2384000
2384350
2384250
2384130
2384320
2384360
2384020
2384390
2384380
2384240
2384470
2384510
2384850
2384800
2384680
2384600
2384710
2385010
2384900
2385190
2385210
2384890
2385120
2385330
2385310
2385240
2385450
2385490
2385480
2385510
2385590
2385630
2385560
2385670
2385690
2385800
2385910
2385660
2385920
2385980
2385970
2385990
2386090
2386160
2343660
2343680
2343640
2343700
2343600
2343720
2343730
2343780
2343750
2343880
2343890
2343930
2343820
2343900
2344110
2344040
2344180
2344390
2344410
2344620
2344710
2344640
2344190
2344350
2344680
2344740
2344630
2344580
2344750
2344800
2344880
2344830
2344650
2344930
2345090
2344950
2345010
2345150
2345140
2345170
2345220
2345250
2345190
2345100
2345110
2345360
2345430
2345300
2345410
2345370
23455
2345290
2345500
2345590
2345440
2345480
2345550
2345540
2345700
2345870
2345740
2345640
2345890
2346010
2345990
2345940
2346000
2345930
2346150
2346280
2346290
2346390
2346360
2346320
2346230
2346410
2346440
2346450
2346500
2346900
2346870
2346780
2346710
2346810
2346650
2346880
2346570
2346890
2346530
2347090
2347000
2347180
2347190
2347120
2347360
2347210
2347320
2347340
2347280
2347410
2432780
2432600
2432580
2432770
2432510
2432530
2432630
2432670
2432980
2433010
2432860
2432900
2433280
2433320
2433160
2433230
2432930
2433370
2433360
2433330
2433380
2433500
2433620
2433630
2433670
2433680
2433850
2433790
2433820
2433810
2433760
2433740
2433860
2433960
2434000
2433910
2434090
2434130
2434120
2434100
2434110
2434420
2434330
2434300
2434440
2434600
2434570
2434640
2434620
2434670
2434290
2434710
2434720
2434930
2435020
2435010
2435030
2435040
2435120
2435230
2435280
2435250
2435220
2435270
2435240
2435300
2435350
2435360
2435390
2435320
2435200
2435330
2435410
2435490
2435510
2435470
2435460
2435520
2435560
2435610
2435450
2435600
2435680
2435710
2435620
2435690
2435870
2435810
2435750
2435800
2435720
2435730
2435770
2435880
2435900
2435990
2435920
2435910
2436030
2435980
2304090
2303940
2304120
2303810
2304180
2304290
2304170
2304210
2304410
2304360
2304430
2304340
2304480
2304490
2304520
2304710
2304680
2304570
2304540
2304590
2304510
2304580
2304780
2304730
2304740
2304770
2305100
2305050
2304860
2305130
2304990
2305110
2304820
2305190
2305210
2305420
2305360
2305310
2305490
2305330
2305380
2305640
2305720
2305770
2305750
2305740
2305940
2306010
2306120
2305990
2306030
2306050
2306090
2306040
2306080
2306150
2306200
2306450
2306160
2306530
2306840
2306670
2306850
2306900
2306710
2306960
2307010
2307030
2306980
2307020
2307220
2307400
2307300
2307370
2307430
2307500
2307450
2307520
2307610
2307780
2307760
2307660
2307830
2307840
2307910
2307870
2308260
2308110
2308040
2308340
2308050
2308400
2308020
2308470
2308460
2308550
2308630
2308920
2308850
2308660
2470200
2470310
2470290
2470470
2470390
2470420
2470330
2470350
2470160
2470620
2470710
2470610
2470630
2470770
2470700
2470830
2470800
2470860
2470930
2470910
2471000
2471070
2471110
2471150
2471290
2471020
2471090
2471320
2471380
2471490
2471390
2471350
2471590
2471340
2471620
2471650
2471630
2471660
2471600
2471710
2471770
2471730
2471790
2471850
2471670
2471760
2471800
2471680
2471980
2471940
2471910
2472170
2472120
2472010
2472140
2472200
2472180
2472260
2472250
2472630
2472690
2472390
2472510
2472700
2472740
2472530
2472760
2472810
2473040
2473050
2472860
2472820
2472970
2472830
2472770
2473110
2473030
2472940
2473130
2473140
2473270
2473620
2473310
2473630
2473340
2473450
2473590
2473150
2473260
2473670
2473740
2473750
2473990
2473870
2473890
2473790
2473820
2473830
2473720
2474010
2347350
2347450
2347470
2347440
2347840
2347520
2347760
2347630
2347550
2347910
2347860
2347610
2347930
2347980
2348030
2348000
2348500
2348140
2348350
2348730
2348530
2348700
2348740
2348330
2348870
2348900
2348980
2348920
2349200
2349110
2349130
2349100
2349090
2349230
2349000
2349030
2349260
2349410
2349420
2349430
2349380
2349670
2349640
2349480
2349570
2349630
2349920
2349840
2349760
2349950
2349850
2349940
2350050
2350080
2350000
2350070
2350190
2350220
2350230
2350270
2350310
2350400
2350260
2350480
2350460
2350640
2350620
2350590
2350700
2350630
2350720
2350770
2350900
2350920
2350760
2350880
2350990
2350890
2350810
2351020
2351200
2351060
2351110
2351450
2351300
2351510
2351700
2351630
2351640
2351740
2351720
2351930
2351990
2352010
2351900
2351860
2352020
2352060
2352050
2352040
2386380
2386240
2386370
2386200
2386420
2386450
2386520
2386560
2386490
2386700
2386790
2386800
2386880
2386770
2386910
2387120
2387130
2386920
2387040
2387140
2387200
2387290
2387150
2387270
2387280
2387470
2387350
2387380
2387480
2387310
2387430
2387410
2387450
2387700
2387740
2387590
2387750
2387670
2387560
2387830
2387960
2387770
2388010
2387820
2387840
2388030
2388110
2388200
2388400
2388140
2388250
2388420
2388410
2388440
2388430
2388540
2388470
2388670
2388740
2388720
2388510
2388580
2388750
2388690
2388610
2388600
2388860
2388880
2389000
2388990
2389030
2389040
2388900
2388920
2389140
2389150
2389020
2389170
2389220
2389230
2388850
2388820
2389010
2389290
2389270
2389100
2389360
2389340
2389410
2389420
2389660
2389710
2389680
2389480
2389310
2389800
2389810
2389860
2389530
2389610
2436070
2436140
2436190
2436160
2436180
2436350
2436130
2436150
2436380
2436390
2436410
2436440
2436750
2436730
2436660
2436490
2436810
2436790
2436940
2437120
2436870
2436970
2437080
2437230
2437330
2437300
2437180
2437150
2437310
2437640
2437550
2437400
2437530
2437670
2437570
2437660
2437510
2437740
2437800
2437700
2437870
2438110
2437940
2438120
2437950
2437930
2438050
2437980
2438140
2438170
2438180
2438340
2438570
2438380
2438520
2438290
2438540
2438330
2438410
2438440
2438270
2438950
2438790
2439010
2438960
2439000
2439020
2438970
2438900
2438990
2439180
2439310
2439290
2439350
2439530
2439540
2439550
2439460
2439380
2439500
2439560
2439620
2439650
2439670
2439720
2439710
2439700
2439730
2439790
2439750
2439770
2439830
2439810
2439820
2439960
2439980
2440110
2439990
2440030
2440010
2513640
2513490
2513360
2513440
2514090
2514100
2514180
2514140
2513890
2513850
2514430
2514360
2514540
2514400
2514390
2514340
2514330
2514650
2514620
2514800
2514850
2514310
2514970
2514950
2514900
2514920
2515050
2514890
2514910
2515110
2515190
2515340
2515570
2515580
2515370
2515560
2515470
2515480
2515530
2515490
2515360
2515520
2515660
2515860
2515910
2516040
2516100
2516090
2516030
2515950
2516080
2516110
2515930
2516150
2516200
2516180
2516220
2516460
2516270
2516280
2516510
2516530
251690
2516770
2516870
2516650
2516610
2516590
2516900
2516910
2517090
2517180
2517080
2517050
2516990
2517060
2516980
2517220
2517150
2517210
2516940
2517010
2516920
2517190
2517360
2517680
2517440
2517330
2517810
2517340
2517790
2517240
2517940
2517990
2517970
2517920
2518010
2518230
2517840
2518260
2474020
2474150
2474050
2474420
2474590
2474220
2474550
2474280
2474430
2474360
2474250
2474640
2474770
2474750
2474660
2474790
2474840
2474970
2474920
2474950
2474830
2474820
2474930
2475010
2475080
2475220
2475170
2475240
2475250
2475430
2475270
2475380
2475410
2475390
2475450
2475330
2475510
2475480
2475520
2475600
2475820
2475780
2475800
2475720
2475790
2475620
2475640
2475910
2475860
2475730
2476020
2476030
2476040
2476250
2476420
2476270
2476310
2476170
2476150
2476200
2476050
2476610
2476780
2476640
2476820
2476730
2476650
2476690
2476850
2477000
2477070
2477020
2477250
2477110
2477280
2477230
247710
2477540
2477470
2477270
2477490
2477480
2477390
2477710
2477600
2477590
2477380
2477740
2477690
2477750
2477650
2477870
2478040
2478060
2478290
2478130
2478340
2478190
2478500
2478540
2389890
2389940
2389560
2390060
2390000
2390170
2390260
2390020
2390410
2390130
2390360
2390450
2390500
2390290
2390510
2390590
2390490
2390660
2390530
2390700
2390680
2390880
2390750
2390730
2390820
2390780
2390900
2390940
2391050
2391040
2390910
2391260
2391200
2391180
2391100
2391300
2391110
2391140
2391090
2391580
2391570
2391610
2391750
2391640
2391650
2391940
2391830
2391910
2391800
2391950
2391990
2392010
2392280
2392330
2392400
2392070
2392480
2392440
2392520
2392730
2392780
2392850
2392790
2392740
2392810
2392960
2392900
2392990
2393250
2393140
2393180
2393290
2393100
2393420
2393370
2393410
2393330
2393340
2393510
2393730
2393490
2393580
2393550
2393590
2393630
2393460
2393790
2534990
2393860
2393760
2393870
2393900
2393910
2394170
2394130
2394060
2394070
2394250
2394110
2394400
2556730
2556690
2556810
2557330
2556870
2556930
2556940
2557430
2557020
2557440
2557480
2557470
2557640
2557520
2557490
2557510
2557770
2557660
2557870
2557860
2557790
2557890
2557900
2557880
2558020
2558050
2558070
2557950
2558120
2558150
2558110
2558250
2558290
2558260
2558420
2558360
2558320
2558440
2558350
2558500
2558300
2558520
2558620
2558560
2558510
2558650
2558570
2558660
2558830
2558670
2558680
2558750
2558730
2558880
2559110
2558940
2559050
2559070
2559140
2559020
2558970
2559340
2559450
2559250
2559280
2559220
2559170
2559510
2559530
2559550
2559520
2559500
2559540
2559740
2559710
2559690
2559810
2559680
2559780
2559640
2559600
2559880
2559870
2559900
2559820
2559930
2559950
2559970
2560060
2560020
2559990
2560050
2560040
2559960
2560090
2560100
2560120
2560210
2560110
2560280
2440200
2440060
2440100
2440080
2440280
2440210
2440220
2440360
2440310
2440590
2440580
2440500
2440480
2440380
2440400
2440600
2440620
2440780
2440750
2440720
2440690
2440900
2440950
2441100
2440980
2440860
2441150
2440890
2441170
2441180
2441160
2441240
2441300
2441490
2441530
2441470
2441580
2441310
2441570
2441620
2442080
2441910
2442100
2442170
2442120
2442140
2442150
2442340
2442480
2442400
2442390
2442510
2442640
2442550
2442530
2442590
2442660
2442710
2442730
2442690
2442770
2443150
2443120
2442910
2443090
2442820
2442800
2443050
2443160
2443270
2443320
2443170
2443250
2443350
2443440
2443580
2443500
2443510
2443520
2443740
2443750
2443800
2443790
2444060
2444160
2443900
2444140
2444010
2443840
2443920
2444090
2444250
2444210
2444230
2444340
2444420
2444610
2444440
2444600
2444530
2518270
2518460
2518280
2518350
2518480
2518320
2518310
2518490
2518590
2518360
2518600
2518520
2518910
2518790
2518810
2518630
2518970
2518610
2518770
2518670
2518990
2518690
2519220
2519260
2519010
2519170
2519190
2519400
2519280
2519550
2519310
2519370
2519570
2519440
2519470
2519510
2519700
2519580
2519650
2519790
2519970
2519940
2519860
2519900
2519880
2520010
2519980
2519990
2520130
2520100
2520180
2520110
2520030
2520320
2520240
2520250
2520370
2520400
2520430
2520460
2520360
2520490
2520650
2520570
2520520
2520630
2520580
2520760
2520670
2520690
2520780
2520660
2520860
2520890
2520920
2520930
2520940
2521020
2521100
2521110
2521070
2521170
2521230
2521270
2521250
2521390
2521330
2521240
2521200
2521450
2521460
2521480
2521470
2521590
2521510
2521670
2521650
2521660
2521630
2521490
2478470
2478420
2477930
2478450
2478430
2478680
2478690
2478560
2478730
2478750
2478600
2478890
2478910
2478900
2478870
2478840
2478860
2478810
2478960
2478710
2479120
2479150
2479190
2479140
2479090
2479210
2479170
247930
2479240
2479340
2479370
2479290
2479220
2479580
2479490
2479530
2479300
2479520
2479560
2479420
2479660
2479640
2479630
2479920
2479890
2479930
2479830
2479960
2480170
2480100
2480020
2480560
2480250
2480290
2480260
2480910
2480930
2480970
2480980
2481020
2481120
2481190
2481220
2481230
2481160
2481270
2481380
2481520
2481640
2481470
2481630
2481560
2481670
2481890
2481870
2481710
2481820
2481780
2481930
2482030
2481990
2481970
2481920
2481980
2482110
2482130
2482020
2482210
2482200
2482340
2482140
2482180
2482430
2482490
2482440
2482640
2482690
2482810
2482780
2482870
2560330
2560220
2560480
2560490
2560380
2560390
2560540
2560510
2560340
2560500
2560720
2560690
2560660
2560730
2560750
2560740
2560850
2560830
2560950
2560940
2560910
2561080
2561120
2560960
2561140
2561190
2561220
2561260
2561230
2561310
2561480
2561390
2561380
2561340
2561370
2561500
2561650
2561770
2561530
2561720
2561660
2562020
2562040
2561920
2561810
2562100
2561970
2562300
2562280
2562310
2562210
2562350
2562410
2562540
2562390
2562400
2562670
2562580
2562710
2562550
2562870
2562810
2562620
2562910
2562980
2563050
2563090
2563010
2563130
2563030
2563180
2563230
2563140
2563310
2563300
2563410
2563430
2563400
2563360
2563440
2563580
2563690
2563740
2563760
2563570
2563780
2563820
2563880
2563980
2563790
2563920
2564020
2564050
2564070
2564090
2564100
2564080
2564140
2564410
2564330
2444540
2444520
2444380
2444630
2444700
2444750
2444960
2445060
2444980
2444930
2445020
2444850
2445090
2444900
2444940
2445040
2445170
2445160
2445200
2445110
2445410
2445290
2445390
2445270
2445380
2445370
2445350
2445430
2445440
2445510
2445460
2445590
2445750
2445690
2445790
2445840
2445970
2445940
2445900
2445780
2445820
2445870
2445980
2446040
2446010
2446020
2446070
2446130
2446370
2446250
2446200
2446170
2446160
2446430
2446520
2446480
2446500
2446440
2446390
2446590
2446660
2446760
2446620
2446870
2446960
2447150
2446990
2447100
2446920
2447240
2447060
2447120
2447110
2447330
2447260
2447290
2447460
2447420
2447510
2447730
2447550
2447680
2447540
2447490
2447530
2447700
2447830
2447820
2447750
2448450
2448490
2448000
2448540
2448780
2448730
2448550
2448680
2448940
2448910
2448900
2394410
2394310
2394300
2394260
2394460
2394610
2394600
2394780
2394680
2394440
2394770
2394450
2394430
2395000
2394940
2394840
2394910
2395010
2395030
2394870
2395080
2395190
2395220
2395230
2395120
2395060
2395460
2395510
2395550
2395530
2395520
2395310
2395690
2395680
2395730
2395850
2396010
2395960
2395860
2396190
2396200
2396250
2396320
2396400
2396510
2396220
2396530
2396540
2396630
2396670
2396660
2396740
2396690
2396770
2396760
2397000
2397240
2396900
2397490
2397450
2397380
2397300
2397420
2397600
2397690
2397750
2397840
2397880
2397810
2397770
2398110
2398120
2398140
2398130
2398030
2398020
2398240
2398220
2398210
2398360
2398370
2398660
2398590
2398530
2398640
2398720
2398580
2398540
2398480
2398920
2398870
2398800
2398760
2398730
2398950
2398930
2399100
2399310
2399130
2399080
2521740
2521500
2521760
2521800
2521920
2521890
2521970
2522060
2522040
2521950
2522120
2522160
2522190
2522210
2522300
2522620
2522560
2522630
2522590
2522450
2522440
2522650
2522410
2522670
2522660
2522780
2522830
2522760
2523070
2522850
2523100
2522740
2522900
2522860
2523320
2523310
2523630
2523640
2523360
2523340
2523400
2523530
2523450
2523390
2523460
2523510
2523800
2523820
2523960
2523930
2524270
2524190
2524000
2523690
2524200
2524180
2523890
2523780
2524290
2524340
2524410
2524480
2524580
2524500
2524700
2524420
2524740
2524630
2524780
2524650
2524950
2524920
2524930
2524710
2525040
2524860
2525170
2525230
2525110
2524720
2525300
2525150
2525450
2525140
2525490
2525580
2525560
2525690
2525630
2525410
2525720
2525620
2525530
2525660
2525870
2525940
2525880
2525990
2525950
2526040
2482650
2482980
2482630
2482840
2482970
2482920
2483100
2483070
2483030
2483050
2483130
2483230
2483220
2483200
2483140
2483270
2483290
248330
2483350
2483300
2483430
2483450
2483480
2483440
2483400
2483380
2483730
2483700
2483540
2483570
2483620
2483630
2483660
2483520
2483850
2483920
2483930
2483970
2484140
2484010
2484160
2484180
2484120
2484060
2484170
2484240
2484270
2484420
2484510
2484410
2484430
2484460
2484330
2484570
2484370
2484500
2484280
2484350
2484670
2484980
2484890
2484960
2485060
2484810
2485000
2485090
2484780
2484790
2485170
2485120
2485530
2485590
2485410
2485330
2485430
2485560
2485340
2485860
2485820
2485870
2485950
2485650
2485980
2486020
2486110
2486240
2485900
2486000
2486040
2486160
2486360
2486340
2486280
2486430
2486510
2486310
2486560
2486370
2486570
2486390
2449030
2448610
2449080
2449210
2449270
2449280
2449320
2449310
2449360
2449450
2449490
2449390
2449530
2449640
2449630
2449700
2449730
2449690
2449720
2449840
2449800
2449830
2449890
2450040
2449780
2450060
2450200
2450090
2450220
2450100
2450080
2450270
2450250
2450360
2450230
2450410
2450450
2450480
2450570
2450600
2450620
2450740
2450720
2450930
2450660
2450700
2451040
2451050
2451010
2451060
2451280
2451200
2451190
2451360
2451340
2451380
2451320
2451310
2451290
2451700
2451680
2451550
2451620
2451630
2451570
2451390
2451750
2451940
2451760
2451820
2452010
2451980
2452110
2452160
2452130
2452100
2452290
2452320
2452240
2452390
2452350
2452330
2452640
2452810
2452800
2452760
2452590
2452790
2452840
2452820
2452850
2452860
2452910
2452890
2453280
2453180
2453240
2453150
2452930
2453060
2399170
2399200
2399450
2399430
2399570
2399770
2399840
2399710
2399670
2399590
2399860
2400180
2399930
2400380
2400370
2400420
2400520
2400190
2400670
2400770
2400700
2400690
2400650
2400730
2400860
2401080
2400790
2401100
2401240
2401350
2401090
2401230
2401220
2401280
2401420
2401380
2401370
2401340
2401680
2401950
2401540
2401920
2401460
2401870
2401450
2401810
2402060
2402020
2402080
2402010
2402340
2402230
2402460
2402090
2402520
2402470
2402500
2402220
2402640
2402630
2402620
2402770
2402690
2402710
2402650
2402680
2402930
2402980
2402820
2402720
2402950
2403000
2403060
2403080
2403120
2403130
2403110
2403380
2403090
2403390
2403290
2403550
2403560
2403500
2403430
2403640
2403660
2403600
2403610
2403730
2403900
2403670
2403830
2403780
2404010
2404070
2404000
2404160
2404230
2404170
2526140
2526200
2526160
2526220
2526070
2526060
2526270
2526080
2526130
2526210
2526300
2526370
2526360
2526600
2526520
2526560
2526450
2526490
2526610
2526510
2526470
2526620
2526670
2526990
2527030
2526880
2526850
2527140
2527040
2527160
2527270
2527300
2527310
2527340
2527400
2527420
2527550
2527540
2527570
2527710
2527610
2527650
2527670
2527890
2527750
2527940
2527850
2527760
2527970
2528100
2528000
2528010
2528080
2528120
2528130
2528210
2527980
2528230
2528400
2528240
2528340
2528410
2528110
2528450
2528520
2528640
2528880
2528860
2528730
2528870
2528650
2528900
2528920
2528890
2529010
2529020
2529080
2529050
2528930
2528960
2529260
2529140
2529220
2529090
2529160
2529280
2529460
2529270
2529450
2529410
2529490
2529530
2529520
2529510
2529590
2529620
2529750
2529570
2529710
2529930
2564200
2564440
2564320
2564460
2564680
2564720
2564480
2564590
2564820
2564630
2564560
2564970
2564910
2565000
2564870
2564850
2565210
2565310
2565320
2565180
2565350
2565190
2565200
2565490
2565470
2565520
2565460
2565450
256576
2565590
2565650
2565730
2565550
2565560
2565960
2566160
2566200
2566150
256611
2566130
2566240
2566190
2566140
2566360
2566450
2566370
2566260
2566310
2566380
2566480
2566580
2566490
2566620
2566510
2566470
2566700
2566520
2566870
2566730
2566830
2567050
2566970
2566840
2567060
2567070
2567340
2567290
2567210
2567320
2567300
2566880
2567360
2567390
2567410
2567430
2567380
2567480
2567550
2567530
2567520
2567700
2567760
2567790
2567880
2567810
2567820
2567770
2567800
2567730
2567710
2567910
2567950
2567920
2567930
2567970
2568560
2568060
2568520
2568050
2568610
2487120
2486910
2487130
2486530
2486930
2486700
2486590
2486620
2486670
2487140
2487070
2487190
2487370
2487560
2487620
2487590
2487420
2487270
2487340
2487150
2487650
2487200
2487710
2487680
2487730
2487850
2487870
2487940
2488050
2488090
2487970
2487930
2487950
2488060
2488360
2488240
2488120
2488430
2488450
2488420
2488500
2488490
2488570
2488640
2488760
2488690
2488540
2488650
2488770
2488780
2488880
2488830
2488900
2488850
2489000
2489160
2489110
2488940
2489240
2489340
2489300
2489330
2489370
2489450
2489520
2489440
2489460
2489610
2489510
2489660
2489620
2489760
2489720
2489730
2489770
2489670
2489700
2489810
2489820
2489850
2489960
2489900
2489950
2490040
2489970
2490080
2490090
2490140
2490030
2490300
2490270
2490310
2490420
2490730
2490850
2490580
2490890
2490510
2490670
2490900
2453430
2453310
2453340
2453380
2453390
2453290
2453520
2453550
2453580
2453560
2453570
2453610
2453590
2453600
2453650
2453640
2453660
2453720
2453820
2453740
2453840
2453760
2453950
2453780
2453920
2453980
2454030
2454140
2454070
2454110
2454150
2454040
2454240
2454230
2454170
2454160
2454350
2454430
2454500
2454550
2454570
2454600
2454900
2454710
2454740
2454820
2454830
2454750
2454890
2455020
2454990
2455040
2455070
2455170
2455260
2455190
2455110
2455080
2455220
2455090
2455140
2455340
2455350
2455380
2455360
2455370
2455490
2455570
2455630
2455460
2455510
2455430
2455610
2455660
2455730
2455840
2455820
2455850
2455780
2455790
2455710
2455870
2455880
2456020
2455930
2456070
2456090
2456100
2456260
2456180
2456130
2456110
2456290
2456160
2456080
2456140
2456240
2456500
2456580
2456640
2404280
2404300
2404490
2404530
2404430
2404630
2404670
2404390
2404550
2404610
2404870
2404790
2404850
2404900
2404950
2405110
2404990
2405070
2404970
2405020
2404820
2404890
2405310
2405330
2405290
2405340
2405280
2405390
2405690
2405680
2405400
2405480
2405640
2405670
2405730
2405740
2405830
2405800
2405900
2405870
2405860
2406050
2405970
2405990
2406060
2406080
2406140
2406190
2406200
2406160
2406180
2406230
2406490
2406370
2406470
2406480
2406560
2406360
2406570
2406660
2406640
2406610
2406630
2406680
2406690
2406910
2406830
2406750
2406810
2406960
2406970
2406950
2407240
2407160
2407230
2407310
2407090
2407100
2407070
2407330
2407350
2407370
2407460
2407470
2407480
2407600
2407660
2407590
2407520
2407550
2407710
2407680
2407800
2407780
2408080
2408060
2408070
2407960
2407840
2408030
2529810
2529880
2530040
2530060
2530030
2530080
2529960
2530250
2530180
2530160
2530170
2530150
2530260
2530240
2530470
2530460
2530310
2530450
2530300
2530280
2530500
2530550
2530530
2530420
2530870
2530940
2530850
2530860
2530930
2530670
2531080
2531050
2531040
2530970
2531060
2531160
2531170
2531240
2531210
2531410
2531330
2531230
2531830
2531570
2531560
2531540
2531420
2531780
2531460
2531940
2532010
2531930
2531890
2531840
2531950
2532160
2532110
2532270
2532310
2532340
2532470
2532360
2532620
2532590
2532640
2532660
2532760
2532770
2532730
2532700
2532910
2532930
2532880
2532830
2532780
2532990
2533140
2532940
2533000
2533120
2533260
2533330
2533280
2533420
2533370
2533430
2533850
2533870
2533910
2533890
2533740
2533470
2533830
2533970
2534010
2534060
2534140
2534190
2534470
2534120
2491070
2491050
2491120
2491080
2491380
2491250
2491240
2491300
2491460
2491310
2491500
2491810
2491700
2491790
2491820
2491830
2491880
2491990
2491860
2491950
2492130
2492110
2492070
2492080
2492010
2492030
2492020
2492240
2492300
2492270
2492330
2492290
2492610
2492490
2492570
2492680
2492780
2492620
2492830
2492880
2492930
2492850
2492870
2492820
2492910
2493130
2493080
2493050
2492990
2493010
2493110
2493220
2493250
2493360
2493210
2493170
2493590
2493520
2493600
2493710
2493630
2493670
2493930
2493730
2493940
2494020
2494030
2493950
2493920
2494360
2493980
2494450
2494690
2494680
2494730
2494770
2494830
2494790
2494810
2494860
2495040
2495090
2495010
2494870
2495080
2494920
2495200
2495130
2495160
2495270
2495290
2495260
2495300
2495560
2495510
2495430
2495480
2495490
2495530
2495350
2568410
2568460
2568620
2568480
2568650
2568730
2568710
2568690
2568780
2568990
2568760
2568910
2569030
2568800
2568960
2568810
2569220
2569170
2569310
2569330
2569430
2569440
2569390
2569410
2569130
2569470
2569500
2569460
2569570
2569560
2569600
2569610
2569590
2569650
2569660
2569280
2569670
2569510
2569850
2569980
2570110
2570080
2570130
2570040
2570150
2569830
2570210
2570140
2569870
2570160
2570430
2570580
2570450
2570640
2570690
2570710
2570830
2570850
2570870
2570980
2571170
2570950
2571200
2571270
2571180
2571310
2571540
2571410
2571550
2571400
2571500
2571650
2571610
2571560
2571580
2571670
2571810
2571780
2571730
2571800
2571720
2571840
2571900
2571880
2571980
2572100
2572130
2572060
2572150
2572260
2572330
2572360
2572300
2572400
2572600
2572620
2572670
2572540
2572560
2572630
2407830
2407950
2408150
2408210
2408290
2408260
2408280
2408240
2408380
2408460
2408640
2408600
2408340
2408680
2408670
2408350
2408750
2408720
2408700
2408740
2408710
2408760
2408870
2408880
2408890
2409040
2409010
2409060
2409050
2409100
2409240
2409110
2409130
2409390
2409580
2409490
2409320
2409450
2409250
2409430
2409260
2409670
2409710
2409690
2409780
2410130
2409990
2410110
2410120
2409920
2410030
2410190
2410140
2409950
2410080
2410310
2410230
2410260
2410320
2410360
2410460
2410490
2410610
2410440
2410430
2410480
2410420
2410470
2410370
2410740
2410640
2410730
2410750
2410860
2410780
2410800
2410930
2410820
2410900
2410940
2410890
2410810
2411060
2410850
2410960
2411050
2411200
2411170
2411110
2411150
2411120
2411140
2411100
2411260
2411370
2411310
2411340
2411510
2411530
2411470
2534300
2534200
2534250
2534520
2534490
2534660
2534630
2534780
2534550
2534790
2534850
2535010
2534860
2535060
2534930
3873970
2516750
2535370
2535490
2535410
2535570
2535700
2535730
2535690
2535680
2535870
2535860
2535890
2535840
2535880
2535850
2535920
2535960
2535990
2536070
2535970
2536090
2536130
2536220
2536260
2536120
2536250
2536330
2536590
2536500
2536460
2536420
2536140
2536300
2536600
2536730
2536800
2536960
2536870
2536890
2536760
2536990
2537140
2537010
2537220
2537190
2537270
2537040
2537360
2537380
2537330
2537450
2537470
2537390
2537430
2537510
2537480
2537730
2537630
2537650
2537960
2537760
2537910
2537780
2538070
2538090
2538000
2538270
2538250
2538220
2538200
2538180
2538350
2538330
2538340
2538430
2538300
2538370
2538520
2538570
2538510
2538490
2538730
2538670
2538440
2456650
2456820
2456570
2456550
2456660
2456960
2457050
2456860
2456870
2457010
2456880
2457350
2457310
2457280
2457200
2457060
2457210
2457410
2457430
2457470
2457500
2457630
2457700
2457640
2457820
2457930
2457940
2458010
2457960
2457730
2458060
2458210
2458120
2458240
2458300
2458480
2458490
2458410
2458620
2458580
2458590
2458280
2458780
2458800
2458840
2458980
2458860
2459090
2459030
2459130
2459170
2459150
2459370
2459190
2459290
2459350
2459250
2459180
2459510
2459450
2459490
2459400
2459560
2459820
2459530
2459870
2459900
2459860
2459890
2459850
2459840
2459950
2460000
2459980
2460010
2459920
2460120
2460060
2460050
2460070
2460020
2460230
2460260
2460190
2460210
2460310
2460460
2460350
2460360
2460580
2460520
2460640
2460840
2460770
2460900
2460970
2460940
2461040
2461010
2461140
2495670
2495660
2495580
2495730
2495570
2495830
2495780
2495820
2496090
2496000
2496010
2495970
2496130
2496220
2496390
2496530
2496270
2496330
2496440
2496590
2496760
2496800
2496890
2496790
2497010
2496920
2496940
2496980
2496950
2497020
2497150
2497160
2497280
2497300
2497340
2497170
2497310
2497630
2497580
2497570
2497450
2497650
2497520
2497840
2497910
2497850
2497870
2497960
2497950
2497930
2497940
2498070
2498010
2498020
2498080
2497980
2498090
2498100
2498180
2498170
2498260
2498160
2498220
2498310
2498340
2498490
2498610
2498370
2498600
2498680
2498620
2498890
2498940
2498830
2498920
2499100
2498980
2498990
2499080
2499040
2499120
2498970
2499260
2499400
2499480
2499270
2499290
2499500
2499520
2499570
2499780
2499510
2499750
2499740
2499680
2499770
2499700
2500010
2499940
2499950
2411560
2411320
2411380
2411410
2411640
2411620
2411670
2411660
2411780
2411790
2411770
2411870
2411730
2411850
2411610
2411910
2412000
2411920
2412100
2412110
2412180
2412090
2412280
2412310
2412430
2412410
2412600
2412580
2412460
2412540
2412780
2412700
2412640
2412740
2412810
2412750
2412830
2412620
2412960
2412970
2413040
2413000
2413090
2413060
2413050
2413220
2413210
2413190
2413230
2413330
2413300
2413410
2413450
2413470
2413370
2413520
2413490
2413570
2413580
2413480
2413500
2413590
2413640
2413960
2413950
2413920
2413860
2413690
2413710
2414000
2414010
2414140
2414210
2414420
2414440
2414310
2414240
2414260
2414330
2414450
2414190
2414470
2414500
2414570
2414520
2414550
2414580
2414640
2414850
2414920
2414740
2414650
2414790
2414990
2415000
2415320
2415340
2415030
2415240
2415450
2572820
2572860
2572870
2572990
2573040
2573030
2573150
2573050
2573170
2573320
2573420
2573440
2573530
2573620
2573840
2573670
2573540
2573640
2573610
2573940
2573860
2573910
2573950
2573960
2573930
2573990
2574000
2573980
2574020
2574360
2574260
2574120
2574350
2574270
2574340
2574370
2574470
2574550
2574690
2574640
2574760
2574650
2575040
2574820
2574800
2574970
2575140
2575060
2575150
2575070
2575230
2575290
2575350
2575440
2575370
2575790
2575800
2575780
2575750
2575850
2575860
2576250
2576190
2576280
2576290
2576410
2576460
2576320
2576350
2576550
2576640
2576600
2576580
2576990
2576880
2577110
2577010
2577180
2577020
2577160
2577290
2577330
2577510
2577420
2577430
2577500
2577660
2577780
2577730
2577850
2577910
2577490
2577320
2578130
2578050
2578160
2578180
2578010
2578360
2578350
2461080
2461190
2461070
2461260
2461340
2461370
2461270
2461300
2461290
2461280
2461550
2461540
2461450
2461490
2461460
2461570
2461580
2461430
2461630
2461730
2461760
2461810
2461770
2461990
2462080
2462100
2461980
2462060
2462090
2461840
2462210
2462120
2462150
2462110
2462230
2462220
2462320
2462440
2462380
2462390
2462450
2462520
2462540
2462620
2462580
2462570
2462560
2462610
2462910
2462850
2462960
2462880
2463000
2463030
2463020
2463210
2463040
2463220
2463500
2463250
2463550
2463480
2463450
2463510
2463290
2463620
2463610
2463690
2463570
2463730
2463560
2463990
2463920
2464120
2464130
2464210
2464190
2464220
2464270
2464490
2464470
2464480
2464460
2464620
2464280
2464540
2464520
2464530
2464510
2464890
2464750
2464700
2464640
2464980
2464740
2464900
2465090
2465100
2465060
2465380
2500020
2499820
2500190
2500200
2500250
2500120
2500080
2500130
2500050
2500290
2500410
2500400
2500460
2500420
2500610
2500700
2500690
2500570
2500680
2500720
2500710
2500930
2500780
2500910
2500740
2500920
2501430
2501370
2501400
2501590
2501500
2501620
2501670
2501650
2501730
2501680
2501820
2501750
2501830
2502030
2502210
2502420
2502400
2502220
2502120
2502310
2502880
2503030
2502870
2502830
2503050
2503280
2503070
2503210
2503240
2503470
2503360
2503300
2503750
2503640
2503780
2503890
2503770
2503600
2504110
2503950
2504040
2504090
2503990
2503740
2504210
2504450
2504440
2504270
2504400
2504470
2504730
2504830
2504740
2504810
2504620
2504640
2504610
2504580
2505070
2505060
2504880
2505090
2504840
2505160
2504900
2505080
2505400
2505210
2505230
2505370
2505430
2505440
2505460
2505560
2538840
2538870
2538790
2538830
2538780
2538880
2538750
2538890
2539160
2539000
2539120
2539090
2539330
2539210
2539230
2539340
2539280
2539360
2539560
2539600
2539520
2539620
2539440
2539570
2539870
2539730
2539840
2539850
2539990
2539910
2540000
2540100
2540080
2540270
2540230
2540160
2540410
2540450
2540460
2540480
2540110
2540510
2540620
2540680
2540840
2540530
2540550
2540670
2540540
2540400
2540690
2540940
2540800
2541070
2541300
2541150
2541020
2541140
2541370
2541400
2541480
2541580
2541560
2541590
2541550
2541520
2541320
2541530
2541750
2541900
2541770
2541820
2541890
2541670
2541980
2541940
2541930
2541990
2542100
2542080
2542090
2542170
2542140
2542010
2542380
2542390
2542350
2542460
2542190
2542520
2542670
2542680
2542550
2542650
2542750
2542810
2542860
2542830
2542850
2542890
2578190
2578240
2578420
2578400
2578220
2578630
2578650
2578680
2578430
2578660
2578510
2578640
2578700
2578820
2578800
2578790
2578740
2578760
2578880
2578830
2578960
2578920
2578980
2579000
2578910
2578940
2579180
2579110
2579070
2579270
2579380
2579480
2579490
2579540
2579510
2579440
2579400
2579430
2579580
2579600
2579570
2579620
2579680
2579550
2579860
2579820
2579730
2579710
2579870
2580010
2580040
2580000
2579960
2579950
2580160
2580280
2580170
2579880
2580370
2580340
2580380
2581020
2580390
2581100
2581110
2581370
2581360
2581350
2581380
2581120
2581540
2581240
2581510
2581450
2581620
2581630
2581690
2581610
2581810
2581910
2581950
2582130
2582100
2582140
2582250
2582390
2582220
2582260
2582350
2582380
2582310
2582400
2582480
2582450
2582470
2582420
2582460
2582540
2582620
2582710
2465360
2465730
2465530
2465240
2465310
2465110
2465690
2465460
2465780
2465840
2465830
2465770
2466090
2466190
2466130
2466240
2466000
2466160
2465930
2465880
2466370
2466350
2466290
2466410
2466500
2466660
2466640
2466680
2466820
2466790
2466970
2466900
2467200
2467250
2467220
2467310
2467210
2467000
2467070
2467480
2467630
2467710
2467850
2467810
2467930
2467920
2467910
2468210
2467950
2467890
2467870
2468540
2468430
2468490
2468650
2468440
2468470
2468630
2468670
2468800
2468810
2468780
2468740
2468720
2468820
2468940
2468950
2468920
2469030
2469130
2468970
2469080
2468990
2469160
2469190
2469240
2468680
2469550
2469650
2469490
2469290
2469640
2469410
2469560
2469360
2469590
2469260
2469280
2469440
2469690
2470110
2469900
2470060
2469930
2470030
2469710
2469890
2469950
2469990
2469880
2595970
2595900
2595930
2596030
2596110
2596250
2596460
2596280
2596240
2596190
2596300
2596200
2596650
2596720
2596710
2596750
2596760
2596840
2596530
2596860
2596890
2596940
2597020
2597060
2597210
2597130
2597190
2597140
2597180
2597360
2597280
2597370
2597400
2597340
2597350
2597290
2597330
2597430
2597490
2597500
2597570
2597560
2597620
2597580
2597870
2597590
2597810
2597660
2598030
2597900
2598050
2598070
2598080
2598110
2598020
2598310
2598120
2598300
2598320
2598210
2598410
2598290
2598190
2598500
2598480
2598560
2598450
2598580
2598490
2598770
2598670
2598660
2598620
2598630
2598700
2598610
2598800
2598860
2598880
2598920
2598870
2598910
2598890
2598940
2598950
2598970
2599050
2599010
2599040
2599000
2599070
2599220
2599060
2599170
2599130
2599150
2599210
2599260
2599310
2599370
2505510
2505580
2505590
2505470
2505620
2505670
2505640
2505740
2506000
2505700
2506060
2506020
2506340
2506120
2506070
2506130
2506140
2506080
2506290
2506440
2506420
2506390
2506500
2506370
2506530
2506410
2506680
2506550
2506540
2506690
2506790
2506810
2506740
2507090
2506890
2507000
2506980
2507040
2507130
2506900
2507380
2507650
2507570
2507500
2507670
2507690
2507870
2507820
2507700
2507850
2507770
2507780
2507840
2508050
2507990
2507880
2508070
2508110
2508280
2508220
2508290
2508230
2508130
2508420
2508460
2508440
2508400
2508410
2508550
2508670
2508580
2508610
2508560
2508640
2508720
2508630
2508690
2508980
2508970
2509110
2508950
2508810
2509120
2509130
2509190
2509200
2509150
2509340
2509320
2509280
2509420
2509530
2509440
2509380
2509370
2509360
2509650
2509610
2509660
2509570
2582740
2582750
2582810
2582730
2582880
2582780
2582890
2582900
2582990
2583280
2583290
2583320
2583340
2583380
2583330
2583430
2583300
2583460
2583570
2583590
2583530
2583630
2583620
2583660
2583880
2583970
2583950
2583960
2584250
2584160
2584340
2584370
2584400
2584390
2584420
2584380
2584310
2584510
2584520
2584530
2584570
2584630
2584650
2584620
2584680
2584710
2584970
2584810
2584850
2584700
2584800
2584880
2584860
2584740
2585160
2585280
2585020
2585180
2585490
2585660
2585430
2585530
2585390
2585410
2585580
2585570
2585480
2585650
2585710
2585840
2585860
2586140
2586110
2586090
2586310
2586170
2586000
2586470
2586440
2586530
2587040
2586720
2586780
2586900
2586790
2586570
2587190
2587230
2587210
2587260
2587470
2587310
2587390
2587400
2587340
2587380
2587320
2587280
2587510
2587680
2542800
2543110
2543070
2543050
2543030
2543100
2543510
2543490
2543310
2543220
2543460
2543380
2543150
2543630
2543660
2543710
2543610
2543740
2543590
2543930
2543920
2543770
2544030
2543950
2543940
2544040
2543970
2544140
2544100
2544150
2544060
2544160
2544490
2544410
2544300
2544280
2544230
2544330
2544220
2544500
2544570
2544640
2544610
2544660
2544870
2544930
2544680
2545010
2544740
2544990
2545170
2545200
2545090
2545030
2545380
2545330
2545360
2545390
2545220
2545400
2545410
2545450
2545530
2545650
2545560
2545570
2545780
2545760
2545740
2545790
2545810
2545830
2545920
2546110
2545950
2546030
2545880
2546170
2546160
2546240
2546140
2546320
2546350
2546570
2546480
2546630
2546720
2546650
2546640
2546620
2546780
2546930
2547020
2547090
2547180
2547150
2547240
2547430
2547200
2547260
2599320
2599290
2599530
2599500
2599460
2599560
2599640
2599550
2599580
2599480
2599440
2599700
2599630
2599890
2599770
2599690
2599900
2599930
2599950
2599920
2599960
2600000
2600070
2600110
2600190
2600180
2600230
2600150
2600260
2600480
2600500
2600440
2600470
2600290
2600240
2600640
2600670
2600730
2600710
2600620
2600900
2600770
2600850
2600960
2600830
2600970
2600820
2600810
2601110
2601000
2601100
2601010
2601030
2601120
2601420
2601190
2601320
2601230
2601170
2601150
2601390
2601340
2601450
2601430
2601530
2601540
2601790
2601630
2601610
2601820
2601640
2601810
2601840
2601660
2601580
2601920
2602010
2601940
2602000
2602200
2602070
2602100
2602120
2602110
2602080
2602040
2602030
2602220
2602300
2602410
2602290
2602390
2602430
2602530
2602730
2602500
2602540
2602710
2602700
2602790
2638560
2638610
2638670
2638680
2638870
2638830
2638690
2639030
2639050
2639270
2639140
2639150
2639100
2638880
2638910
2639330
2639360
2639590
2639630
2639480
2639580
2639610
2639460
2639350
2639410
2639620
2639660
2639700
2639680
2639850
2639880
2639930
2639940
2639870
2639790
2639780
2639770
2639990
2640300
2640170
2640100
2640230
2640240
2640220
2640040
2640250
2640030
2640310
2640380
2640370
2640360
2640570
2640720
2640650
2640400
2640420
2640640
2640660
2640750
2640390
2640560
2640760
2640820
2640810
2640800
2641030
2641090
2641040
2641000
2640940
2640880
2640920
2641170
2641180
2641060
2641230
2641340
2641310
2641610
2641550
2641510
2641530
2641360
2641490
2641810
2641720
2641880
2641800
2641730
2642040
2641980
2641910
2641990
2642310
2642110
2642030
2642220
2642070
2642020
2642500
2509820
2509830
2509870
2509800
2509850
2509840
2509690
2509720
2509920
2509940
2510040
2510010
2510020
2510160
2510210
2510130
2510060
2510170
2510180
2510220
2510420
2510050
2510480
2510510
2510490
2510540
2510570
2510660
2510820
2510760
2510730
2510830
2510850
2511060
2511000
2510860
2511130
2511160
2510880
2511200
2511400
2511210
2511550
2511420
2511440
2511430
2511350
2511110
2511610
2511620
2511660
2511730
2511740
2511760
2511770
2511800
2511720
2511780
2511870
2511820
2511650
2511900
2511890
2511990
2512070
2512100
2511970
2512050
2511940
2512290
2512260
2511930
2512370
2512380
2512440
2512450
2512480
2512510
2512630
2512560
2512750
2512720
2512460
2512680
2512690
2512800
2512860
2512910
2512870
2512850
2513270
2513080
2513110
2513100
2513040
2513200
2513180
2512930
2513310
2513700
2642330
2642480
2642510
2642740
2642550
2642530
2642620
2642720
2642520
2642570
2642760
2642780
2642820
2642830
2642870
2642920
2642970
2642940
2642950
2643010
2642850
2642980
2643000
2642930
2642840
2643210
2643290
2643300
2643560
2643310
2643620
2643520
2643340
2643420
2643360
2643700
2643330
2643890
2643830
2643920
2643930
2643880
2644000
2643960
2643990
2644040
2643970
2644090
2644030
2644080
2644140
2644180
2644170
2644340
2644130
2644100
2644250
2644220
2644240
2644440
2644400
2644680
2644710
2644550
2644700
2644500
2644750
2644590
2644610
2644480
2644770
2644620
2644850
2644960
2645090
2645060
2645010
2645100
2644970
2645080
2645030
2645070
2645170
2645110
2645180
2645250
2645260
2645390
2645340
2645350
2645590
2645490
2645670
2645610
2645740
2645690
2645770
2645650
2645970
2645800
2677980
2678050
2677910
2678230
2677950
2678130
2678140
2677970
2678060
2678330
2678290
2678300
2678360
2678280
2678450
2678660
2678590
2678670
2678440
2678410
2678710
2678790
2678820
2678750
2678760
2678880
2678960
2678950
2678940
2678910
2678860
2679000
2679070
2679040
2679210
2679230
2679270
2679260
2679310
2679220
2679320
2679610
2679600
2679650
2679350
2679340
2679660
2679430
2679380
2679740
2679620
2679710
2679640
2679730
2679790
2679830
2679840
2679780
2679880
2679860
2679870
2680030
2680050
2679980
2680100
2680140
2680040
2680250
2680060
2680080
2680510
2680310
2680420
2680610
2680550
2680440
2680280
2680840
2680700
2680520
2680870
2681220
2681180
2681560
2681290
2681340
2681500
2681270
2681240
2681350
2681580
2681570
2681330
2681530
2681590
2681650
2681760
2681870
2681660
2681640
2587620
2587670
2587590
2587690
2587940
2587930
2587840
2587850
2587790
2587870
2587920
2588180
2587980
2587960
2587950
2588170
2588260
2588390
2588210
2588400
2588430
2588480
2588240
2588550
2588590
2588580
2588830
2588860
2588790
2588940
2588960
2588750
2588700
2588690
2588990
2589130
2589110
2589120
2589080
2589360
2589160
2589370
2589290
2589150
2589180
2589190
2589350
2589140
2589410
2589420
2589400
2589440
2589070
2589710
2589730
2589510
2589550
2589480
2589470
2589500
2589490
2589540
2589670
2589820
2589840
2590050
2589960
2589990
2589920
2590010
2589980
2589900
2589450
259000
2590070
2589880
2590160
2590080
2590190
2590210
2590300
2590530
2590550
2590490
2590220
2590580
2590600
2590740
2590750
2590690
2590560
2590670
2590910
2590810
2591020
2591010
2590790
2590770
2590630
2591170
2547280
2547320
2547590
2547570
2547400
2547740
2547620
2547760
2547860
2547810
2547980
2547890
2547960
2548050
2548180
2548160
2548140
2548000
2548200
2548250
2548270
2548360
2548280
2548390
2548260
2548410
2548500
2548580
2548400
2548640
2548670
2548650
2548770
2548810
2548780
2548720
2548820
2548920
2548830
2548910
2549000
2549020
2548880
2549030
2549150
2549100
2549040
2549160
2549200
2549480
2549440
2549650
2549620
2549680
2549260
2549390
2549540
2549630
2549600
2549490
2549720
2549760
2549940
2549900
2550020
2549950
2549880
2549930
2549960
2550030
2550300
2550320
2550270
2550290
2550350
2550240
2550420
2550630
2550460
2550470
2550410
2550700
2550740
2550910
2550860
2550930
2550790
2550840
2550990
2551070
2551210
2551240
2551590
2551250
2551380
2551290
2551570
2551300
2551440
2551550
2602810
2602770
2602890
2602830
2602760
2603110
2602910
2603000
2602970
2603030
2603120
2603130
2603230
2603290
2603300
2603440
2603350
2603380
2603400
2603420
2603480
2603490
2603590
2603560
2603630
2603550
2603680
2603770
2603750
2603800
2603880
2603650
2604210
2604030
2604230
2603930
2604580
2604410
2604370
2604600
2604670
2604390
2604800
2604760
2604310
2604820
2604850
2604930
2605160
2605040
2605140
2604970
2604980
2605210
2605560
2605290
2605490
2605530
2605330
2605410
2605600
2605710
2605430
2605880
2605780
2605870
2605900
2605860
2606240
2606200
2605990
2606290
2606340
2606210
2606300
2606560
2606590
2606550
2606790
2606800
2606690
2606920
2606810
2607050
2606850
2606630
2606700
2606880
2607090
2607120
2607160
2607180
2607280
2607330
2607320
2607230
2607260
2607430
2607360
2607420
2682200
2682380
2682210
2682260
2682480
2682490
2682540
2682470
2682270
2682630
2682600
2682550
2682650
2682800
2682690
2682860
2682850
2682680
2682810
2682820
2682950
2682900
2682960
2682980
2683330
2683060
2683100
2683180
2683030
2683250
2683320
2683210
2683170
2683370
2683350
2683360
2683510
2683620
2683590
2683610
2683580
2683570
2683640
2683520
2683560
2683490
2683700
2683680
2683710
2683810
2683740
2684090
2683960
2684100
2684030
2684140
2684130
2683970
2684070
2684200
2684240
2684220
2684300
2684340
2684260
2684310
2684420
2684470
2684560
2684510
2684390
2684400
2684410
2684620
2684580
2684550
2684630
2684930
2685030
2684840
2684850
2684720
2684760
2684950
2684940
2685070
2685160
2685150
2685180
2685350
2685320
2685170
2685300
2685390
2685520
2685450
2685490
2685550
2685370
2685410
2645730
2645700
2645950
2645830
2645820
2646020
2646280
2646170
2646180
2646200
2646010
2646360
2646000
2646050
2646300
2646320
2646240
2646440
2646560
2646370
2646510
2646450
2646480
2646650
2646160
2646690
2646700
2646620
2646870
2646810
2646840
2647060
2646590
2647050
2646740
2646760
2647500
2647100
2647560
2647090
2647780
2647820
2647680
2647580
2647880
2647510
2647870
2647840
2647900
2647960
2647920
2648420
2648060
2648210
2648070
2648150
2647980
2648290
2648440
2648360
2648550
2648580
2648600
2648560
2648650
2648620
2648610
2648670
2648880
2648990
2648900
2649090
2649000
2649100
2648920
2649290
2649280
2649170
2649130
2649120
2648940
2649320
2649230
2649390
2649490
2649500
2649920
2649890
2649940
2649520
2649780
2649790
2649470
2649800
2649910
2650020
2649960
2650030
2650040
2650280
2591190
2591110
2591090
2591060
2591370
2591310
2591270
2591470
2591230
2591290
2591360
2591570
2591710
2591800
2591610
2591630
2591900
2591840
2591930
2591880
2591950
2591960
2591990
2592000
2592070
2592010
2592330
2593090
2592710
2592470
2592340
2593130
2593140
2593030
2593400
259340
2593340
2593150
2593410
2593640
2593510
2593650
2593440
2593570
2593660
2593770
2593710
2593740
2593790
2593810
2593830
2593850
2594200
2594180
2593970
2594110
2593940
2594350
2594280
2594310
2594400
2594290
2594360
2594420
2594480
2594470
2594600
2594610
2594540
2594810
2594640
2594690
2594720
2594740
2594620
2594870
2595000
2594980
2594860
2595020
2595030
2595080
2594970
2595100
2595120
2595140
2595290
2595210
2595370
2595230
2595430
2595480
2595540
2595530
2595380
2595700
2595850
2595640
2595770
2595220
2649970
2650080
2650190
2650240
2650210
2650110
2650340
2650400
2650510
2650570
2650580
2650350
2650490
2650590
2650450
2650520
2650610
2650730
2650620
2650390
2650830
2650850
2650950
2650890
2650790
2650780
2651100
2651090
2651060
2651070
2651050
2651190
2651110
2651300
2651290
2651320
2651220
2651170
2651350
2651310
2651450
2651430
2651420
2651440
2651490
2651550
2651500
2651460
2651470
2651480
2651530
2651510
2651520
2651560
2651630
2651590
2651540
2651650
2651760
2651830
2651860
2651850
2651810
2651780
2652050
2652030
2652000
2652110
2652060
2652160
2652180
2652440
2652430
2652390
2652330
2652460
2652500
2652480
2651950
2652570
2652590
2652490
2652650
2652680
2652690
2652630
2652820
2652870
2653020
2652910
2652710
2653090
2653250
2653110
2653210
2653170
2653060
2653240
2653390
2653380
2607510
2607760
2607730
2607540
2607550
2607480
2607780
2607790
2607880
2607920
2607910
2607950
2607970
2608290
2608090
2608140
2608310
2608250
2608100
2608200
2608060
2608410
2608400
2608460
2608560
2608550
2608510
2608930
2608680
2608570
2608630
2608600
2608890
2608900
2608940
2609040
2609280
2609240
2609150
2609290
2609210
2609120
2609310
2609380
2609350
2609400
2609390
2609580
2609550
2609430
2609560
2609640
2609540
2609570
2609680
2609750
2609650
2609860
2609810
2609760
2609920
2609880
2610020
2610000
2610040
2610050
2610030
2610230
2610210
2610200
2610250
2610320
2610290
2610390
2610440
2610080
2610540
2610480
2610580
2610640
2610630
2610720
2610770
2610810
2609670
2610470
2610850
2610910
2610960
2610830
2610840
2610920
2610880
2610970
2611060
2611160
2611110
2611190
2611410
2611550
2551720
2551660
2551700
2551740
2551730
2551850
2551870
2551820
2551940
2551750
2551830
2551790
2551840
2552000
2551980
2552170
2551970
2552130
2552340
2552200
2552240
2552190
2552420
2552610
2552600
2553150
2553080
2552820
2553040
2552770
2552680
2553180
2552740
2553220
2553250
2553260
2553240
2553350
2553360
2553390
2553330
2553470
2553410
2553320
2553440
2553480
2553640
2553560
2553600
2553860
2553720
2553580
2553840
2553700
2554740
2554770
2553960
2554880
2553930
2554970
2554990
2554980
2555010
2555040
2555270
2555120
2555060
2555230
2555090
2555220
2555430
2555350
2555300
2555440
2555690
2555710
2555480
2555760
2555830
2555570
2555840
2555780
2555900
2555920
2555980
2556010
2555940
2556030
2556000
2556050
2556090
2556280
2556240
2556480
2556630
2556540
2556620
2556670
2556490
2685500
2685420
2685590
2685570
2685770
2686040
2685850
2685780
2686020
2685760
2686060
2686110
2686120
2686330
2686260
2686360
2686480
2686520
2686350
2686400
2686590
2686580
2686750
2686320
2686250
2686680
2686930
2686810
2686900
2686910
2686640
2686870
2686820
2686950
2686980
2687160
2686960
2687040
2686990
2687130
2687000
2687280
2687390
2687220
2687470
2687250
2687590
2687510
2687530
2687650
2687610
2687680
2687700
2687820
2687950
2688010
2687830
2687690
2687850
2687960
2688140
2688030
2688100
2688190
2688180
2688380
2688480
2688210
2688520
2688750
2688570
2688700
2688650
2688600
2688940
2688980
2688930
2688780
2688960
2689000
2689200
2689220
2689230
2689380
2689400
2689420
2689450
2689540
2689460
2689470
2689490
2689630
2689600
2689640
2689780
2689820
2689970
2689920
2689950
2689870
2711550
2711690
2712410
2712450
2712460
2712530
2712570
2712380
2712710
2712590
2712670
2712750
2712720
2712920
2713070
2712740
2712870
2712900
2712810
2712940
2713110
2713130
2713480
2713370
2713380
2713520
2713390
2713550
2713560
2713640
2713660
2713630
2713680
2713250
2713710
2713920
2713790
2713770
2713750
2713780
2713820
2713690
2713940
2713950
2713930
2713990
2713960
2714100
2714130
2714170
2714220
2714260
2714020
2714580
2714440
2714510
2714640
2714340
2714760
2714900
2714670
2715180
2714970
2715000
2715090
2715020
2714930
2714910
2715280
2715260
2715370
2715390
2715620
2715230
2715420
2715640
2715410
2715530
2715680
2715700
2715650
2715730
2715740
2715760
2715970
2715780
2715880
2715860
2715830
2715930
2715750
2715810
2715870
2716030
2716150
2716190
2716270
2716280
2715910
2716120
2653410
2653120
2653640
2653530
2653580
2653670
2653260
2653480
2653330
2653720
2653830
2653890
2653920
2653870
2654010
2653850
2653470
2653970
2653990
2654030
2654120
2654070
2654280
2654290
2654240
2654350
2653960
2654360
2654220
2654430
2654450
2654490
2654510
2654210
2654530
2654640
2654580
2654160
2654520
2654740
2654710
2655040
2654690
2654860
2655020
2655230
2655340
2655520
2655030
2655480
2655470
2655570
2655130
2655580
2655630
2655590
2655080
2655600
2655610
2655760
2655660
2655670
2655720
2655870
2655710
2655820
2655740
2655880
2655890
2655770
2655800
2655920
2656040
2655960
2656220
2656350
2656360
2656420
2656230
2656510
2656320
2656610
2656400
2656690
2656460
2656600
2656580
2656560
2656740
2656830
2656800
2656900
2656990
2657130
2657030
2657180
2657170
2656980
2657010
2657160
2689960
2690080
2690020
2690110
2690010
2690150
2690700
2690290
2690780
2690580
2690180
2690790
2690820
2690900
2690800
2690760
2690830
2690950
2691020
2691070
2690960
2691050
2691040
2691090
2691280
2691340
2691220
2691240
2691250
2691360
2691350
2691410
2691420
2691510
2691490
2691460
2691470
2691450
2691780
2691560
2691750
2691800
2691700
2691790
2691550
2691580
2691820
2691940
2691890
2691920
2691830
2691960
2691900
2691980
2692300
2692350
2692270
2692280
2692160
2692040
2692600
2692610
2692420
2692430
2692580
2692560
2692640
2692650
2692730
2692720
2692620
2692750
2692740
2693130
2692890
2692960
2692760
2693320
2693200
2693340
2693260
2693250
2693370
2693400
2693360
2693380
2693470
2693410
2693660
2693700
2693680
2693810
2693860
2693920
2693830
2693890
2693900
2693880
2693930
2693950
2611240
2611440
2611200
2611600
2611750
2611620
2611630
2611940
2611860
2612380
2612320
2612270
2612420
2612530
2612430
2612390
2612540
2612580
2612370
2612830
2612970
2612960
2613010
2613050
2612690
2613250
2612870
2613420
2613370
2613130
2613480
2613110
2613120
2613510
2613550
2613530
2613540
2613580
2613240
2613640
2613800
2613730
2613850
2613890
2613940
2613950
2613780
2613720
2613900
2614090
2614080
2614100
2614150
2614210
2614230
2614270
2614280
2613960
261430
2614360
2613990
2614330
2614530
2614480
2614490
2614370
2614460
2614580
2614540
2614670
2614590
2614710
2614790
2615000
2615090
2615030
2615100
2614820
2614930
2614970
2614700
2615150
2615230
2615180
2614910
2615390
2615380
2615480
2615290
2615300
2615440
2615570
2615660
2615880
2615770
2615630
2615750
2615870
2616130
2616040
2754860
2754570
2754700
2754490
2754940
2754750
2754880
2755070
2754870
2755120
2755170
2755130
2755100
2755210
2755230
2755310
2755340
2755410
2755450
2755330
2755240
2755520
2755680
2755460
2755480
2755510
2755690
2755730
2755860
2755820
2755790
2755880
2755990
2756050
2755950
2756030
2755960
2755900
2756190
2756160
2756380
2756120
2756390
2756460
2756580
2756610
2756410
2756670
2756720
2756780
2756470
2756760
2756830
2756700
2756790
2756870
2756960
2756930
2756910
2757050
2756970
2757000
2757030
2757070
2757230
2757330
2757250
2757300
2757400
2757450
2757520
2757500
2757490
2757570
2757530
2757600
2757590
2757540
2757620
2757610
2757640
2757670
2757820
2757720
2757770
2757660
2757940
2757910
2757990
2757980
2757950
2758140
2758180
2758110
2758150
2758190
2758320
2758230
2758270
2758220
2657220
2657210
2657140
2657270
2657320
2657340
2657310
2657240
2657510
2657430
2657570
2657580
2657540
2657360
2657750
2657780
2657840
2657900
2657620
2657670
2657730
2657860
2658090
2658010
2658040
2657930
2658140
2658160
2658020
2658470
2658330
2658430
2658510
2658490
2658600
2658550
2658620
2658650
2658590
2658580
2658660
2658690
2658680
2658720
2658740
2659020
2658830
2659110
2659050
2659040
2658950
2659170
2659190
2659600
2659500
2659630
2659730
2659690
2659720
2659610
2659670
2659780
2659790
2659760
2659850
2659800
2659830
2659860
2659910
2659870
2659960
2659660
2660050
2659980
2660100
2660130
2660240
2660250
2660180
2660120
2660260
2660110
2660300
2660460
2660330
2660640
2660440
2660570
2660630
2660500
2660700
2660600
2660760
2660810
2660750
2661140
2660840
2661040
2660850
2661120
2716200
2716290
2716040
2716380
2716300
2716730
2716550
2716870
2716690
2716520
2716750
2716820
2716620
2716830
2716810
2716940
2716970
2717000
2716980
2717110
2717120
2716960
2717010
2717130
2717150
2717140
2717160
2717250
2717390
2717240
2717270
2717480
2717330
2717310
2717610
2717600
2718110
2717740
2718060
2717900
2718020
2717950
2717690
2717710
2717720
2717780
2718240
2718160
2718560
2718510
2718310
2718500
2718490
2718260
2718340
2718550
2718470
2718320
2718710
2718570
2719000
2718820
2718700
2719340
2719140
2719210
2719250
2719300
2719270
2718720
2719410
2719400
2719500
2719600
2719520
2719610
2719680
2719670
2719630
2719740
2719530
2719510
2719760
2719810
2719840
2719850
2720050
2720100
2719940
2719920
2719860
2719960
2719830
2720070
2720000
2720090
2720120
2720330
2720260
2720230
2693940
2693840
2694150
2694200
2694260
2694380
2694390
2694230
2694330
2694440
2694020
2694290
2694410
2694480
2694460
2694510
2694520
2694700
2694750
2694720
2694730
2694560
2694800
2694860
2694890
2695020
2694900
2694960
2694810
2695110
2695040
2694970
2695160
2695210
2695100
2695130
2695590
2695250
2695240
2695570
2695230
2695260
269570
2695780
2695730
2695720
2695960
2695710
2696050
2695810
2695850
2695830
2696070
2695800
2696060
2696140
2696110
2696420
2696570
2696320
2696530
2696390
2696520
2696400
2696660
2696550
2696590
2696960
2696970
2696750
2696930
2696760
2696780
2697010
2697200
2697000
2697050
2697180
2697030
2697210
2697450
2697090
2697470
2697460
2697380
2697430
2697390
2697510
2697610
2697370
2697690
2697930
2698040
2697890
2697710
2697940
2697520
2697540
2697720
2697640
2758210
2758360
2758340
2758350
2758280
2758380
2758400
2758410
2758510
2758490
2758910
2758570
2758940
2758740
2758770
2758730
2758950
2758970
2758980
2759000
2759110
2759010
2759160
2759170
2759130
2759120
2759280
2759140
2759230
2759570
2759590
2759660
2759750
2759640
2759760
2759560
2759540
2759780
2759910
2759960
2759900
2759940
2760470
2760500
2760520
2760580
2760600
2760720
2760620
2760610
2760640
2760710
2760740
2760800
2760770
2760860
2760730
2760790
2760830
2760780
2760920
2761290
2761060
2761070
2761240
2761340
2761000
2761100
2761270
2761050
2761020
2761160
2761450
2761380
2761410
2761460
2761500
2761550
2761560
2761520
2761480
2761490
2761470
2761350
2761510
2761610
2761620
2761640
2761790
2761830
2761900
2761860
2761920
2761820
2761730
2761760
2761930
2761800
2761960
2762300
2660880
2661130
2661200
2661310
2661220
2661210
2661420
2661490
2661410
2661430
2661500
2661510
2661260
2661530
2661330
2661540
2661400
2661550
2661630
2661620
2661700
2661360
2661770
2661780
2661730
2661850
2661890
2661940
2662070
2662590
2662190
2661930
2662550
2662730
2662780
2663110
2662830
2663150
2663170
2663200
2663210
2663310
2663270
2663300
2663260
2663570
2663510
2663520
2663360
2663350
2663620
2663670
2663800
2663720
2663970
2663850
2663680
2663890
2664120
2664050
2663840
2664280
2664190
2664130
2664260
2664400
2664540
2664560
2664460
2664680
2664470
2664650
2664700
2664600
2664800
2664880
2664760
2664850
2664900
2664920
2664910
2664970
2665010
2665090
2665040
2665150
2665180
2665120
2665210
2665530
2665450
2665380
2665250
2665570
2665640
2665630
2665690
2665930
2665940
2665680
2720320
2720670
2720280
2720420
2720640
2720130
2720680
2720700
2720740
2720730
2721020
2720780
2720840
2720820
2720940
2720920
2720810
2721150
2721090
2721180
2721260
2721190
2721280
2721290
2721210
2721390
2721300
2721360
2721830
2721850
2721440
2721590
2721420
2721690
2721900
2721580
2721470
2722160
2721980
2722120
2721960
2722230
2722210
2722360
2722400
2722330
2722500
2722440
2722490
2722380
2722630
2722610
2722600
2722660
2722780
2722850
2722830
2722760
2722640
2722940
2722880
2722930
2722770
2722730
2722870
2723080
2723180
2722990
2723140
2722980
2723250
2723170
2723200
2723270
2723220
2723300
2723340
2723470
2723430
2723370
2723540
2723590
2723520
2723310
2723620
2723690
2723850
2723810
2723670
2723820
2723610
2723720
2723550
2723900
2723960
2724180
2724140
2724160
2724110
2723880
2615940
2616090
2616060
2616140
2616230
2616170
2616200
2616480
2616550
2616630
2616590
2616670
2616740
2616650
2616750
2616680
2616900
2616760
2617140
2617090
2617170
2617430
2617350
2617360
2617210
2617150
2617190
2617470
2617970
2617830
2617870
2618060
2618350
2618110
2618390
2618190
2618260
2618140
2617930
2618380
2618160
2618420
2618620
2618540
2810730
2618500
2618640
2618630
2618670
2618690
2618800
2618850
2619020
2618970
2618940
2619030
2618990
2619040
2619120
2619110
2619090
2619170
2619270
2619350
2619220
2619280
2619200
2619490
2619510
2619440
2619450
2619660
2619570
2619750
2619720
2619630
2619640
2619610
2619790
2619970
2619900
2620110
2620120
2620020
2619990
2620300
2620220
2620420
2620200
2620380
2620460
2620540
2620530
2620550
2620640
2620630
2620690
2620770
2620780
2620450
2762110
2762250
2762040
2762080
2762050
2762220
2761970
2762270
2762290
2761990
2762330
2762310
2762360
2762400
2762370
2762480
2762610
2762530
2762650
2762470
2762590
2762690
2762640
2762790
2762740
2762940
2762830
2762840
2762700
2762980
2763000
2762710
2763020
2763030
2763370
2763360
2763470
2763320
2763210
276360
2763460
2763520
2763570
2763310
2763510
2763740
2763600
2763800
2763820
2763770
2763930
2763830
2764110
2764090
2764100
2764050
2764170
2764080
2764210
2764380
2764370
2764140
2764320
2764180
2764390
2764400
2764200
2764450
2764460
2764500
2764580
2764470
2764590
2764570
2764600
2764510
2764650
2764830
2764720
2764680
2764690
2765120
2764870
2765080
2765070
2764840
2764990
2765100
2765200
2765250
2765180
2765320
2765140
2765350
2765370
2765340
2765360
2765440
2765300
2765750
2666000
2666020
2665590
2666060
2666160
2666220
2666230
2666270
2666490
2666360
2666550
2666570
2666520
2666370
2666440
2666580
2666680
2666840
2666750
2666870
2667030
2667000
2667050
2667010
2667100
2667080
2666920
2667130
2667220
2667140
2667160
2667260
2667560
2667370
2667590
2667480
2667660
2667580
2667680
2667740
2667760
2667820
2668020
2668070
2667840
2668000
2668030
2667880
2668090
2668100
2667830
2668160
2668150
2668200
2668210
2668170
2668240
2668230
2668450
2668460
2668600
2668610
2668530
2668540
2668500
2668760
2668710
2668740
2668660
2668620
2668630
2668640
2668670
2668800
2668770
2668780
2668810
2668840
2668860
2669000
2669110
2669030
2669040
2669010
2669060
2669080
2669180
2669150
2669200
2669240
2669220
2669450
2669470
2669270
2669330
2669480
2669390
2669380
2669300
2669250
2697730
2698100
2698160
2698090
2698330
2698340
2698250
2698350
2698230
2698140
2698460
2698490
2698520
2698560
2698800
2698670
2698730
2698830
2698680
2698700
2699040
2699240
2699200
2699190
2699100
2699110
2699280
2699130
2699290
2699340
2699380
2699540
2699550
2699480
2699590
2699610
2699660
2699600
2699620
2699570
2699650
2699630
2699870
2699780
2699690
2699790
2699800
2699930
2699950
2699880
2699890
2700020
2700010
2700050
2700060
2700030
2700120
2700150
2700220
2700070
2700280
2700370
2700250
2700380
2700450
2700460
2700470
2700430
2700310
2700390
2700410
2700540
2700660
2700650
2700550
2700790
2700900
2700960
2700560
2700860
2700690
2700680
2701060
2701190
2701210
2701070
2701260
2701240
2701290
2701310
2701140
2701360
2701220
2701410
2701500
2701650
2701720
2701690
2701630
2701420
2724020
2724450
2724530
2724520
2724330
2724130
2724220
2724640
2724630
2724650
2724560
2724540
2724440
2724680
2724700
2724800
2724710
2724770
2724930
2724830
2724810
2724860
2724980
2724990
2725150
2725000
2725170
2725080
2725230
2725200
2725190
2725240
2725310
2725030
2725250
2725350
2725340
2725450
2725470
2725430
2725520
2725660
2725630
2725610
2725950
2726020
2726030
2725670
2725800
2726080
2726110
2725840
2726060
2726180
2726160
2726270
2726310
2726240
2726420
2726410
2726670
2726440
2726360
2726460
2726470
2726510
2726350
2726780
2726860
2726720
2726680
2726830
2726910
2726890
2726870
2726920
2726950
2726980
2727350
2727040
2727210
2727420
2727430
2727360
2727490
2727550
2727520
2727570
2727580
2727020
2727670
2727660
2727890
2727770
2727870
2727960
2728040
2727850
2728050
2727820
2620590
2620930
2620950
2620940
2620870
2621030
2621220
2621080
2621160
2621260
2621430
2621040
2621330
2621270
2621350
2621380
2621420
2621280
2621440
2621540
2621470
2621640
2621670
2621460
2621760
2621850
2621960
2621980
2621790
2621690
2622100
2622110
2622220
2622290
2622230
2622280
2622300
2622240
2622730
2622460
2622540
2622740
2622630
2622450
2622500
2622390
2622690
2622350
2622880
2622810
2622940
2622820
2622970
2622780
2623080
2623100
2623370
2623270
2623340
2623630
2623580
2623430
2623530
2623390
2623650
2623700
2623680
2624020
2623970
2623730
2623980
2624080
2623690
2624050
2624120
2624090
2624370
2624280
2624100
2624730
2624610
2624400
2624410
2624670
2624320
2624720
2624990
2624980
2625010
2625040
2625030
2625170
2625000
2625330
2625340
2625350
2625860
2625450
2625470
2625620
2765700
2765640
2765690
2765670
2765790
2765490
2765580
2765820
2765850
2765880
2766080
2766090
2766020
2765910
2766210
2766180
2765940
2766150
2766270
2766290
2766160
2766280
2766330
2766340
2766380
2766260
2766400
2766360
2766450
2766390
2766530
2766550
2766560
2766600
2766640
2766570
2766650
2766830
2766900
2766840
2766890
2766910
2767020
2767080
2767220
2767240
2767060
2766880
2767320
2767270
2767260
2767430
2767510
2767500
2767530
2767450
2767480
2767790
2767810
2767740
2768030
2767990
2767850
2767870
2767950
2768010
2768100
2767860
2768080
2768300
2768260
2768130
2768020
2768320
2768110
2768050
2768390
2768470
2768400
2768380
2768420
2768350
2768560
2768590
2768520
2768600
2768730
2769070
2768990
2769110
2769020
2769210
2768920
2769160
2769270
2769120
2769260
2769310
2769290
2769480
2669500
2669520
2669590
2669510
2669540
2669580
2669720
2669770
2669730
2669660
2669620
2669830
2669600
2669780
2669640
2669850
2669860
2669930
2669950
2669960
2669970
2670360
2670470
2670430
2670340
2670460
2670260
2670400
2670550
2670740
2670670
2670700
2670630
2670720
2670860
2670960
2670980
2670940
2670770
2670800
2670810
2670780
2670890
2671110
2671180
2671090
2671010
2671200
2671480
2671450
2671350
2671320
2671300
2671590
2671460
2671210
2671600
2671710
2671720
2671760
2671610
2671740
2671990
2671820
2671790
2671780
2672010
2671770
2671980
2672020
2672500
2672050
2672260
2672230
2672110
2672070
2672470
2672290
2672520
2672510
2672550
2672620
2672740
2672840
2672680
2672660
2672970
2672760
2672790
2673000
2672990
2672860
2672980
2673010
2673020
2673080
2673310
2673430
2673440
2673370
2701730
2701840
2701900
2702000
2701870
2702030
2701910
2701980
2701890
2701750
2702080
2702050
2702230
2702170
2702040
2702380
2702350
2702370
2702310
2702340
2702250
2702390
2702470
2702580
2702490
2702820
2702810
2702620
2702800
2702590
2702920
2702830
2702740
2702850
2702700
2703000
2703060
2702940
2703140
2703070
2703150
2703200
2703210
2703100
2702970
2703170
2703180
2703190
2703220
2703310
2703230
2703260
2703290
2703390
2703370
2703320
2703340
2703240
2703250
2703350
2703450
2703400
2703590
2703750
2703900
2703810
2703890
2703920
2703610
2703690
2703940
2703930
2703670
2703720
2704030
2703970
2704100
2704120
2704020
2704090
2704110
2704050
2704140
2704280
2704070
2704290
2704210
2704250
2704350
2704360
2704320
2704340
2704300
2704310
2704450
2704400
2704580
2704460
2704660
2704900
2728080
2728090
2728100
2728260
2728250
2728320
2728340
272860
2728830
2728840
2728570
2729090
2728950
2728910
2729220
2729140
2729350
2729250
2729050
2729180
2729170
2729480
2729450
2729550
2729540
2729770
2729740
2729820
2729660
2729670
2729940
2729720
2729510
2729830
2730050
2730220
2730280
2730320
2730370
2730290
2730380
2730420
2730060
2730010
2730710
2730600
2730700
2730820
2730860
2730800
2730550
2730910
2730890
2731030
2731260
2731120
2731150
2731170
2730970
2731010
2731160
2731230
2731300
2731580
2731450
2731550
2731370
2731760
2731740
2731590
2731920
2731710
2731790
2731610
2732070
2732050
2732100
2732080
2731910
2732360
273240
2732310
2732290
2732420
2732210
2732480
2732600
2732590
2732500
2732730
2732660
2732670
2732650
2732630
2732770
2732680
2732790
2732890
2732870
2732920
2769370
2769380
2769430
2769390
2769410
2769530
2769510
2769580
2769700
2769340
2769780
2769960
2769920
2769670
2770150
2769990
2769980
2769820
2770140
2770190
2770160
2770230
2770310
2770250
2770300
2770270
2770420
2770330
2770410
2770430
2770290
2770500
2770320
2770460
2771220
2771270
2771310
2771260
2771190
2771180
2771590
2771500
2771650
2771710
2771600
2771840
2771730
2771860
2771550
2772090
2771980
2772020
2772050
2772120
2771890
2771920
2772280
2772190
2772260
2772180
2772170
2772420
2772370
2772410
2772390
2772330
2772460
2772320
2772480
2772530
2772490
2772580
2772550
2772560
2772660
2772650
2772670
2772640
2772620
2772700
2772600
2772720
2772760
2772920
2772810
2772940
2772820
2772970
2772980
2773070
2773120
2773020
2772990
2773000
2773430
2773450
2773280
2773350
2773230
2773250
2673330
2673210
2673450
2673480
2673260
2673530
2673670
2673560
2673870
2673990
2673890
2674040
2673730
2673690
2673940
2673750
2673800
2673720
2673910
2674060
2674340
2674200
2674420
2674230
2674300
2674510
2674500
2674480
2674550
2674370
2674640
2674590
2674580
2674810
2674740
2674870
2674670
2674650
2674680
2674970
2674990
2675330
2675270
2675300
2675620
2675400
3025290
2656440
2675610
2675600
2675660
2675700
2676000
2676080
2676030
2676010
2676140
2676040
2675690
2676150
2676210
2676180
2676190
2675900
2676460
2676270
2676220
2676290
2676340
2676470
2676450
2676850
2676810
2676790
2677210
2676920
2677220
2676940
2677150
2676980
2676930
2677230
2676990
2677240
2677350
2677360
2677480
2677620
2677690
2677790
2677830
2677400
2677720
2677680
2677670
2677850
2677930
2677940
2677960
2677920
2625700
2625600
2625880
2625420
2625900
2625680
2625390
2625510
2625930
2625950
2626080
2626050
2625970
2626180
2626090
2626140
2626360
2626660
2626510
2626600
2626720
2626740
2626570
2626760
2626780
2626830
2626840
2627040
2626920
2626960
2626970
2627150
2627270
2627340
2627280
2627200
2627240
2627480
2627410
2627380
2627580
2627420
2627370
2627570
2627500
2627660
2627710
2627640
2628180
2628130
2628060
2627740
2627770
2627720
2628230
2628460
2628450
2628400
2628490
2628530
2628560
2628720
2628710
2628850
2628960
2628870
2628950
2628900
2628800
2628930
2628880
2629180
2629200
2629120
2629070
2629130
2629340
2629260
2629330
2629270
2629230
2629310
2629280
2629320
2629350
2629550
2629560
2629470
2629630
2629410
2629370
2629790
2629660
2629670
2629710
2629860
2629640
2629900
2630010
2630020
2704710
2704770
2704790
2704860
2704870
2704670
2704950
2704940
270510
2705210
2705320
2705380
2705230
2705290
2705370
2705500
2705580
2705480
2705570
2705430
2705690
2705750
2705670
2705830
2705870
2705900
2705820
2705810
2705760
2705910
2705950
2706030
2706050
2705990
2706010
2705980
2706250
2706230
2706090
2706140
2706070
2706210
2706270
2706280
2706320
2706360
2706390
2706340
2706290
2706310
2706300
2706650
2706440
2706690
2706560
2706400
2706800
2706790
2706880
2706720
2706940
2707000
2706970
2706980
2706990
2707040
2707100
2707110
2707070
2707160
2707080
2707140
2707240
2707410
2707380
2707310
2707400
2707350
2707300
2707320
2707150
2707540
2707710
2707690
2707740
2707850
2707630
2707880
2707840
2707670
2707950
2707980
2707990
2708250
2708010
2708130
2708030
2708000
2708270
2708200
2773560
2773570
2773540
2773550
2773590
2773600
2773700
2773630
2773650
2773720
2773640
2773710
2773830
2773850
2773780
2773910
2773760
2774040
2774180
2774190
2774300
2774280
2773790
2774410
2774050
2774130
2774400
2774460
2774570
2774540
2774560
2774580
2774650
2774690
2774780
2774720
2774760
2774730
2774800
2774710
2774940
2775040
2774990
2775030
2775130
2775050
2775100
2775110
2775200
2775220
2775160
2775060
2775170
2775370
2775430
2775460
2775470
2775480
2775510
2775230
2775500
2775550
2775610
2775560
2775520
2775870
2775970
2775910
2775690
2775580
2775570
2776050
2775930
2775670
2775890
2776480
2776190
2776280
2776130
2776340
2776230
2776300
2776450
2776110
2776090
2776730
2776670
2776550
2776720
2776600
2776630
2776770
2776540
2776360
2776780
2776790
2776980
2776930
2776940
2776860
2732800
2732990
2733190
2733100
2733180
2733080
2733070
2733130
2733270
2733260
2733280
2733620
2733660
2733200
2733450
2733670
2733640
2733550
2733610
2733690
2733710
2733720
2733800
2733820
2733880
2733680
2734020
2733890
2733780
2734180
2733910
2733790
2733740
2733870
2734200
2734210
2734340
2734250
2734310
2734350
2734460
2734270
2734480
2734360
2734590
2734830
2734850
2734970
2735020
2734910
2734810
2734800
2734750
2735000
2734770
2735090
2734880
2735220
2735190
2735540
2735620
2735580
2735660
2735150
2735160
2735110
2735280
2735510
2735670
2735840
2736050
2735880
2735890
2736040
2735930
2735950
2736110
2736060
2736100
2736080
2736290
2736380
2736450
2736350
2736360
2736200
2736270
2736430
2736150
2736370
2736470
2736520
2736580
2736600
2736750
2736770
2736720
2736690
2736590
2736700
2793310
2793220
2793380
2793700
2793560
2793690
2793520
2794050
2793620
2793770
2793980
2793940
2794140
2794130
2794120
2794230
2794240
2793930
2794250
2794160
2794390
2794300
2794280
2794340
2794330
2794500
2794510
2794430
2794480
2794260
2794450
2794410
2794630
2794730
2794740
2794780
2794760
2794880
2794620
2794960
2794970
2795090
2795130
2795060
2795040
2794910
2795180
2795170
2795160
2795230
2795410
2795370
2795310
2795540
2795740
2795660
2795640
2795590
2795670
2795760
2795730
2796040
2796020
2795830
2795850
2796010
2796060
2796110
2796070
2796140
2796150
2796190
2796050
2796250
2796230
2796240
2796220
2796350
2796290
2796280
2796360
2796450
2796390
2796460
2796510
2796420
2796370
2796620
2796590
2796640
2796680
2796910
2796800
2797160
2797050
2797100
2797220
2797290
2797250
2797310
2630160
2630080
2630030
2630000
2630210
2630250
2630220
2630370
2630400
2630260
2630410
2630420
2630430
2630700
2630500
2630520
2630760
2630690
2630770
2630810
2630860
2630920
2630820
2630850
2630870
2630930
2630970
2631010
2631060
2630980
2631080
2631100
2631130
2631150
2631270
2631210
2631140
2631240
2631480
2631460
2631350
2631450
2631380
2631490
2631500
2631570
2631710
2631650
2631780
2631810
2631990
2631890
2631880
2631870
2631910
2631960
2632180
2632120
2632070
2631920
2632020
2632080
2632240
2632550
2632660
2632480
2632500
2632620
2632630
2632360
2632450
2632690
2632890
2632920
2632680
2632840
2633210
2633100
2632940
2633080
2633320
2633150
2633280
2633440
2633400
2633330
2633340
2633510
2633810
2633650
2633760
2633880
2633830
2633460
2633690
2633560
2633970
2633960
2634000
2633940
2708320
2708020
2708180
2708480
2708580
2708670
2708500
2708650
2708780
2708710
2708620
2708730
2708720
2708660
2708930
2708890
2708790
2708960
2708880
2708950
2709090
2709070
2708940
2709300
2709190
2709120
2709370
2709360
2709400
2709160
2709500
2709420
2709540
2709600
2709530
2709410
2709510
2709660
2709690
2709620
2709710
2709700
2709650
2709750
2709810
2709830
2709870
2709880
2709990
2710050
2710080
2710010
2710070
2710100
2709910
2710040
2709900
2710260
2710430
2710410
2710390
2710480
2710460
2710320
2710290
2710530
2710740
2710600
2710590
2710650
2710960
2711010
2710970
2710880
2710560
2711060
2711110
2711070
2711050
2711020
2711190
2711180
2711200
2711230
2711280
2711210
2711150
2711170
2711300
2711360
2711330
2711650
2711680
2711710
2711620
2711770
2711740
2712350
2711600
2711290
2776920
2777030
2777000
2776800
2777070
2777110
2776820
2777210
2777190
2777310
2777390
2777360
2777230
2777220
2777430
2777560
2777550
2777640
2778120
2777880
2777930
2777610
2777730
2777980
2777860
2777780
2778110
2777630
2777680
2778210
2778270
2778200
2778290
2778220
2778230
2778420
2778280
2778440
2778430
2778460
2778710
2778610
2778530
2778760
2778640
2778780
2778750
2778500
2778770
2778520
2778840
2778790
2779160
2778960
2778980
2778880
2779020
2779010
2778900
2779150
2779530
2779310
2779520
2779440
2779560
2779380
2779280
2779290
2779420
2779540
2779460
2779570
2779400
2779710
2779930
2779980
2779850
2779600
2779890
2779800
2779740
2779730
2780100
2780280
2780200
2780310
2780470
2780360
2780650
2780120
2780140
2780400
2780610
2781110
2780950
2780880
2781050
2780790
2781190
2781020
2736810
2736780
2736900
2736840
2736930
2737000
2736890
2737280
2736950
2737140
2737310
2737030
2737260
2737100
2737320
2737130
2737490
2737430
2737620
2737870
2737940
2737950
2737820
2737680
2738130
2737990
2738080
2737730
2737980
2738290
2738140
2738320
2738190
2738180
2738440
2738490
2738500
2738610
2738560
2738670
2738660
2738700
2738620
2738680
2738230
2738770
2738740
2738840
2738920
2738860
2738960
2738910
2738940
2738930
2739120
2739130
2739170
2739190
2739150
2739180
2738990
2739270
2739200
2739340
2739560
2739500
2739630
2739800
2739930
2739870
2739860
2739850
2740030
2740020
2739980
2740000
2740040
2740080
2740190
2740110
2740280
2741060
2741000
2740750
2741070
2739940
2741300
2741320
2741120
2741350
2741390
2741420
2741160
2741270
2741280
2741210
2741480
2741470
2741710
2741570
2797240
2797430
2797410
2797420
2797440
2797390
2797520
2797590
2797570
2797540
2797460
2797620
2797340
2797740
2797760
2797650
2797710
2797670
2797630
2797780
2798020
2797960
2797900
2797830
2798090
2798050
2797820
2798210
2798190
2798330
2798280
2798260
2798420
2798350
2798380
2798390
2798430
2798340
2798100
2798690
2798660
2798700
2798940
2798880
2798810
2798790
2798960
2798990
2799070
2798980
2799120
2799230
2799170
2799310
2799360
2799190
2799410
2799240
2799500
2799490
2799470
2799560
2799460
2799820
2799780
2799640
2799910
2799920
2799620
2800020
2799970
2800150
2800210
2799940
2799950
2800380
2800300
2800320
2800370
2800280
2800410
2800490
2800480
2800440
2800450
2800500
2800510
2800460
2800420
2800530
2800570
2800620
2800790
2800720
2800840
2800880
2800900
2800850
2800950
2801030
2741550
2741600
2741610
2741740
2741790
2741780
2741820
2741830
2742170
2742220
2742060
2742020
2742050
2742150
2742190
2742200
2741500
2742410
2742500
2742550
2742590
2742530
2742510
2742600
2742640
2742490
2742480
2742820
2742620
2742730
2742940
2743040
2743300
2743020
2743060
2743310
2742800
2742930
2743410
2743470
2743320
2743630
2743420
2743530
2743520
2743700
2743460
2743770
2743850
2743840
2744000
2744100
2744020
2744070
2744340
2744110
2744130
2744350
2744220
2744450
2744470
2744380
2744510
2744550
2744410
2744650
2744520
2744640
2744920
2744880
2744710
2744730
2744890
2744720
2745110
2744930
2745000
2745120
2745140
2745030
2745040
2745080
2745050
2745230
2745220
2745260
2745330
2745150
2745340
2745380
2745370
2745400
2745560
2745510
2745490
2745550
2745860
2745650
2745710
2745910
2781220
2781240
2780760
2781310
2781520
2781510
2781500
2781630
2781660
2781720
2781420
2781400
2781680
2781730
2781990
2781910
2782060
2782020
2782010
2782030
2781960
2782310
2782390
2782400
2782460
2782470
2782250
2782280
2782380
2782520
2782420
2782510
2782270
2782620
2782600
2782610
2782540
2782900
2782650
2782640
2782960
2782910
2782990
2782830
2783170
2783100
2783190
2783400
2783380
2783520
2783290
2783370
2783550
2783280
2783270
2783460
2783700
2783630
2783640
2783670
2783870
2783800
2783830
2783600
2783860
2783950
2784000
2784010
2783920
2784030
2784140
2783990
2784150
2783980
2784130
2784160
2784230
2784210
2784250
2784260
2784290
2784330
2784310
2784440
2784430
2784280
2784550
2784520
2784510
2784640
2784680
2784610
2784590
2784700
2784850
2784780
2784760
2784940
2784910
2784920
2800640
2800940
2801010
2800980
2801290
2801430
2801380
2800970
2801260
2801510
2801280
2801620
2801670
2801710
2801860
2801750
2801790
2802080
2801940
2801920
2801960
2801970
2802110
2802170
2802210
2802140
2802280
2802350
2802460
2802250
2802590
2802480
2802490
2802720
2802600
2802660
2802750
2802620
2802780
2802670
2802860
2802980
2802990
2802820
2802960
2803090
2803070
2802950
2803130
2802870
2803170
2803190
2803060
2803110
2803390
2803370
2803360
2803470
2803230
2803570
2803590
2803540
2803640
2803810
2803490
2803840
2803710
2803760
2803900
2803990
2804040
2804020
2803860
2804050
2804310
2804490
2804430
2804610
2804520
2804280
2804250
2804700
2804680
2804900
2804840
2804910
2804960
2805040
2805100
2805070
2804970
2805020
2805130
2804940
2805200
2805260
2805270
2804770
2805230
2805330
2830930
2830770
2830720
2830670
2830910
2830680
2830760
2830940
2831060
2831030
2830980
2831070
2830960
2831320
2831270
2831170
2831550
2831560
2831540
2831600
2831610
2831750
2831730
2831870
2831590
2831700
2832070
2831900
2832060
2832130
2832160
2832110
2832230
2832270
2832220
2832180
2832300
2832280
2832370
2832380
2832430
2832390
2832310
2832640
2832560
2832530
2832580
2832470
2832490
2832750
2832780
2832770
2832720
2832900
2833320
2832820
2833170
2833120
2832810
2832790
2833360
2833430
2833380
2833440
2833390
2833830
2833610
2833590
2833820
2833470
2833880
2833980
2834040
2833930
2834050
2834000
2833920
2833900
2833910
2833960
2834110
2833860
2834430
2834250
2834280
2834310
2834470
2834340
2834450
2834400
2834330
2834320
2834370
2834260
2834520
2834570
2834600
2834700
2834690
2834820
2634070
2634300
2634380
2634140
2634030
2634320
2634330
2634210
2634350
2634420
2634560
2634510
2634630
2634700
2634710
2634940
2635070
2634870
2634770
2634820
2634850
2634860
2635080
2634960
2635260
2635320
2635290
2635380
2635340
2635390
2635480
2635500
2635460
2635450
2635620
2635490
2635580
2635510
2635820
2635910
2635950
2636030
2636300
2636060
2635980
2636000
2635990
2636110
2636200
2636370
2636380
2636350
2636430
2636530
2636830
2636630
2636710
2636480
2636790
2636560
2636800
2636460
2636950
2636910
2636890
2637150
2637180
2637070
2637110
2636990
2636980
2637080
2637020
2637100
2637170
2637160
2637220
2637210
2637890
2638010
2637900
2638040
2638070
2638080
2637950
2637940
2637960
2638100
2638130
2638240
2638210
2638050
2638140
2638570
2638350
2638250
2638500
2638430
2638420
2638290
2865190
2865250
2865350
2865260
2865300
2865330
2865380
2865450
2865440
2865400
2865500
2865580
2865660
2865610
2865670
2865680
2865720
2865750
2865900
2865910
2865850
2865870
2865920
2865890
2865930
2866030
2866240
2866130
2866420
2866270
2866410
2866260
2866290
2866360
2866220
2866430
2866470
2866550
2866580
2866600
2866530
2866750
2866730
2866640
2866780
2866800
2866910
2866880
2866850
2866960
2866950
2866980
2867000
2867150
2867140
2867230
2867220
2867200
2867370
2867450
2867340
2867440
2867420
2867310
2867380
2867460
2867700
2867610
2867980
2867910
2867890
2867970
2867800
2868070
2868030
2868080
2868240
2868110
2868210
2868060
2868100
2868260
2868530
2868590
2868490
2868380
2868600
2868430
2868550
2868270
2868720
2868760
2868740
2868920
2868820
2868980
2868790
2869000
2868800
2868860
2785010
2785030
2785120
2785110
2784960
2785090
278510
2785190
2785180
2785170
2785490
2785350
2785470
2785230
2785280
2785210
2785450
2785330
2785600
2785570
2785710
2785620
2785740
2785810
2785860
2785850
2785980
2785890
2786020
2785880
2785730
2786160
2786320
2786310
2786290
2786600
2786500
2786440
2786360
2786430
2786380
2786650
2786710
2786870
2786900
2786820
2786840
2786810
2786960
2786760
2786780
2787010
2786990
2787000
2787060
2786980
2787100
2787340
2787180
2787110
2787580
2787300
2787360
2787370
2787590
2787020
2787610
2787640
2787670
2787630
2787710
2787970
2787860
2787890
2787740
2787730
2787960
2787750
2788000
2787770
2787720
2788060
2788040
2788070
2788010
2788090
2788330
2788160
2788210
2788140
2788380
2788440
2788430
2788450
2788760
2788790
2788950
2788740
2788990
2788960
2745820
2745670
2745900
2745870
2746030
2745930
2746000
2746040
2746140
2746380
2746390
2746120
2746150
2746210
2746270
2746340
2746480
2746510
2746400
2746200
2746570
2746770
2746540
2746710
2746680
2746630
2746810
2746830
2747150
2747060
2747330
2746910
2747370
2747240
2747540
2747620
2747640
2747560
2747470
2747740
2747280
2747720
2747650
2747670
2747590
2747950
2747810
2748030
2747770
2748070
2747980
2748100
2747820
2747930
2748170
2748400
2748140
2748260
2748540
2748450
2748470
2748520
2748420
2748500
2748490
2748340
2748590
2748650
2748670
2748600
2748630
2748900
2748720
2748840
2748680
2748730
2748970
2748880
2748770
2748940
2749040
2748700
2749000
2749050
2749140
2749180
2749090
2749220
2749350
2749270
2749300
2749340
2749370
2749590
2749360
2749380
2749610
2749650
2749660
2749620
2805410
2805390
2805340
2805170
2805530
2805110
2805120
2805650
2805610
2805660
2805480
2805680
2805670
2805460
2805700
2805850
2805800
2805770
2805580
2805880
2805870
2806110
2806230
2805990
2806120
2805950
2805960
2806140
2806380
2806400
2806360
2806260
2806250
2806480
2806790
2806800
2806830
2806890
2807180
2807210
2807240
2807290
2807250
2807320
2807260
2807360
2806840
2807370
2807460
2807510
2807190
2807220
2807390
2807340
2807610
2807600
2807870
2807880
2807900
2807860
2808260
2808150
2808270
2808390
2808350
2807540
2808320
2808290
2808480
2808600
2808640
2808630
2808530
2808570
2808690
2808750
2808760
2808470
2808700
2808810
2808870
2808780
2808770
2808860
2808840
2808830
2808790
2808920
2808950
2808930
2808800
2808960
2809120
2809200
2809170
2809110
2809260
2809220
2809240
2809250
2834670
2834930
2834950
2834890
2834830
2834880
2834790
2834860
2835020
2835190
2835030
2835080
2835050
2835210
2835300
2835250
2835310
2835370
2835350
2835240
2835500
2835530
2835480
2835390
2835430
2835590
2835620
2835610
2835580
2835690
2835670
2835720
2835380
2835730
2835750
2835920
2835910
2835890
2835790
2835980
2835780
2836000
2835950
2835760
2836010
2836040
2836080
2836060
2836230
2836070
2836260
2836120
2836250
2836200
2836300
2836290
2836100
2836090
2836270
2836310
2836330
2836510
2836550
2836500
2836460
2836580
2836440
2836450
2836620
2836630
2836680
2836730
2836810
2836960
2836740
2836860
2836830
2836990
2836750
2837140
2837080
2837160
2837050
2837420
2837370
2837520
2837310
2837240
2837360
2837460
2837350
2837280
2837330
2837490
2837590
2837580
2837640
2837740
2837680
2837710
2869030
2869350
2869320
2869330
2869050
2869510
2869590
2869570
2869600
2869610
2869560
2869480
2869760
2869690
2869750
2869860
2869770
2869900
2869950
2869850
2869960
2869970
2870000
2870030
2869800
2870010
2870070
2870120
2870080
2870200
2870210
2870170
2870220
2870250
2870310
2870290
2870340
2870380
2870330
2870390
2870130
2870410
2870420
2870400
2870510
2870430
2870470
2870550
2870560
2870530
2870650
2870630
2870610
2870620
2870580
2870660
2870840
2870700
2870770
2870900
2870810
2870710
2870670
2870750
2870910
2870950
2870920
2871030
2870970
2871010
2871080
2871070
2871130
2871040
2871150
2871140
2871290
2871180
2871350
2871090
2871390
2871470
2871370
2871500
2871580
2871590
2871570
2871640
2871540
2871520
2871650
2871700
2871720
2871860
2871960
2871890
2871950
2871930
2871940
2871870
2749730
2749710
2749690
2749640
2749770
2749810
2749940
2749880
2749930
2750120
2750240
2749950
2750430
2750720
2750540
2750490
2750760
2750520
2750480
2750890
2750970
2750940
2750980
2751010
2750690
2751060
2751080
2751110
2751120
2751580
2751260
2751270
2751500
2751560
2751770
2751920
2751950
2751940
2751820
2751850
2751800
2751970
2751890
2752010
2752020
2751700
2752150
2752210
2752090
2752230
2752220
2752280
2752250
2752240
2752100
2752350
2752370
2752700
2752720
2752750
2752790
2753000
2753130
2753490
2753430
2753260
2753110
2753420
2753170
2753610
2753570
2753400
2753540
2753370
2753650
2753450
2753800
2753760
2753820
2753890
2753930
2753920
2753940
2753960
2754000
2754120
2754040
2754140
2754090
2754110
2753990
2754440
2754280
2754480
2754530
2754640
2754540
2754690
2754560
2754660
2789060
2788920
2789260
2789020
2789300
2788870
2789270
2789390
2789140
2789410
2789420
2789400
2789640
2789710
2789320
2789760
2789890
2789870
2789910
2790010
2790190
2790140
2790020
2790100
2789980
2790180
2790250
2790000
2790240
2790590
2790550
2790770
2790500
2790680
2790580
2790700
2790790
2790820
2790270
2791210
2791250
2791290
2791380
2791310
2791360
2791410
2791320
2791530
2791550
2791600
2791570
2791640
2791650
2791620
2791780
2791880
2791740
2791820
2791940
2791800
2791970
2791900
2791890
2791980
2792080
2792270
2792160
2792130
2792300
2792320
2792450
2792390
2792420
2792370
2792650
2792470
2792500
2792520
2792540
2792360
2792680
2792690
2792660
2792760
2792820
2792840
2792880
2792730
2793050
2793040
2792900
2793070
2793110
2793240
2793210
2793200
2793250
2793300
2793280
2793270
2809410
2809460
2809380
2809450
2809300
2809290
2809390
2809470
2809480
2809640
2809520
2809540
2809570
2809950
2809670
2809820
2809770
2809700
2809970
2809660
2810010
2810050
2810250
2810270
2810120
2810260
2810160
2810170
2810210
2810410
2810450
2810380
2810340
2810470
2810460
2810500
2810550
2810580
2810510
2810720
2810650
2810780
2810770
2810970
2810790
2811070
2811040
2811080
2811100
2811130
2811150
2811370
2811250
2811400
2811190
2811500
2811530
2811220
2811440
2811620
2811750
2811760
2811720
2811730
2811700
2811650
2811780
2811940
2811960
2811830
2811590
2811850
2811860
2811910
2812020
2812120
2812110
2812170
2812180
2812230
2812490
2812380
2812520
2812530
2812540
2812670
2812610
2812800
2812750
2812820
2812780
2812920
2813120
2812890
2812910
2813290
2813320
2813270
2813240
2813220
2871840
2871980
2872000
2872090
2871970
2872100
2871990
2872210
2872120
2872240
2872110
2872520
2872510
2872270
2872630
2872600
2872580
2872620
2872640
2872730
2872590
2872720
2872850
2872760
2872840
2872810
2872830
2872750
2872860
2872890
2872910
2873010
2873070
2873080
2873110
2873170
2873060
2873180
2873270
2873290
2873370
2873190
2873380
2873490
2873300
2873620
2873540
2873610
2873650
287370
2873690
2873720
287371
2873640
2873750
2873800
2873810
2873860
2874010
2873900
2873820
2874090
2874120
2874070
2873760
2874200
2874210
2874300
2874250
2874340
2874220
2874280
2874290
2874350
2874360
2874380
2874420
2874470
2874500
2874490
2874540
2874640
2874670
2874740
2874550
2874570
2874710
2874590
2874870
2874880
2874970
2874860
2874980
2874780
2875120
2875050
2875000
2875100
2875130
2875150
2837700
2837750
2837760
2837720
2837780
2837790
2837810
2837880
2837950
2837980
2838090
2838040
2837960
2838100
2838050
2838160
2837930
2838420
2838410
2838220
2838470
2838490
2838460
2838430
2838550
2838520
2838580
2838810
2838600
2838790
2838620
2838800
2838900
2838720
2838910
2838960
2838890
2838850
2839090
2839210
2839040
2839180
2839020
2839250
2839320
2839230
2839120
2839290
2839310
2839430
2839450
2839440
2839480
2839360
2839460
2839350
2839520
2839720
2839550
2839710
2839500
2839420
2839640
2839750
2840000
2839940
2840270
2840240
2840320
2840280
2840110
2840330
2840250
2840120
2840310
2840140
2840210
2840370
2840440
2840470
2840460
2840340
2840540
2840620
2840530
2840640
2840590
2840690
2840580
2840790
2840860
2840820
2840910
2840880
2840800
2840890
2840740
2840960
2840920
2841050
2892250
2892230
2892190
2891570
2892160
2892300
2892090
2892240
2892170
2892320
2892430
2892440
2892400
2892450
2892310
2892350
2892380
2892500
2892420
2892680
2892600
2892590
2892670
2892740
2892660
2892810
2892780
2892820
2892560
2892850
2892950
2893000
2892930
2892910
2892980
2893250
2892870
2893310
2893530
2893360
2893410
2893350
2893320
289360
2893640
2893840
2894090
2893970
2893940
2893960
2893990
2893930
2894100
2894070
2894260
2894250
2893850
2894560
2894460
2894290
2894330
2894510
2894620
2894600
2894580
2894280
2894840
2894900
2894870
2894970
2894880
2894980
2894790
2894730
2895040
2894820
2895170
2895090
2895070
2894990
2895180
2895150
2895360
2895030
2895310
2895350
2895320
2895340
2895410
2895440
2895490
2895540
2895390
2895630
2895580
2895560
2895740
2895750
2896000
2895840
2875160
2875260
2875350
2875400
2875410
2875280
2875300
2875370
2875440
2875480
2875500
2875490
2875510
2875580
2875530
2875670
2875640
2875570
2875800
2875790
2875810
2875780
2875870
2875920
2875900
2875820
2875980
2876020
2875990
2876030
2876060
2875960
2876070
2876100
2876080
2876090
2876340
2876130
2876200
2876360
2876290
2876160
2876350
2876380
2876370
2876150
2876390
2876470
2876430
2876440
2876570
2876640
2876610
2876720
2876480
2876600
2876770
2876700
2876680
2876800
2876900
2876860
2876910
2877120
2876960
2876980
2877090
2877150
2877110
2877170
2877200
2877140
2877240
2877300
2877470
2877480
2877190
2877280
2877550
2877500
2877340
2877680
2877590
2877640
2877570
2877560
2877850
2877870
2877660
2877940
2878000
2878020
2878030
2877950
2878050
2877880
2877890
2878060
2878200
2878180
2841010
2841000
2841300
2841070
2841320
2841360
2841150
2841390
2841060
2841370
2841470
2841160
2841580
2841530
2841510
2841730
2841760
2841600
2841610
2841590
2841770
2842020
2841990
2841750
2841960
2841950
2841800
2842010
2842100
2842050
2842120
2842090
2842070
2842030
2842150
2842200
2842360
2842460
2842510
2842430
2842490
2842500
2842520
2842530
2842410
2842590
2842670
2842580
2842850
2842790
2842740
2842680
2842750
2842720
2842570
2842860
2842690
2842960
2843100
2843030
2843080
2843140
2843130
2843190
2843170
2842970
2843310
2843340
2843590
2843270
2843350
2843520
2843240
2843550
2843650
2843640
2843630
2843820
2843800
2843780
2843710
2843830
2843810
2843750
2843680
2843720
2843660
2844240
2844250
2844340
2844360
2844320
2844310
2844350
2844400
2844300
2844460
2844440
2844290
2844470
2813480
2813430
2813380
2813440
2813460
2813690
2813560
2813340
2813740
2813730
2813330
281370
2813710
2813750
2814010
2813970
2814000
2813900
2813980
2814040
2814060
2813890
2813990
2814090
2814180
2814230
2814200
2814340
2814400
2814370
2814280
2814360
2814080
2814520
2814570
2814660
2814610
2814640
2814680
2814720
2814760
2814930
2814920
2814790
2814810
2815100
2815040
2815000
2815080
2815060
2814950
2815150
2815110
2815180
2815120
2815020
2815470
2815360
2815370
2815210
2815460
2815260
2815530
2815610
2815580
2815600
2815570
2815670
2815680
2815560
2815750
2815710
2815830
2815700
2815760
2815800
2815740
2816210
2815960
2816140
2815690
2816280
2816500
2816270
2816510
2816520
2816550
2816530
2816260
2816490
2816580
2816400
2816460
2816630
2816720
2816590
2816710
2816600
2816830
2816760
2928490
2928140
2928650
2928580
2928660
2928750
2928480
2928700
2928800
2928690
2928500
2928640
2928830
2928820
2928940
2928880
2928900
2928950
2929020
2928990
2929080
2929040
2929060
2929130
2929200
2929240
2929110
2929180
2929300
2929230
2929290
2929260
2929310
2929330
2929400
2929410
2929530
2929550
2929510
2929500
2929740
2929570
2929680
2929730
2929590
2929660
2929770
2929790
2929780
2929820
2929830
2929880
2929890
2930020
2930080
2930030
2930040
2930070
2929960
2930150
2930140
2930130
2930170
2930210
2930110
2930280
2930260
2930290
2930330
2930320
2930340
2930270
2930380
2930480
2930500
2930550
2930390
2930410
2930580
2930570
2930720
2930840
2930660
2930640
2930700
2930620
2930890
2930850
2930770
2931030
2930990
2931010
2931040
2930930
2931160
2931220
2931310
2931370
2931390
2931260
2895810
2895600
2895990
2896150
2895680
2896110
2896260
2896220
2896370
2896330
2896360
2896380
2896390
2896320
2896350
2896440
2896570
2896520
2896530
2896610
2896730
2896760
2896790
2896750
2896770
2896950
2896970
2897170
2897010
2897180
2897240
2897310
2897270
2897260
2897490
2897250
2897710
2897520
2897610
2897580
2897720
2897750
2897730
2897830
2897960
2897860
2897870
2897760
2897890
2897840
2898060
2898000
2898090
2898070
2898010
2898120
2898170
2898130
2898180
2898190
2898220
2898210
2898240
2898410
2898400
2898680
2898620
2898250
2898310
2898390
2898690
2898750
2898700
2898990
2898820
2898910
2898970
2898770
2898810
2898850
2898900
2899040
2899030
2899050
2899060
2899090
2899130
2899100
2899180
2899250
2899270
2899320
2899300
2899160
2899330
2899350
2899410
2899450
2899400
2899490
2878170
2878230
2878110
2878120
2878310
2878320
2878350
2878280
2878360
2878520
2878260
2878390
2878450
2878670
2878410
2878650
2878710
2878690
2878720
2878630
2878770
2878730
2878760
2878580
2878840
2879040
2879020
2878890
2878990
287900
2878800
2879120
2879070
2879090
2879440
2879340
2879050
2879360
2879300
2879200
2879210
2879310
2879490
2879520
2879180
2879550
2879580
2879590
2879640
2879710
2879670
2879790
2879630
2879800
2879810
2879870
2879970
2879990
2880000
2879770
2879280
2880130
2880080
2880010
2880180
2880120
2880220
2880240
2880270
2880170
2879470
2880480
2880640
2880460
2880530
2880630
2880450
2880650
2880820
2880840
2880780
2880760
2881160
2881090
2880860
2880310
2881250
2881220
2881170
2881280
2881370
2881260
2881590
2881600
2881670
2881720
2880300
2880850
2881660
2881780
2931400
2931270
2931530
2931720
2931770
2931760
2931700
2931600
2931750
2931790
2931850
2931690
2931800
2932160
2932020
2932070
2932110
2931970
2932450
2932480
2932490
2932430
2932560
2932600
2932550
2932570
2932680
2932510
2932790
2932880
2932860
2932740
2932720
2932920
2932900
2932950
2932970
2932980
2932990
2932960
2932940
2932930
2933000
2933090
2933060
2933120
2933200
2933240
2933310
2933220
2933350
2933290
2933260
2933380
2933420
2933470
2933360
2933400
2933210
293340
2933510
2933570
2933590
2933760
2933740
2933830
2933810
2933870
2933910
2933930
2933980
2934010
2933990
2934080
2934090
2934070
2933940
2934210
2934110
2934190
2934230
2934100
2934340
2934330
2934470
2934400
2934630
2934660
2934610
2934840
2934930
2934870
2934480
2934890
2934940
2934880
2934520
2935230
2935130
2935250
2844520
2844820
2844690
2844620
2844710
2844660
2844730
2844650
2844810
2844530
2844950
2845080
2845100
2845120
2845090
2844940
2845070
2845130
2845210
2844980
2845150
2845220
2845310
2845300
2845460
2845350
2845370
2845510
2845430
2845480
2845360
2845580
2845570
2845520
2845560
2845600
2845620
2845660
2845790
2845720
2845770
2845780
2845820
2846000
2846050
2846020
2846100
2846110
2846060
2846210
2846220
2846150
2846070
2846260
2846160
2846300
2846370
2846320
2846350
2846460
2846500
2846520
2846390
2846430
2846510
2846440
2846400
2846550
2846530
2846580
2846590
2846690
2846680
2846840
2846920
2846800
2846860
2846640
2846770
2846850
2846930
2846990
2847000
2847020
2846980
2847030
2847250
2847280
2847310
2847360
2847350
2847380
2847390
2847420
2847580
2847600
2847500
2847400
2847740
2847510
2816810
2816730
2816950
2816740
2816940
2817020
2817140
2817030
2817270
2817240
2817390
2817500
2817190
2817200
2817450
2817420
2817520
2817580
2817620
2817610
2817600
2817930
2817780
2817850
2817920
2817910
2817950
2818120
2818060
2818080
2818210
2818160
2817970
2818010
2818300
2818380
2818420
2818390
2818440
2818480
2818590
2818600
2818510
2818620
2818530
2818410
2818520
2818670
2818640
2818630
2818660
2818890
2818780
2818870
2818800
2818860
2818690
2818830
2818730
2818680
2818950
2818900
2818920
2818980
2819180
2819210
2819140
2819160
2819290
2819110
2819330
2819300
2819220
2819400
2819470
2819730
2819630
2819430
2819610
2819510
2819750
2819540
2819840
2819830
2819880
2819870
2820010
2820030
2820100
2820190
2820120
2820220
2819920
2820020
2819950
2820080
2820390
2820250
2820310
2820400
2899460
2899670
2899640
2899880
2900000
2900040
2899980
2899930
2900130
2900210
2900450
2900050
2900410
2900250
2900440
2900460
2900540
2900530
2900520
2900680
2900660
2900780
2900690
2900700
2900790
2900650
2900860
2900870
2900800
2900890
2900990
2901010
2900900
2901060
2901070
2901050
2901120
2901160
2901090
2900950
2901210
2901540
2901370
2901500
2901550
2901800
2901570
2901340
2901820
2901660
2901870
2901880
2901990
2902000
2902090
2902160
2902020
2902210
2902220
2902280
2902260
2902070
2902270
2902400
2902290
2902410
2902320
2902440
2902470
2902480
2902650
2902430
2902580
2902570
2902460
2902590
2902560
2902670
2902830
2902780
2903220
2902720
2903250
2903130
2903160
2903100
2903060
2903190
2903240
2903210
2903450
2903550
2903380
2903460
2903590
2903580
2903620
2903490
2903630
2903570
2935120
2935290
2935260
2935160
2935280
2935420
2935560
2935520
2935660
2935460
2935650
2935570
2935610
2935430
2935690
2935670
2935710
2935750
2935840
2935930
2935960
2935950
2936010
2936030
2935780
2936130
2936200
2936160
2936190
2936380
2936350
2936290
2936370
2936430
2936590
2936470
2936510
2936420
2936650
2936720
2936790
2936760
2936440
2936620
2937110
2936990
2936920
2937090
2937130
2937170
2937330
2936820
2937340
2937280
2937290
2937310
2937370
2937490
2937350
2937410
2937380
2937390
2937360
2937550
2937520
2937590
2937690
2937840
2937730
2937710
2937830
2937480
2937620
2937870
2937920
2937860
2937670
2937810
2937910
2938020
2938050
2937990
2938300
2937850
2938440
2938430
2938510
2938360
2938590
2938610
2938550
2938470
2938600
2938420
2938630
2938480
2938660
2938640
2938830
2938880
2881830
2881810
2881800
2881770
2881860
2881900
2881930
2881610
2881970
2881630
2882310
2882340
2882290
2882350
2882410
2882430
2882220
2882380
2882360
2882450
2882580
2882590
2882560
2881870
2882650
2882600
2882610
2882640
2882490
2882840
2882830
2882910
2882960
2882950
2882990
2882980
2882930
2882690
2883040
2883070
2883130
2883180
2883250
2883050
2883220
2883210
2883380
2883400
2882260
2883020
2883480
2883420
2882280
2883410
2883560
2883530
2883610
2883510
2883390
2883520
2883720
2883710
2883650
2883690
2883670
2883750
2883890
2883660
2884010
2883730
2884020
2883970
2884030
2884190
2884080
2883740
2884280
2884270
2884640
2884290
2884600
2884510
2884540
2883900
2884700
2884750
2884780
2884650
2884840
2884720
2884970
2884670
2885350
2885470
2885510
2885520
2885480
2885060
2885530
2885380
2820270
2820610
2820450
2820440
2820580
2820280
2820630
2820650
2820750
2820700
2820770
2820760
2820850
2820840
2820960
2820890
2820880
2820680
2820940
2820710
2820790
2821140
2821100
2821220
2821110
2821240
2821320
2821010
2821600
2821400
2821040
2821380
2821510
2821630
2821350
2821620
2821680
2821360
2821640
2821450
2821700
2821770
2821810
2821760
2821740
2821860
2821870
2821720
2821880
2821830
2821910
2821930
2821890
2821970
2822100
2822270
2822080
2822030
2822040
2822210
2822010
2822110
2822330
2822310
2822300
2822360
2822390
2822600
2822460
2822400
2822570
2822370
2822640
2822630
2822380
2822620
2822660
2822670
2822680
2822650
2822890
2822770
2822950
2822780
2822960
2822910
2822720
2822980
2822970
2822740
2823190
2823130
2823020
2823240
2823250
2823300
2823260
2823350
2823560
2823460
2847440
2847640
2847880
2847850
2847830
2847940
2847820
2848020
2847970
2847980
2848050
2848100
2848080
2848140
2848160
2848120
2848150
2848260
2848230
2848360
2848300
2848220
2848310
2848190
2848390
2848510
2848420
2848550
2848460
2848440
2848470
2848610
2848560
2848660
2848580
2848570
2848700
2848590
2848850
2848740
2848880
2848800
2848900
2849000
2848950
2849070
2849050
2849130
2848750
2849180
2849190
2849230
2849430
2849380
2849290
2849370
2849470
2849600
2849530
2849610
2849650
2849850
2849750
2849740
2849820
2849840
2849700
2849780
2849690
2849760
2849930
2849950
2849980
2849870
2849910
2850100
2850000
2850120
2850010
2850110
2850170
2849990
2850200
2850260
2850280
2850270
2850240
2850220
2850420
2850330
2850300
2850380
2850460
2850430
2850520
2850540
2850490
2850600
2850640
2850620
2903600
2903660
2903670
2903710
2903900
2903790
2903850
2903720
2904040
2903730
2904120
2903740
2903980
2904060
2904110
2904190
2904160
2904290
2904200
2904340
2904360
2904320
2904370
2904420
2904490
2904640
2904430
2904680
2904670
2904690
2904740
2904750
2904810
2904920
2904800
2904930
2904730
2905040
2905030
2905080
2904970
2905120
2905140
2905180
2905240
2905170
2905320
2905290
2905160
2905620
2905680
2905920
2905890
2905650
2905630
2905960
2905930
2905970
2906100
2906040
2906030
2906070
2906130
2906140
2906160
2906200
2906180
2906320
2906370
2906210
2906170
2906300
2906310
2906460
2906440
2906220
2906500
2906660
2906530
2906670
2906540
2906620
2906700
2906740
2906790
2906840
2906800
2906810
2906910
2906900
2906890
2906920
2906730
2906860
2907180
2907080
2907050
2907120
2907200
2907000
2850630
2850660
2850760
2850560
2850740
2850750
2850650
2850720
2850810
2850890
2850840
2850820
2850850
2850940
2850950
2850930
2850960
2850920
2850900
2851120
2851040
2851190
2851130
2851050
2851110
2850970
2851180
2851220
2851290
2851260
2851300
2851240
2851340
2851660
2851650
2851420
2851710
2851550
2851450
2851700
2851630
2851770
2851810
2851730
2851800
2852320
2852210
2852200
2852150
2852260
2852350
2852120
2852130
2851820
2852440
2852590
2852500
2852490
2852480
2852860
2852870
2852850
2852700
2852760
2852690
2852750
2852910
2852930
2853060
2852980
2853170
2853160
2853180
2853130
2853240
2852950
2853220
2852970
2853260
2853430
2853250
2853460
2853280
2853300
2853400
2853540
2853770
2853640
2853840
2853870
2853890
2854070
2854030
2853710
2853700
2854170
2854150
2854140
2854220
2854270
2938850
2938980
2938840
2938770
2938330
2938890
2938810
2938730
2939100
2939180
2939310
2939210
2939340
2939290
2938920
2939080
2939070
2939200
2939350
2939450
2939460
2939550
2939570
2939360
2939510
2939420
2939580
2939630
2939440
2939600
2939670
2939790
2939730
2939820
2939770
2939850
2939940
2939680
2939900
2939780
2939640
2940070
2940120
2940040
2940030
2939980
2940210
2940160
2940220
2940100
2940370
2940410
2940340
2940380
2940460
2940020
2940260
2940420
2940280
2940310
2940490
2940250
2940610
2940480
2940440
2940620
2940500
2940700
2940560
2940640
2940830
2940870
2940650
2940630
2940970
2941140
2940990
2941100
2941150
2941080
2941170
2941010
2940860
2941240
2940930
2941350
2941360
2941470
2941230
2941410
2941480
2941510
2941500
2941520
2941640
2941580
2941630
2941490
2941450
2941260
2885330
2885630
2885690
2885710
2885620
2885830
2885870
2886080
2885890
2885290
2886060
2885810
2885960
2886120
2886090
2886220
2886320
2886330
2886310
2886340
2886390
2886380
2886240
2886420
2886580
2886440
2886610
2886550
2886470
2886620
2886480
2886540
2886490
2886690
2886630
2886700
2886740
2886810
2886720
2886750
2886850
2886920
2886880
2886660
2886950
2887070
2887230
2887080
2886930
2887100
2887180
2887350
2887130
2887370
2887290
2887400
2887590
2887450
2887670
2887690
2887740
2887770
2887410
2887720
2887820
2887790
2887780
2887930
2887910
2887920
2887940
2887880
2887890
2888030
2888000
2888040
2888060
2887950
2888170
2888140
2888300
2888290
2888230
2887900
2888250
2888240
2888340
2888430
2888410
2888360
2888350
2888370
2888200
2888380
2888540
2888100
2888580
2888190
2888450
2888660
2823630
2823650
2823700
2823600
2823480
2823400
2823730
2823760
2823720
2823790
2823820
2823690
2823850
2823840
2823920
2824000
2823860
2823900
2824030
2824250
2824160
2824020
2824200
2824170
2824100
2824310
2824320
2824340
2824380
2824400
2824410
2824480
2824490
2824610
2824560
2824700
2824620
2824630
2824670
2824760
2824740
2824720
2824730
2824780
2824770
2824840
2824800
2824790
2824880
2824890
2824860
2824850
2824990
2825030
2825080
2824910
2825090
2824970
2825130
2825140
2825110
2824930
2825270
2825300
2825310
2825390
2825430
2825510
2825520
2825410
2825570
2825350
2825360
2825400
2825560
2825730
2825600
2825750
2826110
2825910
2826070
2826150
2826140
2826100
2825740
2826220
2826160
2826260
2826250
2826460
2826510
2826570
2826540
2826610
2826430
2826400
2826670
2826710
2826690
2826590
2907340
2907350
2907310
2907470
2907280
2907520
2907430
2907330
2907360
2907560
2907590
2907700
2907770
2907620
2907580
2907800
2907680
2907840
2907890
2907810
2907820
2907930
2908130
2908120
2908050
2908100
2908170
2908090
2908150
2908000
2908140
2908300
2908340
2908190
2908280
2908360
2908270
2908290
2908500
2908560
2908550
2908470
2908490
2908880
2908820
2908810
2908840
2909010
2908830
2909140
2909170
2909100
2909110
2909050
2909200
2909290
2909370
2909320
2909230
2909360
2909270
2909280
2909390
2909380
2909570
2909680
2909940
2909760
2909720
2909710
2909750
2909640
2909650
2909930
2909980
2909960
2910040
2910140
2910290
2910380
2910430
2910280
2910310
2910440
2910340
2910390
2910450
2910400
2910500
2910320
2910590
2910690
2910860
2910710
2910810
2910940
2910950
2911010
2911160
2910990
2854260
2854200
2854250
2854210
2854340
2854360
2854500
2854510
2854370
2854560
2854600
2854590
2854620
2854520
2854440
2854640
2854980
2854990
2854770
2854700
2854740
2855010
2855070
2855090
2855190
2855450
2855280
2855500
2855580
2855600
2855510
2855740
2855390
2855780
2855800
2855830
2855860
2855750
2855870
2855940
2856040
2855990
2855820
2856430
2856310
2856210
2856400
2856440
2856290
2856560
2856050
2856750
2856770
2856600
2856640
2856810
2856670
2856490
2856590
2856580
2856480
2856880
2856930
2857070
2857090
2857050
2856980
2856990
2857170
2857000
2857180
2857240
2857420
2857510
2857610
2857580
2857690
2857680
2857350
2857380
2857250
2857560
2857400
2857760
2857900
2857840
2857880
2857750
2857780
2857910
2857980
2858020
2858050
2858140
2858060
2858150
2858110
2858180
2858220
2858270
2888670
2888650
2888530
2888740
2888890
2888590
2888830
2888960
2889100
2889070
2889040
2888700
2889000
2889190
2889200
2889270
2889290
2889510
2889380
2889330
2888990
2889490
2889160
2889310
2889520
2889660
2889760
2889780
2889830
2890000
2889970
2889880
2890060
2890110
2890130
2889940
2890140
2890150
2890230
2890020
2890030
2890200
2890220
2890520
2890550
2890440
2890780
2890380
2890730
2890650
2890630
2890370
2890690
2890360
2890500
2890920
2890940
2890910
2890660
2890980
2890800
2891020
2891030
2890960
2891200
2891160
2891210
2891040
2891190
2890810
2890990
2891120
2891090
2891250
2891230
2891270
2891310
2891540
2891370
2891390
2891580
2891610
2891460
2891560
2891320
2891650
2891600
2891760
2891720
2891690
2891970
2891770
2891870
2891800
2891940
2892020
2891930
2892040
2892110
2892060
2941900
2941830
2941890
2941810
2941960
2941950
2941910
2941820
2941550
2942050
2942070
2942140
2942130
2942190
2942170
2942160
2942370
2942000
2942430
2942010
2942030
2942310
2942440
2942470
2942520
2942660
2942670
2942680
2942630
2942330
2942840
2942980
2942950
2942710
2942730
2942750
2942700
2943010
2943100
2943130
2943180
2943190
2943230
2943200
2943250
2943040
2942780
2943310
2943350
2943320
2943390
2943380
2943280
2943410
2943260
2943480
2943440
2943420
2943470
2943490
2943590
2943610
2943570
2943520
2943630
2943760
2943740
2943670
2943550
2943620
2943970
2943850
2943800
2943950
2943920
2943780
2943990
2943960
2944090
2944190
2944010
2944000
2944180
2944200
2944330
2944240
2944290
2944280
2944370
2944440
2944340
2944390
2944360
2944350
2944560
2944490
2944590
2944750
2944690
2944670
2826920
2826860
2826890
2826940
2826970
2826730
2826790
2827020
2827080
2827170
2827010
2827190
2827280
2827210
2827180
2827200
2827490
2827460
2827610
2827580
2827500
2827520
2827570
2827690
2827860
2827720
2827780
2827880
2827920
2827910
2827680
2827750
2827930
2828150
2827970
2828060
2828100
2828170
2828300
2828270
2828410
2828230
2828290
2828210
2827960
2828340
2828590
2828490
2828420
2828660
2828800
2828940
2828620
2828740
2828960
2829160
2829040
2829060
2829110
2829300
2829070
2829020
2829270
2829320
2829290
2829420
2829370
2829430
2829470
2829500
2829740
2829450
2829630
2829790
2829760
2829700
2829750
2829880
2829820
2830040
2829910
2829870
2830010
2830060
2829890
2830090
2830200
2830250
2830150
2830100
2830320
2830330
2830430
2830480
2830540
2830530
2830730
2830850
2830690
2830700
2911290
2911180
2911260
2911230
2911250
2911280
2911410
2911340
2911390
2911460
2911510
2911490
2911660
2911520
2911680
2911750
2911760
2911630
2911580
2911800
2912010
2912020
2912090
2912450
2912050
2912420
2912470
2912530
2912540
2912030
2912630
2912650
2912670
2912580
2912680
2912640
2912760
2912770
2912780
2912750
2912820
2912900
2912870
2913030
2912970
2913180
2912980
2912840
2913020
2912910
2913440
2913310
2913260
2913190
2913200
2913520
2913610
2913540
2913660
2913670
2913920
2913930
2913990
2914000
2913890
2913760
2913680
2914140
2914170
2914250
2914110
2914130
2914090
2914270
2914440
2914400
2914470
2914420
2914480
2914880
2914460
2914870
2914850
2914820
2914740
2914810
2914930
2915020
2914920
2914970
2915050
2914910
2915070
2915190
2915170
2915290
2915360
2915390
2915380
2915420
2858320
2858360
2858340
2858370
2858380
2858400
2858500
2858410
2858430
2858190
2858820
2858830
2858750
2858780
2858390
2858850
2858880
2858760
2858790
2858910
2858420
2858920
2859080
2858970
2859090
2859060
2858960
2859100
2859220
2859200
2859230
2859190
2859350
2858930
2859360
2859370
2859330
2859300
2859470
2859250
2859270
2859750
2859780
2859520
2859570
2859600
2859730
2859810
2859560
2859530
2859820
2859670
2859880
2859860
2860040
2860130
2860070
2859920
2860170
2859940
2860250
2860020
2860260
2860270
2860370
2860390
2860280
2860380
2860330
2860450
2860230
2860400
2860410
2860580
2860660
2860920
2860690
2860950
2860510
2860870
2860780
2860850
2860810
2860800
2860670
2861000
2861020
2860990
2860970
2861120
2861050
2861070
2861030
2861090
2861150
2861280
2861360
2861290
2861270
2861610
2944640
2944780
2944770
2944830
2945110
2944990
2945150
2945210
2945260
2945240
2945200
2945270
2945220
2945390
2945360
2945370
2945380
2945350
2945420
2945410
2945510
2945790
2945730
2945740
2945770
2945720
2945860
2946010
2945880
2945800
2945940
2945950
2945970
2945990
2946110
2946060
2946050
2946070
2946040
2946100
2946120
2946030
2946240
2946150
2946170
2946130
2946140
2946160
2946190
2946380
2946340
2946260
2946310
2946420
2946460
2946530
2946450
2946570
2946250
2946440
2946630
2946600
2946700
2946550
2946810
2946840
2946750
2946870
2946850
2946940
2946900
2946990
2946890
2947100
2947110
2947050
2947140
2947040
2947130
2947030
2947280
2947200
2947300
2947400
2947350
2947360
2947330
2947540
2947410
2947340
2947430
2947470
2947740
2947730
2947690
2947750
2947650
2947880
2947800
2947780
2861620
2861630
2861660
2861260
2861590
2861400
2861480
2861390
2861080
2861750
2862120
2861730
2861880
2862070
2862060
2861950
2861860
2862050
2862160
2862030
2862140
2862370
2862360
2862240
2862280
2862210
2862350
2862390
2862430
2862400
2862290
2862590
2862610
2862470
2862660
2862670
2862680
2862500
2862540
2862440
2862700
2862710
2863000
2862860
2862890
2863020
2862850
2862960
2862730
2862970
2863290
2863240
2863300
2863330
2863310
2863340
2863050
2863420
2863440
2863160
2863350
2863710
2863780
2863800
2863790
2863820
2863880
2864000
2864340
2864310
2864220
2864270
2864110
2864300
2864200
2863840
2864230
2864320
2864350
2864360
2864370
2864390
2864500
2864510
2864590
2864780
2864420
2864400
2864720
2864750
2864800
2864830
2864810
2864850
2865060
2864880
2865140
2864890
2864860
2865070
2978310
2978440
2978280
2978230
2978240
2978460
2978220
2978470
2978570
2978550
2978510
2978540
2978600
2978670
2978680
2978710
2978700
2978690
2978740
2978880
2978870
2978860
2978950
2978820
2978940
2979150
2979070
2979110
2978980
2979000
2979020
2979180
2979220
2979300
2979270
2979520
2979330
2979440
2979470
2979510
2979530
2979430
2979620
2979450
2979780
2979710
2979790
2979680
2979650
2979690
2979820
2979950
2979860
2979890
2979810
2979970
2980110
2980000
2980080
2979990
2980220
2980170
2980150
2980190
2980240
2980260
2980280
2980470
2980410
2980320
2980270
2980490
2980510
2980450
2980610
2980760
2980870
2980720
2980660
2980830
2980650
2980880
2980980
2980970
2980940
2980910
2980890
2981030
2981040
2981080
2981150
2981050
2981070
2981060
2981210
2981220
2981240
2981300
2981310
2981290
2987790
2987880
2987810
2987740
2987670
2987870
2987750
2987720
2987920
2987680
298790
2987910
2988100
2987970
2987990
2988090
2987930
2988080
2988160
2988230
2988120
2988130
2988290
2988300
2988330
2988340
2988520
2988460
2988420
2988440
2988400
2988470
2988360
2988560
2989090
2989080
2988850
2988780
2988620
2988880
2988930
2988830
2988640
2989110
2989140
2989160
2989450
2989400
2989430
2989500
2989350
2989660
2989670
2989200
2989230
2989680
2989690
2989800
2989770
2989700
2989840
2989860
2989830
2989730
2989870
2989890
2989930
2990020
2990040
2990050
2990080
2990120
2990200
2990090
2990180
2990190
2990230
2990250
2990240
2990220
2990300
2990340
2990370
2990400
2990550
2990470
2990500
2990450
2990570
2990390
2990460
2990510
2990560
2990580
2990490
2990620
2990640
2990650
2990760
2990850
2915210
2915300
2915590
2915730
2915490
2915480
2915760
2915660
2915770
2915860
2915900
2915840
2915880
2915910
2915920
2916040
2916010
2915980
2916260
2916150
2916200
2916250
2916300
2916270
2916310
2916290
2916440
2916490
2916530
2916570
2916460
2916360
2916430
2916470
2916590
2916670
2916660
2916620
2916780
2916580
2916750
2916770
2916930
2916960
2916980
2917160
2917040
2917140
2917220
2917190
2917290
2917350
2917340
2917360
2917550
2917490
2917600
2917630
2917620
2917850
2917820
2917990
2918000
2917910
2917760
2917930
2918020
2918070
2917960
2918120
2918080
2918090
2918100
2918190
2918240
2918230
2917900
2918250
2918450
2918310
2918420
2918160
2918470
2918490
2918480
2918270
2918500
2918410
2918530
2918580
2918660
2918590
2918650
2918630
2918890
2918520
2918940
2918810
2918930
2918950
2947760
2947840
2948010
2948060
2948030
2948040
2948020
2948290
2948120
2948070
2948220
2948230
2948130
2948310
2947980
2948330
2948380
2948400
2948410
2948550
2948470
2948420
2948460
2948430
2948560
2948640
2948630
2948690
2948720
2948750
2948890
2948960
2948980
2948880
2948930
2948940
2948990
2948920
2948810
2949060
2949050
2948790
2949090
2949020
2949180
2949220
2949200
2949230
2949120
2949250
2949270
2949490
2949460
2949520
2949580
2949600
2949610
2949650
2949720
2949750
2949930
2949880
2949820
2950100
2949940
2949960
2949980
2950410
2950200
2950260
2950320
2950190
2950310
2950590
2950350
2950460
2950490
2950400
2950580
2950610
2950450
2950650
2950720
2950750
2950760
2950890
2950850
2950860
2950680
2950830
2951110
2951170
2951210
2951350
2951330
2951460
2951500
2951580
2951560
2951420
2918900
2919010
2918990
2918960
2919030
2919060
2919070
2919120
2919190
2919240
2919200
2919230
2919370
2919110
2919300
2919260
2919130
2919250
2919450
2919170
2919480
2919580
2919500
2919710
2919600
2919610
2919660
2919690
2919780
2919900
2919870
2919990
2919770
2920060
2920020
2920040
2920110
2919790
2920210
2920220
2920010
2920150
2920270
2920120
2920290
2920280
2920440
2920370
2920410
2920380
2920490
2920540
2920660
2920520
2920600
2920610
2920840
2920700
2920790
2920730
2920690
2920920
2920890
2920950
2920980
2920990
2920940
2921000
2921020
2921050
2921030
2921060
2921150
2921100
2921380
2921370
2921190
2921360
2921180
2921430
2921530
2921520
2921410
2921420
2921580
2921480
2921640
2921600
2921630
2921670
2921620
2921550
2921740
2921690
2921840
2921870
2921810
2921940
2921920
2922180
2990670
2990730
2990680
2990800
2990710
2990910
2990880
2990840
2990860
2990990
2990930
2990920
2991210
2991110
2991150
2991380
2991360
2991290
2991250
2991320
2991390
2991310
2991400
2991500
2991520
2991590
2991600
2991690
2991630
2991810
2991820
2991870
2991850
2991890
2992050
2992170
2992190
2992220
2992240
2992320
2992360
2992460
2992340
2992490
2992470
2992500
2992550
2992510
2992580
2992520
2992570
2992650
2992790
2992700
2992810
2992730
2992980
2993000
2992740
2993020
2992800
2993040
2993080
2993140
2992920
2993370
2993210
2993440
2993400
2993430
2993460
2993550
2993690
2993720
2993740
2993950
2993920
2993810
2993820
2994050
2994020
2994200
2994090
2994150
2994190
2994080
2994560
2994540
2994260
2994430
2994220
2994320
2994600
2994490
2994630
2994250
2994730
2994660
2994780
2994790
2994680
2994930
2994900
2994950
2994990
2994940
2994920
2994810
2994970
2995080
2995120
2995100
2995130
2995150
2995210
2995270
2995390
2995190
2995230
2995290
2995220
2995330
2995260
2995460
2995530
2995790
2995830
2995650
2995750
2995710
2995570
2995990
2995880
2995940
2995970
2996120
2996110
2996100
2996020
2996290
2996390
2996310
2996320
2996000
2996430
2996580
2996520
2996620
2996640
2996680
2996850
2996810
2996770
2996570
2996860
2996930
2996960
2996990
2996900
2996970
2997060
2997190
2997110
2997240
2997260
2997290
2997120
2997310
2997400
2997410
2997450
2997490
2997460
2997660
2997830
2997600
2997840
2997580
2997780
2997670
2997870
2997860
2997880
2998050
2997900
2998060
2997890
2998040
2997930
2998260
2997970
2997920
2998290
2998310
2998300
2998380
2998490
2998430
2998590
2998500
2981330
2981600
2981580
2981590
2981350
2981400
2981630
2981700
2981650
2981690
2981760
2981740
2981750
2981790
2981850
2981800
2981860
2981900
2981910
2981920
2982010
2982340
2981880
2982060
2982220
2982250
2982130
2982480
298240
2982360
2982100
2982500
2982490
2982570
2982560
2982590
2982530
2982540
2982610
2982650
2982670
2982680
2982840
2982730
2982740
2982820
2982930
2982920
2983180
2983080
2982950
2982960
2983070
2983220
2983240
2983330
2983370
2983410
2983350
2983270
2983430
2983580
2983500
2983480
2983510
2983520
2983530
2983630
2983730
2983770
2983780
2983740
2983790
2983760
2983810
2983840
2983910
2983860
2983920
2983870
2983940
2983950
2984000
2984130
2984100
2984110
2984080
2984150
2984170
2984180
2984260
2984230
2984210
2984220
2984270
2984200
2984300
2984460
2984360
2984450
2921960
2922140
2922250
2922050
2922030
2922290
2922580
2922600
2922550
2922680
2922430
2922610
2922690
2922710
2922590
2922510
2922720
2922750
2922790
2922740
2922950
2922800
2922990
2923040
2923110
2923000
2923010
2923200
2923130
2923180
2923210
2923170
2923160
2923050
2923230
2923260
2923270
2923280
2923460
2923430
2923470
2923560
2923390
2923710
2923650
2923640
2923690
2923910
2923850
2923920
2923880
2923930
2923900
2923970
2923960
2924010
2924020
2924030
2924050
2923810
2924130
2924280
2924110
2924160
2924170
2924080
2924580
2924300
2924310
2924390
2924620
2924650
2924810
2924850
2924820
2924710
2924660
2924670
2924600
2924860
2924980
2924990
2924880
2924890
2925010
2925170
2925150
2925040
2925120
2925210
2925130
2925090
2925290
2925270
2925330
2925340
2925310
2925320
2925460
2925450
2951380
2951520
2951510
2951850
2951780
2951840
2951630
2951740
2951880
2952050
2951910
2951920
2951940
2951970
2952040
2951890
2952070
2952060
2952020
2952090
2952130
2952180
2952190
2952310
2952210
2952270
2952470
2952340
2952200
2952260
2952330
2952540
2952570
2952760
2952600
2952690
2952800
2952550
2952700
2952680
2952820
2952590
2952740
2952830
2952850
2952840
2953070
2953160
2953060
2952970
2953180
2953170
2953140
2952950
2952910
2952930
2953210
2953340
2953440
2953280
2953380
2953320
2953480
2953430
2953270
2953510
2953520
2953620
2953660
2953590
2953610
2953640
2953690
2953720
2953700
2953600
2953570
2953930
2954010
2953970
2954000
2953810
2954030
2954090
2954050
2954070
2953880
2954020
2954140
2954150
2954300
2954340
2954240
2954260
2954190
2954400
2954380
2954440
2954490
2954460
2984380
2984470
2984530
2984570
2984700
2984780
2984630
2984790
2984800
2984810
2984900
2984520
2984860
2984850
2984830
2985030
2984970
2985110
2985120
2985280
2985300
2985240
2985330
2985350
2985410
2985370
2985450
2985470
2985610
2985520
2985510
2985600
2985570
2985740
2985760
2985840
2985720
2985990
2985930
2985970
2985920
2985910
2985890
2985860
2986060
2986110
2986170
2986190
2986360
2986390
2986240
2986350
2986400
2986460
2986480
2986580
2986370
2986300
2986470
2986600
2986630
2986620
2986780
2986720
2986790
2986640
2986680
2986650
2986690
2986800
2986830
2986940
2986700
2987030
2987100
2987010
2987110
2987160
2987070
2987150
2987050
2986980
2987200
2987250
2987530
2987520
2987450
2987500
2987320
2987610
2987340
2987620
2987480
2987370
2987580
2987660
2987640
2987860
2987850
2987830
2998610
2998670
2998650
2998700
2998880
2998730
2998750
2998850
2998840
2998760
2998860
2998920
2998940
2998970
2999020
2999050
2999060
2999040
2999230
2999130
2998990
2999220
2999240
2999090
2999180
2999250
2999280
2999260
2999480
2999270
2999500
2999540
2999680
2999700
299970
2999690
2999720
2999740
2999710
2999790
2999810
2999750
2999800
2999860
2999820
2999760
2999910
2999900
2999870
2999770
2999930
2999780
3000030
3000020
3000080
3000150
3000130
3000260
2999960
3000230
2999940
3000280
2999990
3000410
3000370
3000460
3000360
3000420
3000470
3000510
3000320
3000490
3000520
3000860
3000580
3000850
3000910
3000970
3000990
3001020
3000830
3001060
3001100
3001110
3001000
3001200
3001310
3001330
3001280
3001440
3001560
3001570
3001740
3001750
3001760
3001730
3001780
3001790
3001620
3001640
2925480
2925430
2925440
2925410
2925400
2925490
2925520
2925530
2925870
2925890
2925880
2925580
2925690
2925990
2926030
2925970
2926080
2926070
2925980
2926100
2925960
2926130
2926220
2926170
2926230
2926680
2926400
2926460
2926700
2926550
2926350
2926300
2926180
2926270
2926720
2926710
2926900
2926890
2926910
2927080
2926950
2927070
2927000
2927010
2926960
2927030
2927260
2927290
2927420
2927320
2927330
2927440
2927140
2927430
2927380
2927510
2927520
2927490
2927480
2927170
2927400
2927700
2927650
2927590
2927570
2927720
2927710
2927740
2927800
2927810
2927820
2927830
2927860
2927840
2927970
2927880
2927890
2927910
2928070
2927900
2928090
2927850
2928080
2928020
2927960
2928050
2928190
2928200
2928340
2928330
2928220
2928360
2928280
2928430
2928460
2928270
2928130
2928450
2928410
2928590
3028140
3028130
3028150
3028070
3028160
3028200
3028220
3028170
3028210
3028230
3028290
3028280
3028300
3028390
3028370
3028410
3028420
3028440
3028500
3028550
3028600
3028610
3028680
3028560
3028660
3028720
3028730
3028700
3028880
3028830
3028840
3028870
3028920
3028930
3028990
3029030
3028900
3029130
3029140
3029180
3028890
3029090
3029050
3029250
3029190
3029260
3029230
3029340
3029420
3029380
3029270
3029440
3029470
3029450
3029520
3029480
3029490
3029540
3029570
3029800
3029690
3029680
3029600
3029610
3029500
3029870
3029810
3029910
3030000
3029990
3030020
3029960
3030230
3030190
3030160
3030260
3030210
3030290
3030440
3030360
3030470
3030560
3030610
3030620
3030550
3030590
3030580
3030650
3030490
3030740
3030730
3030920
3030810
3030760
3030820
3030930
3030870
3030980
3030850
3030950
2954420
2954450
2954640
2954660
2954590
2954500
2954560
2954690
2954750
2954730
2954780
2954790
2954880
2954840
2954940
2954890
2954920
2954830
2954850
2955120
2955020
2955050
2955100
2955040
2954860
2955060
2955270
2955200
2955180
2955220
2955150
2955310
2955420
2955460
2955410
2955350
2955470
2955300
2955320
2955590
2955630
2955500
2955650
2955960
2955700
2955720
2955850
2955840
2955740
2956130
2956040
2955710
2956200
2956170
2956190
2956310
2956420
2956390
2956450
2956360
2956400
2956410
2956330
2956440
2956500
2956470
2956510
2956480
2956550
2956670
2956640
2956590
2956580
2956600
2956690
2956780
2956800
2956700
2956720
2956840
2956850
2956870
2957020
2956790
2957010
2956970
2957080
2957100
2957110
2957160
2957320
2957280
2957200
2957270
2957140
2957330
2957390
2957350
2957410
2957430
3061550
3061230
3061560
3061680
3061630
3061770
3061890
3061760
3061950
3061940
3061700
3061880
3061900
3061690
3061970
3061960
3062330
3062380
3062030
3062060
3062080
3062050
3062170
3062400
3062150
3062450
3062410
3062440
3062490
3062500
3062530
3062550
3062600
3062560
3062570
3062610
3062620
3062580
3062640
3062630
3062740
3062720
3062750
3062790
3062980
3062680
3063070
3063050
3062700
3062830
3063090
3062970
3063040
3062710
3062930
3063120
3063430
3063240
3063460
3063520
3063390
3063200
3063450
3063600
3063680
3063790
3063710
3063780
3063740
3063750
3063900
3063730
3063890
3063720
3063960
3063940
3063980
3063950
3063920
3064010
3064130
3064030
3064110
3064140
3064020
3064160
3064250
3064190
3064270
3064530
3064230
3064240
3064540
3064500
3064320
3064370
3064420
3064290
3064550
3064410
3001670
3001370
3001830
3001900
3001890
3001810
3001970
3002010
3001920
3001870
3002040
3002070
3001930
3002000
3002060
3002090
3002170
3002100
3002330
3002500
3002340
3002220
3002520
3002510
3002560
3002550
3002650
3002620
3002740
3002720
3002570
3002790
3002540
3002610
3002800
3002580
3002780
3002860
3002820
3003120
3002920
3003050
3003130
3003150
3003310
3003360
3003390
3003320
3003280
3003470
3003460
3003660
3003640
3003650
3003530
3003680
3003690
3003670
3003780
3003730
3003880
3003760
3003960
3003850
3003720
3003950
3004010
3003990
3004020
3004110
3004130
3004230
3004260
3004170
3004140
3004180
3004360
3004310
3004330
3004280
3004290
3004340
3004370
3004410
3004390
3004470
3004560
3004580
3004570
3004500
3004510
3004530
3004690
3004790
3004800
3004760
3004710
3004600
3004620
3004590
3031070
3031080
3031050
3031110
3031390
3031250
3031140
3031130
3031360
3031340
3031160
3030830
3031100
3031150
3031440
3031470
3031580
3031060
3031450
3031590
3031600
3031660
3031640
3031870
3031700
3031650
3031740
3031720
3031780
3031940
3031880
3031750
3031980
3032130
3032150
3032190
3032140
3032110
3032010
3032160
3032080
3032020
3032120
3032350
3032250
3032230
3032450
3032640
3032630
3032610
3032460
3032580
3032530
3032540
3032590
3032600
3032560
3032430
3032730
3032810
3032790
3032650
3032660
3032970
3033030
3032980
3032930
3032940
3032830
3032820
3033050
3033090
3033180
3033120
3033130
3033230
3033430
3033420
3033190
3033310
3033340
3033220
3033200
3033470
3033540
3033500
3033490
3033520
3033510
3033660
3033560
3033710
3033600
3033730
3033740
3033770
3033780
3033820
3033810
3033890
2957370
2957440
2957550
2957590
2957560
2957570
2957670
2957600
2957760
2957780
2957800
2957820
2957700
2957940
2957890
2957880
2957830
2957970
2957870
2957950
2958070
2958110
2958120
2958240
2958250
2958420
2958170
2958410
2958450
2958380
2958570
2958430
2958580
2958550
2958590
2958690
2958670
2958640
2958680
2958630
2958710
2958610
2958730
2958870
2958770
2958820
2958890
2958920
2958790
2958900
2958830
2958960
2958950
2959000
2959110
2959230
2959220
2959140
2959160
2959380
2959310
2959150
2959480
2959520
2959420
2959560
2959410
2959650
2959340
2959610
2959740
2959710
2959670
2959760
2959770
2960030
2959820
2960110
2960090
2960080
2960150
2960070
2960360
2960280
2960250
2960300
2960390
2960330
2960220
2960440
2960460
2960500
2960490
2960400
2960540
2960480
2960430
2960560
2960610
2960650
3094220
3094180
3094210
3093960
3094260
3094230
3093990
3094280
3094270
3094250
3094350
3094440
3094340
3094390
3094520
3094480
3094490
3094600
3094550
3094540
3094590
3094610
3094630
3094740
3094650
3094620
3094690
3094760
3094680
3094750
3094820
3094800
3094830
3094660
3094880
3094920
3095020
3094870
3094990
3095010
3094970
3095120
3095110
3095130
3095100
3095030
3095160
3095170
3095270
3095260
3095320
3095280
3095380
3095190
3095410
3095550
3095540
3095770
3095450
3095720
3095640
3095660
3095680
3095790
3095630
3095780
3095590
3095600
3095870
3095830
3095840
3095800
3095910
3095890
3095900
3095920
3095980
3095960
3096000
3096010
3096100
3096130
3096040
3096140
3096020
3096230
3096270
3096160
3096150
3096190
3096220
3096210
3096050
3096260
3096310
3096320
3096330
3096340
3096350
3096370
3064470
3064800
3064560
3064850
3064660
3064730
306480
3064720
3064750
3064670
3064620
3064770
3064880
3064610
3064870
3064910
3065350
3065180
3065310
3065150
3065160
3065260
3064990
3065390
3065460
3065480
3065820
3065630
3065880
3065900
3065740
3065360
3065500
3065810
3065980
3066030
3066190
3066010
3066100
3066060
3066120
3066070
3065920
3066270
3066230
3066260
3066280
3066470
3066440
3066360
3066460
3066610
3066310
3066650
3066490
3066510
3066660
3066680
3067010
3066850
3067020
3066970
3066930
3066840
3066830
3067050
3067040
3067080
3067060
3067070
3067160
3067310
3067370
3067170
3067340
3067200
3067330
3067260
3067380
3067180
3067360
3067350
3067390
3067410
3067400
3067440
3067430
3067680
3067790
3067780
3067770
3067810
3067420
3067620
3067650
3067640
3067960
3068100
3068060
3067970
3004920
3004940
3004880
3004810
3004860
3004990
3004980
3005090
3005120
3005100
3005110
3004950
3005220
3005250
3005180
3005210
3005260
3005170
3005280
3005430
3005490
3005440
3005360
3005310
3005690
3005530
3005620
3005740
3005720
3005650
3005930
3005840
3005900
3005890
3005850
3005860
3005910
3005660
3006040
3006010
3006060
3006300
3006150
3006280
3006200
3006180
3006100
3006080
3006240
3006350
3006430
3006420
3006440
3006510
3006450
3006630
3006760
3006700
3006480
3006650
3006550
3006610
3006540
3006780
3006800
3006900
3006930
3007220
3007150
3007170
3007190
3006980
3006990
3007130
3007260
3007310
3007290
3007360
3007380
3007570
3007580
3007430
3007460
3007710
3007630
3007650
3007880
3007870
3007960
3007990
3008010
3007940
3007890
3007910
3008020
3008050
3008200
3008190
3008320
3008240
3033880
3033950
3033930
3034120
3034160
3034150
3034170
3034130
3033960
3033980
3034190
3034290
3034300
3034580
3034530
3034550
3034440
3034340
3034630
3034600
3034660
3034640
3034670
3034680
3034710
3034810
3034740
3034870
3034840
3034750
3034720
3034960
2948480
2948760
2948730
2973830
3034920
3034970
3035010
3035090
3035000
3034980
3035320
3035180
3035250
3035100
3035290
3035330
3035140
3035120
3035440
3035430
3035450
3035460
3035400
3035360
3035340
3035640
3035620
3035500
3035490
3035530
3035660
3035740
3035810
3035760
3035780
3035850
3035710
3035920
3035870
3035890
3035940
3035910
3035880
3035860
3036170
3036150
3036220
3035970
3036010
3036310
3036350
3036280
3036320
3036380
3035990
3036390
3036330
3036410
3036500
3036440
3036580
3036600
3036660
3036520
3036900
3036890
3036940
3036960
3096450
3096550
3096410
3096420
3096560
3096430
3096400
3096520
3096440
3096650
3096600
3096700
3096570
3096710
3096620
3096870
3096730
3096800
3096840
3096720
3096820
3096740
3096890
3096760
3097010
3096960
3096950
3097030
3096940
3097170
3097280
3097240
3097220
3097290
3097090
3097300
3097350
3097330
3097310
3097370
3097320
3097340
3097380
3097440
3097480
3097510
3097420
3097450
3097550
3097650
3097670
3097660
3097680
3097740
3097720
3097750
3097690
3097760
3097780
3097770
3098020
3098030
3098040
3098160
3098070
3098060
3098140
3098050
3098150
3098250
3098170
3098380
3098430
3098370
3098390
3098340
3098320
3098420
3098470
3098410
3098500
3098630
3098480
3098660
3098580
3098770
3098780
3098750
3098730
3098700
3098690
3098490
3098820
3098880
3098850
3098910
3098920
3099030
3098960
3098970
3068210
3068080
3067920
3068220
3068230
3068380
3068320
3068670
3068640
3068610
3068420
3068450
3068720
3068710
3068680
3069030
3069230
3069200
3069190
3069220
3069080
3069140
3069120
3069280
3069290
3069360
3069310
3069500
3069490
3069550
3069390
3069370
3069300
3069530
3069430
3069690
3069870
3069810
3069860
3069820
3069930
3069990
3069890
3069900
3070010
3070030
3070020
3070000
3070090
3070040
3070240
3070210
3070350
3070340
3070330
3070260
3070390
3070380
3070370
3070320
3070180
3070400
3070410
3070490
3070500
3070520
3070560
3070570
3070580
3070600
3070590
3070860
3070920
3070880
3070720
3071000
3070830
3070610
3070890
3071010
3070700
3071030
3070620
3071080
3071170
3071100
3071120
3071210
3071240
3071070
3071150
3071060
3071280
3071270
3071230
3071340
3071620
3071500
3071470
3071610
2960710
2960590
2960870
2960760
2960820
2960850
2960890
2960770
2960950
2961100
2960750
2961000
2961060
2960980
2961230
2961310
2961210
2961300
2961330
2961340
2961480
2961490
2961680
2961650
2961860
2961830
2961870
2961880
2962000
2961920
2961840
2962020
2962010
2961710
2962090
2962070
2962250
2962170
2962150
2962220
2962260
2962290
2962270
2962300
2961970
2962330
2962340
2962560
2962620
2962480
2962280
2962420
2962390
2962710
2962770
2962810
2962750
2963070
2962990
2963100
2962650
2962840
2963130
2963210
2962550
2963220
2963160
2963080
2962940
2963510
2963310
2963240
2963360
2963230
2963320
2963260
2963540
2963560
2963600
2963570
2963590
2963640
2963550
2963650
2963730
2963930
2963970
2963830
2963720
2963990
2963800
2964030
2964040
2964000
2963680
2964070
2964310
2964210
2964230
2964300
3008310
3008300
3008350
3008410
3008390
3008600
3008440
3008570
3008700
3008880
3008860
3008800
3008640
3009010
3008970
3008900
3008920
3008910
3008960
3008950
3009040
3008890
3009060
3009070
3009100
3009140
3009080
3009130
3009240
3009300
3009310
3009320
3009330
3009360
3009270
3009250
3009410
3009460
3009470
3009430
3009500
3009560
3009540
3009530
3009600
3009480
3009570
3009650
3009640
3009760
3009770
3009780
3009820
3009790
3009980
3009890
3009910
3009920
3009900
3010030
3010020
3010000
3009970
3009750
3010070
3009800
3010130
3010100
3010200
3010230
3010140
3010170
3010260
3010280
3010150
3010180
3010250
3010290
3010330
3010320
3010450
3010500
3010380
3010480
3010470
3010490
3010520
3010560
3010620
3010670
3010460
3010800
3010810
3010920
3010830
3010930
3010870
3010900
3010910
3010840
3036710
3037000
3036970
3036880
3037110
3036760
3037140
3037370
3037340
3037130
3037170
3037310
3037120
3037200
3037380
3037070
3037480
3037510
3037550
3037620
3037660
3037410
3037560
3037460
3037690
3037800
3037830
3037780
3037950
3038010
3038080
3037990
3037960
3037930
3037940
3037970
3038070
3038020
3038190
3038250
3038640
3038340
3038530
3038520
3038500
3038590
3038690
3038580
3038290
3038790
3038710
3038740
3038700
3038970
3038870
3038850
3039020
3039040
3039100
3039060
3039350
3039230
3039260
3039340
3039720
3039370
3039490
3039650
3039360
3039590
3039320
3039430
3039820
3039930
3039840
3039780
3040030
3039980
3039990
3040010
3040000
3039970
3040130
3039910
3040150
3040180
3040110
3040240
3040270
3040370
3040400
3040430
3040390
3040440
3040260
3040590
3040610
3040680
3040560
3040690
3071520
3071630
3071740
3071720
3071670
3071810
3071830
3071820
3071840
3071950
3071880
3071970
3071750
3071860
3072000
3072050
3072060
3072160
3072150
3072100
3072180
3072240
3072190
3072070
3072120
3072280
3072270
3072300
3072310
3072440
3072380
3072350
3072410
3072370
3072400
3072480
3072520
3072500
3072640
3072570
3072630
3072560
3072530
3072660
3072690
3072780
3072790
3072860
3072680
3072870
3072880
3072760
3072740
3072800
3072970
3072990
3073040
3073110
3073120
3073310
3073320
3073330
3073290
3073350
3073440
3073430
3073460
3073470
3073760
3073700
3073790
3073720
3073600
3073510
3073710
3073480
3073580
3073830
3073820
3073800
3073910
3073870
3074110
3074050
3073930
3073990
3073900
3074090
3074070
3074200
3074190
3074210
3074160
3073860
3074240
3074340
3074230
3074260
3074330
3074410
3099090
3099010
309900
3098830
3098670
3099190
3099350
3098890
3099380
3099550
3099660
3099430
3099540
3099630
3099580
3099360
3099680
3099730
3099690
3099490
3099670
3099640
3099830
3099870
3099880
3099840
3099750
3100010
3100130
3100190
3100100
3100180
3100170
3100330
3100310
3100500
3100520
3100540
3100350
3100420
3100650
3100660
3100640
3100680
3100710
3100690
3100700
3100610
3100730
3100780
3100790
3100740
3100810
3100970
3100860
3100940
3100900
3100990
3100910
3100820
3101010
3101050
3101160
3101140
3101110
3101180
3101330
3101230
3101380
3101290
3101240
3101190
3101340
3101450
3101480
3101580
3101620
3101690
3101670
3101640
3101630
3101400
3101600
3101710
3101740
3101800
3101700
3101820
3101780
3101810
3102020
3101920
3101910
3101980
3102000
3102030
3102180
3102220
3102130
3102290
2964370
2964280
2964260
2964220
2964190
2964440
2964390
2964180
2964400
2964430
2964550
2964640
2964480
2964520
2964590
2964540
2964580
2964690
2964670
2964800
2964720
2964680
2964990
2965050
2964910
2964920
2964830
2964940
2964840
2964810
2965190
2965090
2965140
2964980
2965130
2965180
2965220
2965230
2965370
2965300
2965340
2965290
2965400
2965430
2965450
2965420
2965540
2965550
2965590
2965670
2965780
2965720
2965650
2965760
2965790
2965730
2965680
2965900
2965870
2965910
2965940
2965930
2966040
2965970
2966090
2966100
2966110
2966160
2966150
2966330
2966400
2966360
2966430
2966450
2966470
2966520
2966490
2966560
2966570
2966510
2966530
2966550
2966580
2966670
2966610
2966700
2966630
2966900
2966750
2966910
2966680
2966720
2966810
2966970
2967000
2966990
2967030
2967080
2967090
2967140
3040570
3040870
3040800
3040810
3040820
3040880
3040830
3040900
3040670
3040970
3041070
3041100
3040940
3040930
3041130
3041230
3041200
3041210
3041160
3041220
3041180
3041260
3041300
3041340
3041420
3041500
3041330
3041550
3041690
3041670
3041700
3041730
3041720
3041640
3041750
3041800
3041920
3041780
3041890
3041930
3042000
3042090
3042040
3042050
3042060
3041980
3042010
3042270
3042250
3042230
3041960
3042120
3042160
3042280
3042520
3042470
3042360
3042560
3042480
3042710
3042720
3042630
3042790
3042690
3042680
3042640
3042850
3042830
3042810
3043030
3043120
3043080
3043090
3043280
3043310
3043320
3043430
3043210
3043330
3043690
3043760
3043710
3043540
3043740
3043860
3043920
3043840
3043810
3043790
3043950
3043960
3044040
3044120
3044100
3044210
3044220
3044180
3044150
3044140
3044240
3102240
3102250
3102100
3102270
3102330
3102310
3102340
3102530
3102440
3102670
3102550
3102540
3102660
3102520
3102650
3102790
3102800
3102740
3102680
3102450
3102950
3102900
3102780
3102820
3102870
3102890
3103040
3103000
3102810
3103170
3103240
3103230
3103280
3103210
3103190
3103380
3103320
3103390
3103400
3103420
3103370
3103470
3103580
3103480
3103510
3103650
3103690
3103720
3103640
3103660
3103730
3103800
3103750
3103820
3103830
3103840
3103850
3103620
3103460
3103930
3103940
3103950
3103910
3103960
3104000
3103970
3104020
3104030
3104050
3104100
3104110
3104290
3104120
3104220
3104240
3104340
3104300
3104380
3104430
3104370
3104420
3104490
3104620
3104660
3104600
3104580
3104540
3104550
3104510
3104670
3104590
3104780
3104680
3104790
3104810
3104900
3104850
3104840
3104860
3104920
2966980
2967100
2967110
2967210
2967180
2967260
2967320
2967410
2967330
2967350
2967380
2967420
2967500
2967430
2967520
2967480
2967510
2967560
2967460
2967450
2967570
2967650
2967580
2967590
2967600
2967630
2967730
2967680
2967790
2967800
2967700
2967710
2967670
2967860
2967850
2967820
2967870
2967940
2968010
2967930
2968070
2968140
2968050
2968170
2967950
2968200
2968220
2968270
2968290
2968260
2968250
2968520
2968390
2968400
2968470
2968510
2968310
2968410
2968690
2968600
2968680
2968730
2968670
2968620
2968820
2968870
2968800
2968850
2968860
2968900
2968950
2968840
2968880
2969030
2969040
2969010
2968970
2968990
2969020
2969250
2969220
2969240
2969140
2969150
2969210
2969060
2969180
2969270
2969350
2969960
2969970
2969320
2969710
2970080
2971360
2971090
2971390
2971430
2970990
2971120
3011050
3011020
3011060
3010970
3011100
3011140
3011090
3011410
3011360
3011380
3011200
3011190
3011230
3011450
3011470
3011550
3011560
3011570
3011620
3011260
3011820
3011850
3011890
3012070
3012290
3012280
3012260
3012270
3012300
3012360
3012350
3012400
3012410
3012420
3012430
3012380
3012470
3012510
3012550
3012710
3012670
3012750
3012740
3012800
3012830
3012760
3012820
3012780
3012810
3012850
3013050
3013010
3013040
3012990
3013150
3013070
3013140
3013200
3013160
3013130
3013260
3013390
3013440
3013370
3013430
3013690
3013380
3013470
3013570
3013460
3013500
3013490
3013790
3013740
3013710
3013750
3013700
3013830
3013670
3013960
3013850
3013900
3013920
3013880
3013860
3013970
3013910
3013930
3014010
3013980
3014040
3014070
3014110
3014340
3014230
3014370
3014120
3014150
3014240
3014500
3074540
3074440
3074510
3074570
3074420
3074590
3074700
3074800
3074770
3074730
3074830
3075000
3074930
3074990
3074970
3074910
3075080
3075040
3075020
3075060
3075170
3075140
3075360
3075270
3075250
3075410
3075370
3075510
3075460
3075490
3075430
3075610
3075150
3075670
3075700
3075690
3075710
3075590
3075720
3075760
3075730
3075810
3076100
3075890
3076110
3076200
3076210
3076120
3076280
3076330
3076430
3076350
3076400
3076410
3076490
3076420
3076710
3076680
3076740
3076530
3076620
3076750
3077010
3077030
3077090
3076960
3077120
3077180
3077190
3077140
3077150
3077130
3077200
3077240
3077260
3077280
3077360
3077440
3077520
3077580
3077660
3077570
3077560
3077670
3077760
3077720
3077690
3077790
3077910
3077850
3077930
3077530
3077650
3077780
3078000
3078010
3077990
3077970
3078120
3078110
3044330
3044400
3044510
3044440
3044610
3044540
3044620
3044690
3044680
3044750
3044780
3044790
3044940
3044920
3044910
3044970
3045000
3045060
3045030
3045120
3045100
3045110
3045070
3045010
3045140
3045180
3045150
3045260
3045240
3045220
3045300
3045270
3045350
3045370
3045330
3045340
3045320
3045390
3045440
3045510
3045560
3045530
3045520
3045630
3045690
3045780
3045650
3045890
3045770
3046020
3046050
3045970
3046130
3046140
3046120
3046170
3046230
3046190
3046150
3046470
3046290
3046300
3046350
3046460
3046670
3046520
3046510
3046500
3046680
3046700
3046740
3046710
3046750
3046760
3046780
3046880
3046820
3046800
3046990
3047000
3047100
3047030
3047090
3047180
3047220
3047310
3047300
3047290
3047320
3047380
3047330
3047430
3047460
3047440
3047490
3047370
3047520
3047510
3047500
3047570
3104880
3104930
3104980
3105020
3105050
3105130
3105180
3105290
3105190
3105380
3105140
3105410
3105560
3105430
3105600
3105450
3105650
3105640
3105670
3105620
3105680
3105720
3105730
3105900
3105770
3105910
3105920
3105890
3105780
3105940
3105950
3106000
3105960
3106050
3105980
3106110
3106070
3106140
3106150
3106200
3106220
3106160
3106240
3106320
3106310
3106280
3106260
3106340
3106350
3106560
3106600
3106490
3106520
3106540
3106510
3106620
3106730
3106670
3106650
3106680
3106690
3106870
3106860
3106930
3107020
3106880
3106830
3106990
3106660
3106750
3106780
3107130
3107090
3107150
3107050
3107040
3107330
3107220
3107320
3107350
3107250
3107310
3107440
3107210
3107270
3107360
3107450
3107480
3107520
3107530
3107620
3107680
3107550
3107690
3107710
3107740
3107700
3107730
3107800
3107810
3078030
3078140
3077950
3078230
3078190
3078430
3078460
3078390
3078550
3078500
3078540
3078530
3078580
3078590
3078600
3078760
3078740
3078730
3078670
3078690
3078820
3078910
3078830
3078840
3078850
307900
3079100
3079020
3079140
3078960
3079130
3079150
3079160
3079180
307920
3079190
3079170
3079230
3079410
3079420
3079430
3079280
3079400
3079270
3079440
307930
3079460
3079500
3079670
3079680
3079660
3079600
3079590
3079820
3079730
3079740
3079770
3079750
3079720
3079870
3079840
307990
3080030
3080050
3080020
3080210
3080270
3080410
3080180
3080290
3080310
3080170
3080430
3080420
3080560
3080530
3080730
3080540
3080720
3080810
3080910
3080880
3080820
3080790
3080930
3080960
3081000
3081100
3081110
3081170
3081180
3081160
3081120
3081240
3081310
3081260
3081270
3081300
3081280
3081520
3047560
3047610
304770
3047680
3047690
3047760
3047770
3047720
3047740
3047780
3047900
3048020
3047990
3047820
3047910
3048040
3048100
3048050
3048090
3048030
3048110
3048140
3048280
3048190
3048300
3048290
3048160
3048210
3048330
3048380
3048400
3048510
3048420
3048650
3048540
3048820
3048760
3048770
3048830
3048670
3048840
3048790
3049010
3048980
3048930
3049000
3049110
3049160
3049320
3049300
3049330
3049400
3049380
3049130
3049440
3049460
3049450
3049410
3049610
3049580
3049550
3049480
3049620
3049470
3049860
3049850
3049780
3049830
3049980
3050090
3049910
3050010
3049900
3050170
3050180
3050100
3050120
3050140
3050160
3050200
3050250
3050460
3050520
3050480
3050490
3050530
3050590
3050580
3050540
3050690
3050660
3050600
3050630
3050640
3050700
3050920
3050760
3050810
3050710
3050800
2971440
2971510
2971500
2971450
2971520
2971660
2971760
2971630
2971800
2971650
2971610
2971590
2971680
2971830
2971930
2971870
2971900
2971820
2972070
2972040
2972020
2971970
2972010
2972090
2972120
2972110
2972140
2971980
2972180
2972220
2972250
2972380
2972480
2972350
2972330
2972370
2972530
2972590
2972600
2972300
2972310
2972660
2972700
2972650
2972710
2972630
2972750
2972640
2972810
2972780
2972830
2972770
2972820
2972870
2972980
2972940
2973110
2973000
2973120
2973100
2972930
2972900
2973160
2973200
2973480
2973520
2973320
2973540
2973390
2973450
2973550
2973250
2973500
2973570
2973560
2973580
2973610
2973710
2973340
2973700
2973850
2973810
2973840
2973820
2973950
2973960
2974030
2974070
2974060
2974080
2974050
2974100
2974120
2974000
2974460
2974190
2974450
2974250
2974510
2974140
3014510
3014610
3014520
3014650
3014750
3014760
3014910
3014890
3014740
3014930
3014870
3014710
3014960
3015120
3015130
3015110
3015140
3015180
3015150
3015190
3015310
3015260
3015230
3015250
3015290
3015350
3015460
3015510
3015360
3015400
3015610
3015740
3015690
3015620
3015720
3015840
3015860
3015850
3015600
3015870
3015910
3015920
3015930
3015900
3015940
3016090
3016120
3015960
3016500
3016580
3016600
3016530
3016640
3016750
3016730
3016780
3016870
3016810
3016840
3017030
3017090
3016990
3017000
3016980
3016890
3016920
3017080
3017110
3017150
3017170
3017130
3017160
3017250
3017120
3017320
3017270
3017360
3017410
3017330
3017400
3017430
3017420
3017390
3017380
301750
3017640
3017700
3017570
3017630
3017610
3017730
3017530
3017820
3017770
3017810
3017760
3018130
3018090
3017830
3018170
3081510
3081420
3081540
3081640
3081670
3081690
3081710
3081790
3081740
3081800
3081930
3081760
3081980
3081870
3082030
3082040
3082000
3082060
3082110
3082150
3082080
3082140
3082090
3082070
3082160
3082170
3082200
3082330
3082220
3082290
3082310
3082410
3082490
3082360
3082350
3082430
3082440
3082340
3082530
3082710
3082580
3082720
3082690
3082610
3082770
3082750
3082850
3082910
3082820
3082890
3082840
3082870
3083010
3082980
3082970
3082930
3082940
3082960
3082990
3082950
3083020
3083070
3083160
3083090
3083200
3083120
3083210
3083270
3083220
3083290
3083340
3083240
3083260
3083190
3083300
3083360
3083630
3083380
3083620
3083510
3083520
3083600
3083730
3083660
3083800
3083650
3083760
3083880
3083920
3083960
3084040
3083950
3084100
3084130
3084150
3084090
3084080
3084180
3084000
3083990
3107790
3107820
3107840
3107860
3107930
3107880
3107890
3107940
3107870
3108000
3108010
3107950
3107990
3107960
3107970
3108040
3107980
3108130
3108140
3108180
3108060
3108110
3108190
3108380
3108340
3108230
3108240
3108210
3108260
310840
3108470
3108640
3108490
3108610
3108510
3108570
3108700
3108770
3108720
3108760
3108660
3108670
3108820
3108650
3108710
3108880
3108960
3108790
3108900
3108980
3109030
3109000
3109040
3109070
3108990
3109050
3109080
3109150
3109170
3109010
3109180
3108780
3109110
3109230
3109290
3109270
3109370
3109410
3109280
3109240
3109310
3109350
3109210
3109440
3109430
3109510
3109490
3109540
3109500
3109340
3109560
3109460
3109590
3109640
3109580
3109650
3109800
3109700
3109830
3109810
3109740
3109840
3109980
3109880
3110120
3110080
3110000
3110010
3110230
3110200
3050970
3051000
3051030
3051050
3051070
3051100
3051170
3051180
3051220
3051110
3051260
3051340
3051380
3051470
3051600
3051580
3051270
3051480
3051660
3051620
3051610
3051700
3051630
3051720
3051910
3051960
3051640
3052310
3052330
3052420
3052190
3052480
3052500
3052510
3052450
3052140
3052700
3052650
3052540
3052220
3052550
3052520
3052610
3052790
3052820
3052740
3052870
3053290
3053320
3053300
3053210
3053130
3053370
3053330
3053400
3053340
3053380
3053200
3053500
3053750
3053770
3053520
3053690
3053420
3053860
3053810
3053870
3053830
3053850
3053890
3053960
3053880
3053950
3053910
3053920
3053970
3054060
3053990
3054140
3054110
3054200
3054180
3054210
3054410
3054070
3054290
3054370
3054330
3054470
3054440
3054550
3054680
3054490
3054700
3054670
3054540
3054720
3054710
3054760
3054610
2974370
2974600
2974570
2974640
2974620
2974540
2974650
2974660
2975030
2974740
2974690
2974700
2975040
2975180
2975160
2975190
2975260
2975240
2975460
2975480
2975580
2975270
2975330
2975350
2975590
2975640
2975660
2975870
2975750
2975730
2975690
2975910
2975830
2975790
2975900
2976000
2976070
2976030
2976020
2976160
2976080
2976120
2976110
2976170
2976140
2976190
2976310
2976270
2976230
2976330
2976320
2976400
2976500
2976610
2976450
2976440
2976510
2976470
2976600
2976410
2976620
2976740
2976670
2976700
2976800
2976780
2977060
2976910
2977130
2976880
2977070
2976770
2977290
2977230
2977150
2977310
2977390
2977490
2977570
2977580
2977510
2977440
2977350
2977700
2977320
2977590
2977770
2977620
2977850
2977990
2977960
2977810
2978020
2977800
2978070
2977820
2978180
2978120
2978170
2978210
3018030
3018070
3017910
3018290
3018190
3018320
3018340
3017540
3018530
3018360
3018390
3018580
3018400
3018500
3018420
3018600
3018620
3018430
3018630
3018640
3018730
3018680
3018770
3018700
3018800
3018890
3018720
3018900
3018830
3019000
3018990
3018940
3019150
3019060
3019040
3019080
3019030
3019110
3019160
3019200
3019220
3019360
3019290
3019370
3019320
3019350
3019450
3019380
3019400
3019490
3019510
3019700
3019570
3019650
3019550
3019610
3019710
3019740
3019750
3019850
3019770
3019830
3019800
3019930
3019780
3019880
3020030
3019950
3019990
3020130
3020020
3020220
3020240
3020260
3020360
3020250
3020460
3020550
3020570
3020580
3020370
3020480
3020600
3020850
3020960
3020950
3020870
3020780
3020970
3021020
3021060
3021220
3021290
3021150
3021320
3021520
3021390
3021530
3021440
3021630
3084330
3084270
3084290
3084390
3084360
3084200
3084260
3084410
3084530
3084490
3084510
3084500
3084400
3084430
3084540
3084590
3084630
3084640
3084570
3084560
3084620
3084670
3084800
3084750
3084740
3084720
3084700
3084690
3084790
3085010
3085020
3085040
3084990
3084900
3085060
3084840
3085220
3085200
3085180
3084810
3085070
3085280
3085300
3085620
3085660
3085710
3085640
3085730
3085700
3085770
3085860
3085950
3085800
3085810
3085910
3086020
3086010
3085890
3085900
3086050
3086170
3086060
3086520
3086500
3086120
3086660
3086580
3086030
3086630
3086550
3086600
3086590
3086560
3086720
3086740
3086870
3086860
3086760
3086700
3086950
3087020
3087000
3086910
3086990
3086890
3086940
3087090
3087110
3087200
3087140
3087470
3087340
3087180
3087560
3087550
3087590
3087480
3087490
3087580
3087670
3110130
3110240
3110290
3110260
3110270
3110250
3110320
3110370
3110450
3110420
3110490
3110310
3110500
3110430
3110520
3110410
3110700
3110690
3110710
3110600
3110610
3110540
3110840
3110800
3110740
3110820
3110960
3110930
3110750
3111010
3111040
3111080
3111030
3111050
3111020
3111290
3111140
3111150
3111310
3111230
3111330
3111240
3111380
3111430
3111550
3111600
3111510
3111580
3111130
3111570
3111650
3111710
3111620
3111680
3111630
3111740
3111730
3111780
3111830
3111850
3111860
3111900
3111800
3111930
3112060
3112100
3111970
3111980
3111960
3112050
3112000
3112200
3112210
3112290
3112220
3112280
3112450
3112420
3112410
3112470
3112500
3112340
3112380
3112330
3112620
3112540
3112630
3112640
3112650
3112660
3112740
3113020
3113030
3113060
3113140
3113360
3113350
3113340
3113390
3113260
3054480
3054750
3054930
3054910
3055070
3055000
3055100
3055050
3054950
3055020
3055150
3055120
3055170
3055160
3055110
3055180
3055250
3055210
3055230
3055200
3055390
3055370
3055330
3055290
3055420
3055450
3055480
3055510
3055460
3055400
3055610
3055630
3055550
3055530
3055590
3055600
3055580
3055640
3055690
3055710
3055810
3055780
3055790
3055970
3056070
3055990
3056040
3056110
3056090
3055930
3056310
3056270
3056300
3056280
3056370
3056420
3056590
3056570
3056580
3056600
3056480
3056720
3056730
3056760
3056870
3056840
3056890
3056860
3056880
3056980
3056960
3057000
3057020
3057110
3057180
3057060
3057250
3057190
3057220
3057390
3057040
3057270
3057350
3057330
3057360
3057400
3057460
3057410
3057470
3057550
3057490
3057720
3057570
3057810
3057830
3057820
3057850
3057760
3057890
3058020
3122930
3122910
3122950
3122990
3122980
3122920
3123000
3123060
3123100
3123090
3123030
3123080
3123320
3123290
3123460
3123450
3123230
3123310
3123170
3123250
3123650
3123580
3123700
3123610
3123630
3123780
3123540
3123980
3123920
3123880
3124050
3123800
3124000
3123830
3124020
3124030
3124100
3124080
3124310
3124200
3124210
3124130
3124390
3124480
3124460
3124470
3124370
3124330
3124380
3124320
3124670
3124770
3124710
3124740
3124550
3124840
3124790
3124860
3124780
3124820
3124810
3124900
3124850
3125080
3125030
3125070
3124970
3124910
3125090
3125310
3125250
3125230
3125150
3125120
3125260
3124870
3125400
3125350
3125460
3125370
3125320
3125430
3125300
3125500
3125550
3125590
3125570
3125560
3125710
3125760
3125910
3125830
3125820
3125890
3125920
3126140
3126160
3126050
3125970
3126200
3057880
3058010
3058110
3058000
3058100
3058030
3058090
3058180
3058130
3057960
3058190
3058140
3058200
3058230
3058240
3058250
3058210
3058500
3058480
3058430
3058490
3058360
3058400
3058310
3058520
3058560
3058660
3058620
3058640
3058690
3058700
3058770
3058710
3058800
3058720
3058820
3058940
3059000
3058960
3059040
3059010
3059200
3059160
3059230
3059220
3059150
3059290
3059240
3059350
3059300
3058810
3059390
3059470
3059420
3059670
3059660
3059750
3059770
3059790
3059730
3060110
3059840
3059850
3060130
3059820
3060080
3060200
3060170
3060210
3059800
3060300
3060310
3060390
3060560
3060430
3060250
3060550
3060340
3060470
3060580
3060440
3060600
3060730
3060870
3061000
3060790
3061020
3060850
3061030
3061040
3061200
3061140
3061250
3061500
3061070
3061540
3061480
3061390
3061470
3061330
3087730
3087680
3087780
3087820
3087810
3087860
3087870
3087960
3087900
3087930
3087910
3087970
3087990
3088000
3088050
3088160
3088120
3088140
3088010
3088200
3088180
3088370
3088210
3088260
3088280
3088080
3088430
3088440
3088400
3088420
3088410
3088460
3088530
3088510
3088560
3088550
3088540
3088520
3088600
3088700
3088680
3088670
3088730
3088750
3088760
3088820
3088890
3088790
3088990
3089030
3089100
3088960
3089290
3089130
3089260
3089280
3088740
3089410
3089460
3089430
3089450
3089270
3089480
3089150
3089640
3089340
3089600
3089570
3089740
3089700
3089710
3089760
3089680
3089820
3089860
3089960
3090010
3089800
3090070
3090050
3090490
3089870
3090270
3090570
3089850
3090630
3090820
3090800
3090790
3090830
3090920
3090860
3090840
3090620
3090890
3090990
3090980
3090870
3091200
3091140
3113430
3113400
3113420
3113510
3113500
3113480
3113550
3113640
3113650
3113580
3113590
3113600
3113670
3113710
3113690
3113730
3113680
3113810
3113750
3113740
3113780
3113850
3113870
3113940
3113920
3113890
3113980
3113950
3114040
3114010
3114160
3114100
3114150
3114090
3114290
3114300
3114230
3114410
3114440
3114470
3114480
3114420
3114510
3114500
3114610
3114570
3114600
3114620
3114890
3114860
3114780
3114760
3114850
3114680
3114700
3114900
3114990
3115010
3115020
3115040
3115230
3115240
3115030
3115150
3115060
3115310
3115350
3115340
3115360
3115320
3115290
3115390
3115440
3115370
3115510
3115410
3115490
3115480
3115520
3115850
3115840
3115660
3115500
3115880
3115860
3116080
3116100
3116120
3115890
3115900
3116240
3116200
3116190
3116180
3116220
3116230
3116360
3116350
3116160
3116300
3021640
3021700
3021650
3021720
3021780
3021750
3021800
3021900
3021830
3021870
3021860
3021920
3021890
3021810
3021970
3022060
3022040
3022010
3022110
3022130
3022120
3022290
3022340
3022360
3022320
3022300
3022270
3022080
3022390
3022380
3022370
3022500
3022470
3022510
3022530
3022750
3022740
3022540
3022640
3022560
3022810
3022840
3022780
3022860
3022910
3022880
3022850
3022900
3022870
3022950
3023020
3023100
3022960
3023170
3023120
3023250
3023210
3023380
3023230
3023360
3023190
3023400
3023460
3023600
3023620
3023490
3023550
3023440
3023870
3023800
3023660
3023670
3023700
3023880
3023960
3023980
3024050
3024020
3024080
3024190
3024220
3024120
3024110
3024170
3024130
3024100
3024250
3024520
3024490
3024510
3024320
3024410
3024350
3024530
3024590
3024370
3024640
3024690
3024860
3024840
3126090
3126110
3126210
3126270
3126220
3126330
3126290
3126300
3126320
3126380
3126340
3126420
3126440
3126470
3126480
3126410
3126490
312650
3126520
3126500
3126650
3126560
3126620
3126530
3126820
3126860
3126790
3126990
3126900
3127000
3127030
3127290
3127350
3126980
3127320
3127270
3127240
3127360
3127520
3127440
3127540
3127480
3127610
3127620
3127560
3127600
3127650
3127640
3127670
3127570
3127690
3127740
3127750
3127770
3127710
3127780
3128060
3127870
3128010
3128000
3127910
3128270
3128190
3128240
3128310
3128470
3128440
3128520
3128560
3128590
3128830
3128770
3128780
3128740
3128610
3128730
3129020
3129080
3128980
3128940
3128280
3129110
3129180
3129170
3129150
3129220
3129350
3129370
3129420
3129360
3129280
3129570
3129310
3129400
3129770
3129790
3129650
3129760
3129590
3130080
3116400
3116530
3116470
3116480
3116600
3116410
3116450
3116540
3116640
3116730
3116720
3116700
3116920
3116880
3116860
3116870
3116930
3116810
3116790
3117160
3117670
3117620
3117680
3117630
3117720
3117730
3117710
3117780
3117740
3117810
3117800
3118010
3118050
3117950
3117990
3118040
3118250
3118160
3118060
3118270
3118140
3118260
3118290
3118330
3118340
3118310
3118380
3118450
3118420
3118570
3118490
3118630
3118580
3118650
3118690
3118600
3118620
3118520
3118840
3118850
3118700
3118740
3118730
3118910
3119010
3118960
3119040
3118870
3119020
3118900
3119050
3119150
3119200
3119170
3119190
3119260
3119220
3119250
3119460
3119430
3119410
3119450
3119240
3119480
3119530
3119520
3119610
3119670
3119640
3119710
3119730
3119850
3119720
3119820
3119830
3119930
3119780
3119960
3119980
3119950
3091150
3091120
3091030
3091230
3091240
3090670
3091310
3091330
3091260
3091530
3091360
3091420
3091410
3091270
3091390
3091480
3091520
3091610
3091780
3091830
3091660
3091770
3091760
3091950
3092000
3091880
3091940
3091930
3091860
3092080
3092040
3091990
3092100
3092150
3092050
3092110
3092190
3092090
3092260
3092280
3092240
3092430
3092510
3092440
3092540
3092600
3092560
3092360
3092700
3092760
3092680
3092750
3092640
3092710
3093020
3092870
3092960
3093040
3092980
3092900
3093030
3093050
3093180
3093160
3093150
3093220
3093090
3093230
3093070
3093290
3093320
3093250
3093300
3093330
3093360
3093470
3093490
3093500
3093410
3093400
3093420
3093540
3093570
3093600
3093590
3093770
3093640
3093750
3093690
3093850
3093670
3093840
3093700
3093860
3093910
3093870
3093880
3094050
3094140
3094150
3130060
3129930
3129920
3129980
3129820
3129900
3130160
3130390
3130120
3130170
3130220
3130340
3130440
3130430
3130660
3130420
3130690
3130890
3130800
3130760
3130950
3131250
3131240
3130980
3130940
3131280
3130960
3131620
3131310
3131400
3131610
3131340
3131290
3131780
3131700
3131880
3131690
3131680
3132160
3132170
3132250
3132010
3131980
3132270
3132000
3132110
3132580
3132240
3132310
3132460
3132570
3132330
3132610
3132640
3132630
3132670
3132870
3132970
3132910
3133110
3133020
3133120
3133180
3133150
3133210
3133140
3133130
3132830
3133220
3133320
3133250
3133270
3133340
3133400
3133530
3133500
3133380
3133420
3133480
3133390
3133570
3133560
3133580
3133600
3133740
3133590
3133610
3133640
3133790
3133930
3133760
3134140
3133950
3134120
3134130
3134030
3134050
3134550
3134530
3134560
3155310
3155390
3155320
3155430
3155660
3155630
3155610
3155760
3155590
3155540
3155690
3155710
3155770
3155570
3155780
3155800
3155930
3155840
3155960
3155980
3156020
3156000
3156050
3156110
3156100
3156230
3156080
3156120
3156420
3156360
3156400
3156430
3156210
3156270
3156240
3156440
3156370
3156510
3156450
3156800
3156820
3156910
3156950
3156730
3156530
3156920
3156590
3156700
3156720
3156550
3156640
3156970
3157000
3157010
3157280
3157360
3157260
3157320
3157310
3157070
3157160
3157380
3157790
3157750
3157700
3157550
3157420
3157820
3157910
3157920
3157800
3157890
3157540
3157870
3158060
3158040
3157950
3158010
3158080
3158110
3158280
3158070
3158200
3158220
3158260
3158270
3158290
3158160
3158390
3158380
3158430
3158500
3158480
3158600
3158370
3158620
3158630
3158840
3158810
3158870
3024770
3024760
3025020
3024950
3024920
3024890
3024940
3024710
3025060
3024960
3025100
3025200
3025260
3025180
3025150
3025220
3025140
3025240
3025280
3025330
3025310
3025380
3025320
3025340
3025450
3025470
3025630
3025730
3025610
3025540
3025600
3025620
3025740
3025290
3025820
3025840
3025760
3025770
3026000
3025910
3025880
3026030
3026300
3026170
3026180
3026160
3026240
3026290
3026130
3026100
3026430
3026450
3026310
3026330
3026440
3026380
3026350
3026640
3026480
3026560
3026620
3026710
3026720
3026920
3026980
3026730
3026740
3027000
3026830
3026770
3027060
3027040
3027430
3027310
3027300
3027490
3027470
3027550
3027580
3027690
3027700
3027590
3027670
3027630
3027740
3027710
3027900
3027820
3027780
3027910
3027830
3027920
3027960
3027980
3027970
3027810
3027850
3028010
3028060
3028000
3120020
3120040
3120000
3120210
3120140
3120200
3120050
3120190
3120070
3120160
3120250
3120290
3120310
3120370
3120270
3120320
3120300
3120490
3120500
3120380
312050
3120410
3120460
3120740
3120600
3120700
3120720
3120630
3120750
3120560
3120730
3120910
3120790
3120880
3120760
3121070
3121090
3121210
3121110
3121160
3121190
3121230
3121260
3121330
3121320
3121440
3121410
3121430
3121570
3121580
3121470
3121530
3121600
3121640
3121680
3121630
3121710
3121610
3121620
3121840
3121780
3121850
3121890
3121930
3121810
3121800
3121960
3122100
3122000
3121990
3122050
3122290
3122340
3122150
3122240
3122220
3122170
3122270
3122370
3122450
3122430
3122490
3122540
3122360
3122600
3122690
3122580
3122590
3122670
3122710
3122700
3122720
3122740
3122860
3122820
3122750
3122900
3122890
3122940
3122970
3158950
3158990
3158860
3159010
3159000
3158850
3158980
3159040
3159090
3159060
3159050
3158770
3159140
3159130
3159310
3159320
3159120
3159150
3159290
3159380
3159390
3159350
3159440
3159460
3159560
3159740
3159710
3159780
3159750
3159800
3159680
3159790
3159810
3159860
3159850
3159620
3160030
3159920
3159900
3159930
3159960
3159880
3160060
3160090
3160120
3160170
3160140
3160110
3160250
3160280
3160160
3160240
3160230
3160300
3160260
3160400
3160410
3160420
3160450
3160550
3160570
3160540
3160490
3160510
3160520
3160360
3160580
3160460
3160470
3160640
3160710
3160850
3160790
3160730
3160720
3160770
3160830
3161010
3160910
3160950
3160840
3161050
3160980
3161060
3161320
3161260
3161180
3161230
3161140
3161290
3161280
3161340
3161400
3161270
3161210
3161410
3161350
3161430
3161440
3161420
3134480
3134380
3134490
3134670
3134570
3134610
3134600
3134690
3134710
3134730
3134740
3134840
3134830
3134750
3134780
3134790
3134760
3134810
3134940
3134880
3134920
3134910
3134870
3135010
3134990
3135110
3135160
3135030
3135070
3135050
3135090
3135150
3135170
3135240
3135220
3135260
3135200
3135250
3135530
3135400
3135450
3135270
3135550
3135490
3135350
3135380
3135570
3135560
3135580
3135610
3135690
3135800
3135630
3135890
3135870
3135850
3135880
3135900
3135910
3135620
3135920
3135930
3136000
3135980
3136090
3136140
3136030
3136170
3136160
3136150
3136130
3136040
3136020
3136070
3136180
3136220
3136230
3136250
3136190
3136260
3136420
3136350
3136270
3136340
3136310
3136300
3136320
3136380
3136400
3136330
3136450
3136510
3136490
3136460
3136530
3136590
3137000
3136930
3137010
3136560
3187550
3187470
3187710
3187640
3187610
3187680
3187540
3187700
3187800
3187760
3187870
3187790
3187740
3187730
3187770
3187960
3188350
3188340
3188360
3188050
3187890
3188090
3188590
3188470
3188530
3188650
3188460
3188430
3188480
3188550
3188660
3188690
3188880
3188840
3188970
3189030
3188920
3189010
3189020
3189070
3188960
3188910
3189110
3189190
3189340
3189320
3189150
3189440
3189430
3189460
3189470
3189580
3189570
3189660
3189670
3189800
3189770
3189680
3189710
3189650
3190340
3189930
3189950
3189900
3190380
3190440
3190480
3190430
3190420
3190460
3190510
3190540
3190530
3190570
3190580
3190590
3190560
3190610
3190700
3190630
3190810
3190760
3190620
3190840
3190910
3190950
3190870
3191160
3191050
3190990
3191140
3191110
3191170
3191010
3191020
3191200
3191240
3191300
3191310
3191230
3219140
3219180
3219160
3219220
3219190
3219250
3219400
3219110
3219390
3219410
3219440
3219450
3219540
3219550
3219580
3219660
3219330
3219600
3219730
3219670
3219800
3219430
3219950
3219880
3219890
3219910
3219990
3220050
3220010
3220080
3220130
3220090
3220110
3220360
3220300
3220330
3220180
3220290
3220150
3220370
3220410
3220430
3220380
3220510
3220490
3220470
3220520
3220530
3220620
3220650
3220610
3220670
3220720
3220680
3220710
3220700
3220730
3220770
3220790
3220820
3221000
3220880
3221020
3220860
3220830
3221080
3221070
3221110
3221230
3221190
3221180
3221400
3221490
3221420
3221470
3221440
3221610
3221570
3221500
3221720
3221740
3221800
3221770
3221630
3221980
3221860
3221940
3221870
3221850
3222100
3222020
3222130
3222070
3222120
3222150
3221830
3222170
3222160
3222220
3222250
3161550
3161510
3161590
3161710
3161520
3161460
3161690
3161450
3161530
3161610
3161780
3161870
3161960
3161940
3161990
3161930
3161920
3161850
3161950
3162000
3162030
3162060
3162020
3162120
3162140
3162090
3162230
3162190
3162280
3162270
3162390
3162340
3162290
3162170
3162260
3162350
3162630
3162700
3162550
3162670
3162740
3162820
3162800
3162750
3162780
3162810
3162840
3162850
3162920
3162880
3163110
3163070
3163170
3163160
3163190
3163310
3163210
3163320
3163420
3163460
3163120
3163400
3163370
3163360
3163480
3163470
3163540
3163610
3163550
3163620
3163660
3163580
3163570
3163650
3163560
3163710
3163690
3163770
3163730
3163740
3163760
3163790
3163880
3163980
3163890
3163900
3163910
3163840
3164030
3164120
3164130
3164190
3164210
3164260
3164230
3164370
3164290
3164310
3164160
3164360
3136850
3136540
3136550
3136690
3137130
3137040
3137100
3137110
3137310
3137160
3137300
3137290
3137340
3137150
3137320
3137190
3137240
3137370
3137350
3137460
3137450
3137530
3137510
3137550
3137640
3137520
3137690
3137740
3137560
3137500
3137780
3137820
3137880
3137840
3138170
3138020
3138140
3137920
3138060
3137930
3138100
3138210
3138230
3138270
3137910
3138220
3138350
3138360
3138280
3138430
3138410
3138370
3138380
3138400
3138480
3138460
3138510
3138520
3138760
3138580
3138680
3138640
3138610
3138940
3138840
3138790
3138780
3138910
3138970
3139060
3139180
3139070
3139160
3139280
3139250
3139380
3139370
3139290
3139260
3139190
3139430
3139470
3139500
3139480
3139510
3139610
3139540
3139580
3139640
3139680
3139560
3139620
3139550
3139760
3139930
3140050
3139730
3139720
3139690
3140100
3244360
3244530
3244610
3244650
3244710
3244670
3244700
3244690
3244720
3244660
3244540
3244900
3244910
3244940
3244990
3245020
3245010
3245220
3245030
3245110
3245190
3245090
3245050
3245080
3245210
3245150
3245270
3245380
3245370
3245250
3245330
3245610
3245740
3245420
3245790
3245910
3245920
3245890
3245830
3245900
3245960
3246150
3246080
3246110
3246100
3246020
3245970
3246160
3246260
3246430
3246450
3246250
3246460
3246530
3246550
3246600
3246240
3246230
3246690
3246640
3246770
3246510
3246830
3246880
3246820
3246930
3246900
3247170
3247130
3246990
3247050
3247080
3247200
3247150
3247190
3247250
3247410
3247300
3247280
3247350
3247440
3247290
3247390
3247480
3247570
3247510
3247540
3247610
3247550
3247640
3247800
3247840
3247710
3247910
3247860
3247700
3247980
3248010
3248030
3247990
3191400
3191470
3191420
3191370
3191340
3191390
319150
3191510
3191610
3191540
3191550
3191600
3191530
3191580
3191680
3191630
3191720
3191710
3191800
3191740
3191770
3191920
3191860
3191960
3191940
3192120
3191970
3192020
3192100
3192080
3192050
3191990
3192150
3192210
3192140
3192160
3192130
3192350
3192310
3192510
3192540
3192590
3192490
3192550
3192360
3192390
3192600
3192650
3192640
3192660
3192610
3192720
3192670
3192680
3192840
3192800
3192810
3192880
3192910
3192970
3192940
3193010
3192960
3193270
3192980
3192950
3193060
3193310
3193390
3193350
3193300
3193290
3193630
3193510
3193540
3193500
3193520
3193620
3193490
3193680
3193640
3193670
3193750
3193730
3193770
3193830
3193800
3193780
3193980
3193920
3193840
3194090
3194000
3194110
3194140
3194080
3194120
3193990
3194300
319430
3222210
3222270
3222340
3222230
3222240
3222360
3222200
3222430
3222490
3222520
3222600
3222530
3222660
3222640
3222720
3222610
3222850
3222880
3222950
3222910
3222920
3222860
3222930
3223080
3223130
3223120
3223330
3223090
3222970
3223150
3223190
3223000
3223160
3223370
3223390
3223180
3223450
3223590
3223510
3223730
3223680
3223740
3224180
3223850
3223920
3223650
3223960
3223890
3224260
3224250
3224280
3224290
3224320
3224270
3224350
3224330
3224340
3224420
3223760
3224380
3224600
3224480
3224560
3224780
3224800
3224710
3224810
3224440
3224950
3224970
3224910
3224840
3224960
3224670
3225020
3225010
3225030
3225370
3225310
3225290
3225260
3225280
3225300
3225250
3225420
3225320
3225450
3225570
3225530
3225590
3225480
3225520
3225600
3225610
3225650
3225690
3225730
3225720
3225740
3225780
3225790
3225800
3225750
3225820
3225840
3225870
3225850
3225810
3225930
3226060
3225990
3225940
3225900
3225890
3226030
3226040
3226010
3226140
3226180
3226070
3226190
3226310
3226210
3226250
3226330
3226550
3226570
3226540
3226360
3226530
3226660
3226700
3226760
3226800
3226740
3226720
3226750
3226770
3226820
3226990
3226890
3227110
3226850
3227040
3227060
3226870
3227140
3227150
3227190
3227320
3227280
3227240
3227260
3227380
3227470
3227460
3227530
3227420
3227490
3227520
3227610
3227600
3227640
3227700
3227580
3227670
3227810
3227760
3227720
3227790
3227750
3227710
3227980
3228100
3228160
3228120
3228090
3228180
3228230
3228290
3228380
3228440
3228530
3228560
3228550
3228580
3228540
3228600
3228650
3228720
3228590
3228660
3228740
3228680
3228760
3228790
3228900
3228880
3228930
3228800
3164440
3164410
3164380
3164460
3164400
3164390
3164680
3164710
3164530
3164570
3164490
3164740
3164560
3164640
3164730
3164520
3165040
3164800
3164850
3164900
3164950
3164860
3164790
3164820
3165050
3165030
3164830
3164920
3165060
3165090
3165100
3165130
3165340
3165200
3165280
3165310
3165300
3165290
3165110
3165320
3165330
3165120
3165350
3165370
3165400
3165700
3165640
3165510
3165420
3165530
3165500
3165610
3165620
3165520
3165460
3165490
3165710
3165810
3166030
3166070
3166040
3166130
3165800
3166110
3166160
3166140
3166050
3165830
3166200
3166250
3166520
3166340
3166480
3166420
3166430
3166750
3166610
3166490
3166660
3166590
3166730
3166630
3166900
3166810
3166910
3167000
3166930
3166990
3166950
3166920
3167100
3166980
3167020
3167130
3167280
3167400
3167260
3167450
3167520
3167410
3248110
3247950
3247720
3248200
3248310
3248260
3248190
3248210
3248450
3248360
3248350
3248410
3248490
3248510
3248500
3248690
3248630
3248650
3248580
3248610
3248700
3248540
3248990
3249060
3248910
3248940
3249050
3248920
3249090
3249180
3249100
3249120
3249190
3249210
3249470
3249290
3249380
3249390
3249360
3249420
3249340
3249500
3249580
3249550
3249560
3249490
3249540
3249630
3249660
3249890
3249680
3249650
3249770
3249800
3249900
3250010
3250050
3249970
3249910
3250020
3250120
3250150
3250190
3250100
3250160
3250210
3250240
3250410
3250310
3250420
3250330
3250430
3250220
3250440
3250620
3250720
3250710
3250450
3250760
3250890
3250930
3250940
3250730
3251020
3251050
3251070
3250970
3250980
3251130
3251170
3251180
3251240
3251280
3251300
3251270
3251510
3251470
3251550
3251370
3251540
3140170
3140190
3140180
3140110
3140130
3140160
3140120
3140340
3140330
3140290
3140360
3140250
3140230
3140540
3140420
3140550
3140430
3140810
3140750
3140800
3140720
3140740
3140660
3140900
3140710
3140860
3140910
3140920
3140990
3141000
3141080
3141120
3141090
3141070
3141130
3141140
3141270
3141310
3141220
3141330
3141250
3141360
3141340
3141210
3141480
3141420
3141520
3141530
3141630
3141840
3141870
3141720
3141750
3141860
3141890
3141900
3141910
3141960
3141990
3142050
3142130
3142170
3142060
3142400
3053310
3142290
3142590
3142780
3142630
3142760
3142580
3142140
3142790
3142890
3142860
3142930
3142900
3142980
3143080
3143100
3143110
3143090
3143200
3143310
3143190
3143130
3143520
3143510
3143490
3143570
3143620
3143550
3143580
3143560
3143660
3143540
3143530
3143740
3143700
3143750
3194340
3194310
3194160
3194220
3194440
3194380
3194150
3194420
3194390
3194510
3194500
3194550
3194660
3194650
3194610
3194690
3194800
3194720
3194760
3194740
3194840
3194810
3194900
3194860
3194910
3194940
3194890
3194990
3195070
3194970
3195010
3195020
3195180
3195250
3195320
3195400
3195330
3195350
3195540
3195440
3195470
3195580
3195450
3195660
3195650
3195720
3195690
3195710
319570
3195920
3196110
3196020
3196030
3195980
3196040
3195990
3196060
3196270
3196190
3196180
3196120
3196160
3196290
3196360
3196390
3196340
3196150
3196370
3196320
3196310
3196460
3196510
3196530
3196520
3196540
3196400
3196440
3196680
3196730
3196570
3196690
3196620
3196740
3196380
3196750
3196810
3196770
3196780
3196800
3196850
3196820
3196910
3196980
3196890
3196830
3196940
3196840
3197000
3197060
3197050
3143790
3143730
3143850
3143840
3143860
3143760
3143810
3143780
3143930
3143910
3143990
3143980
3143920
3143970
3144000
3144050
3144120
3144090
3144070
3144010
3144060
3144030
3144130
3144140
3144160
3144190
3144180
3144340
3144400
3144370
3144380
3144410
3144440
3144450
3144490
3144240
3144500
3144540
3144510
3144430
3144660
3144530
3144460
3144520
3144640
3144680
3144710
3144910
3144740
3144760
3144770
3145050
3145070
3144700
3145100
3144720
3145060
3145440
3145260
3145230
3145320
3145480
3145560
3145520
3145510
3145340
3145350
3145370
3145580
3145540
3145600
3145570
3145630
3145750
3145680
3145790
3145780
3145830
3145800
3146100
3146250
3145930
3146050
3145850
3146270
3145810
3145940
3146510
3146400
3146440
3146340
3146280
3146540
3146580
3146500
3146610
3146670
3146680
3146840
3146640
3251690
3251660
3251680
3251590
3251700
3251610
3251930
3251910
3251950
3251840
3251990
3252190
3252240
3252090
3252250
3252290
3252350
3252270
3252160
3252380
3252310
3252360
3252420
3252390
3252400
3252490
3252500
3252550
3252510
3252590
3252600
3252610
3252520
3252530
3252730
3252700
3252830
3252790
3252900
3252770
3252750
3252940
3252930
3252920
3253080
3253170
3253150
3253090
3253310
3253300
3253340
3253220
3253530
3253560
3253620
3253440
3253420
3253460
3253700
3253730
3253710
3253920
3253830
3253950
3253860
3253770
3253970
3254020
3253990
3254010
3254050
3254200
3254140
3254210
3254130
3254320
3254150
3254470
3254460
3254440
3254380
3254550
3254730
3254630
3254670
3254570
3254800
3254620
3254840
3254900
3255120
3254910
3254940
3255000
3255100
3254820
3255210
3255170
3255320
3255310
3167540
3167320
3167690
3167660
3167710
3167480
3167550
3167750
3167610
3167820
3167800
3167930
3167810
3167920
3167960
3167990
3167980
3167950
3167970
3167940
3168060
3168180
3168120
3168240
3168200
3168410
3168260
3168400
3168520
3168310
3168370
3168640
3168560
3168620
3168650
3168590
3168670
3168750
3168710
3168830
3168880
3168810
3168820
3168720
3169030
3169010
3168930
3169040
3169170
3169060
3169090
3169150
3169210
3169250
3169070
3169080
3169180
3169270
3169320
3169360
3169300
3169330
3169390
3169510
3169580
3169600
3169590
3169610
3169660
3169630
3169810
3169620
3169760
3169780
3169670
3169800
3169820
3169850
3169910
3169890
3169830
3169930
3170080
3170060
3169960
3170170
3170250
3170160
3170110
3170130
3170140
3170330
3170360
3170450
3170560
3170490
3170390
3170720
3170690
3170660
3229030
3229140
3229020
3229110
3229160
3229040
3229010
3229150
3229300
3229280
3229320
3229310
3229290
3229210
3229240
3229420
3229460
3229480
3229520
3229530
3229540
3229620
3229570
3229600
3229710
3229700
3229730
3229900
3229790
3229780
3229860
3229910
3230020
3229940
3230010
3230040
3229980
3230120
3230070
3230090
3230200
3230220
3230210
3230170
3230230
3230240
3230280
3230270
3230380
3230290
3230330
3230350
3230470
3230440
3230770
3230850
3230820
3230520
3230900
3230940
3230860
3230870
3230880
3230890
3230930
3230990
3231130
3231120
3231090
3231190
3231250
3231260
3231030
3231330
3231370
3231460
3231570
3231550
3231600
3231520
3231840
3231910
3231720
3231690
3231850
3231920
3231480
3232000
3232010
3231970
3231900
3231990
3232190
3232040
3232310
3232480
3232320
3232460
3232250
3232520
3197100
3197170
3197190
3197210
3197230
3197400
3197200
3197330
3197370
3197650
3197550
3197640
3197600
3197690
3197590
3197700
3197930
3197730
3197810
3197560
3197780
3197860
3198220
3197950
3198140
3198190
3198210
3197940
3198120
3198270
3198230
3198240
3198250
3198300
3198260
3198290
3198320
3198470
3198460
3198410
3198360
3198400
3198480
3198630
3198540
3198610
3198640
3198490
3198530
3198750
3198700
3198900
3198760
3198960
3198880
3198940
3198820
3198970
3199120
3199040
3199080
3199170
3199110
3199210
3199400
3199280
3199200
3199180
3199370
3199190
3199360
3199380
3199490
3199430
3199570
3199560
3199440
3199540
3199660
3199860
3199760
3199900
3199740
3199910
3199590
3200020
3200030
3199930
3199960
3200060
3200110
3200190
3200130
3200150
3200220
3200140
3200160
3200200
3200210
3200260
3232530
3232400
3232560
3232590
3232240
3232580
3232660
3233130
3233180
3232800
3233080
3233060
3232760
3232710
3233190
3233220
3233230
3233260
3233250
3233300
3233390
3233490
3233520
3233510
3233500
3233660
3233630
3233430
3233530
3233710
3233770
3233740
3233870
3234000
3233860
3233940
3233810
3233960
3234080
3234100
3234140
3234110
3234360
3234400
3234300
3234330
3234280
3234380
3234310
3234430
3234480
3234450
3234440
3234510
3234500
3234700
3234680
3234570
3234550
3234760
3234730
3234750
3234740
3234800
3234890
3234940
3234900
3234970
3234850
3234820
3234930
3235040
3234980
3235030
3235130
3235070
3235140
3235150
3235180
3235230
3235430
3235170
3235360
3235570
3235540
3235580
3235640
3235600
3235830
3235690
3235660
3235740
3235730
3236010
3235920
3235980
3236000
3235850
3236030
3236040
3170640
3170700
3170770
3170730
3170670
3170790
3170810
3170850
3170840
3170880
3171000
3171080
3170930
3171060
3170980
3170830
3170970
3171090
3171170
3171160
3171180
3171240
3171340
3171450
3171380
3171440
3171500
3171490
3171230
3171530
3171520
3171510
3171560
3171630
3171620
3171760
3171780
3171740
3171900
3171790
3172040
3172050
3172090
3172130
3172140
3172180
3172160
3172060
3172230
3172200
3172190
3172220
3172300
3172410
3172330
3172430
3172400
3172450
3172310
3172460
3172470
3172380
3172480
3172490
3172530
3172500
3172600
3172570
3172690
3172640
3172590
3172620
3172540
3172680
3172550
3172700
3172790
3172800
3172770
3172820
3172720
3172830
3172990
3173100
3172760
3173050
3172880
3172860
3173000
3173130
3173120
3173070
3173160
3173200
3173220
3173310
3173320
3173400
3173410
3173440
3255140
3255330
3255400
3255340
3255480
3255510
3255540
3255710
3255670
3255610
3255650
3255810
3255600
3255820
3255830
3255660
3255440
3255970
3255960
3255870
3255920
3255950
3255860
3255990
3256030
3256010
3256020
3256060
3256100
3256130
3256530
3256560
3256630
3256740
3256610
3256470
3256870
3256840
3256850
3256760
3256890
3256790
3256780
3256880
3256980
3256970
3256960
3257000
3257020
3256900
3257040
3257210
3257190
3257160
3257100
3257260
3257150
3257220
3257230
3257320
3257340
3257310
3257330
3257350
3257360
3257270
3257690
3257770
3257870
3257760
3257620
3257970
3257780
3258090
3257630
3257720
3257910
3258250
3258470
3258480
3258370
3258290
3258580
3258670
3258560
3258600
3257980
3258500
3258910
3258880
3258960
3258710
3259040
3259110
3259060
3259090
3259080
3258800
3258590
3259190
3146780
3146740
3146710
3146700
3146730
3146900
3146590
3146930
3146550
3147190
3147140
3147220
3147240
3147230
3146980
3147170
3147040
3147130
3147090
3147200
3147150
3147260
3147300
3147380
3147370
3147390
3147540
3147520
3147480
3147560
3147510
3147550
3147610
3147600
3147620
3147660
3147710
3147700
3147720
3147780
3147730
3147840
3147850
3147940
3147920
3147890
3147950
3147930
3147960
3148010
3147980
3148050
3147870
3148060
3148100
3148160
3148130
3148200
3148080
3148240
3148300
3148420
3148360
3148270
3148170
3148390
3148500
3148430
3148480
3148510
3148490
3148550
3148470
3148790
3148660
3148590
3148670
3148600
3148560
3148650
3148800
3148880
3148810
3148840
3148860
3148930
3148940
3148950
3149050
3149010
3149100
3149120
3149170
3149180
3149200
3149270
3149340
3149330
3149310
3149360
3200310
3200240
3200290
3200580
3200590
3200480
3200500
3200530
3200520
3200620
3200380
3200470
3200640
3200690
3200670
3200650
3201000
3200770
3200810
3200830
3200960
3200950
3200980
3200460
3201030
3201170
3201190
3201210
3201040
3201350
3201430
3201370
3201240
3201310
3201070
3201560
3201580
3201610
3201570
3201450
3201630
3201720
3201780
3201710
3201740
3201790
3201830
3201820
3201990
3201950
3201940
3201880
3202110
3202040
3202220
3202410
3201800
3202370
3202310
3202260
3202440
3202460
3202400
3202430
3202230
3202640
3202480
3202490
3202610
3202660
3202770
3202250
3202800
3202920
3202880
3202870
3202810
3202670
3202710
3203020
3202980
3202950
3203110
3203180
3203130
3203160
3203170
3203040
3203220
3203230
3203190
3203310
3203290
3203300
3203360
3203420
3203450
3203440
3203550
3203530
3236170
3236110
3236190
3236050
3236350
3236330
3236230
3236340
3236280
3236460
3236570
3236520
3236560
3236500
3236540
3236680
3236360
3236830
3236920
3236890
3237040
3237090
3237010
3237000
3237050
3237180
3237240
3237110
3237250
3237320
3237340
3237330
3237550
3237450
3237460
3237420
3237440
3237570
3237630
3237360
3237640
3237730
3237720
3237920
3237870
3238030
3238160
3238180
3237930
3238190
3237980
3238240
3238220
3238420
3238290
3238450
3238490
3238310
3238250
3238640
3238650
3238680
3238670
3238510
3238300
3238690
3238780
3238890
3238900
3238920
3238790
3239080
3238520
3239020
3239220
3239290
3239250
3239300
3239330
3239340
3239480
3239350
3239420
3239500
3239100
3239550
3239610
3239570
3239660
3239640
3239770
3239710
3239780
3239800
3239860
3239840
3239880
3239870
3239360
3239900
3173270
3173430
3173300
3173460
3173530
3173480
3173560
3173540
3173670
3173550
3173620
3173780
3173740
3173970
3173890
3173900
3174020
3174070
3173980
3173940
3174040
3174140
3174110
3174170
3174160
3174280
3174310
3174420
3174430
3174330
3174380
3174400
3174470
3174480
3174390
3174440
3174510
3174410
3174490
3174500
3174540
3174620
3174670
3174790
3174720
3174820
3174960
3174920
3174830
3174860
3175000
3174950
3175140
3175130
3175020
3175180
3175040
3175190
3175230
3175310
3175290
3175390
3175300
3175460
3175450
3175530
3175410
3175510
3175580
3175650
3175440
3175630
3175740
3175860
3175900
3175720
3175690
3175890
3175930
3176050
3176060
3176190
3176080
3176290
3176300
3176420
3176320
3176280
3176310
3176460
3176250
3176450
3176520
3176560
3176470
3176580
3176740
3176800
3176750
3176780
3259380
3259250
3259230
3259390
3259400
3259450
3259650
3259240
3259570
3259680
3259720
3259770
3259700
3259710
3259660
3260000
3259910
3259810
3260080
3260490
3260090
3259990
3260040
3260190
3260240
3260310
3260110
3260870
3260730
3260930
3260910
3260920
3260970
3260950
3261010
3261030
3260990
3260880
3261050
3261060
3260900
3261100
3261140
3261190
3261250
3261360
3261200
3261280
3261300
3261370
3261460
3261510
3261450
3261500
3261390
3261860
3261850
3261630
3261750
3261800
3261430
3261600
3261520
3261870
3262110
3262090
3262160
3262080
3262190
3262120
3261880
3261890
3262100
3262200
3262220
3262260
3262290
3262350
3262360
3262310
3262250
3262490
3262410
3262440
3262610
3262600
3262520
3262570
3262530
3262450
3262420
3262560
3262480
3262720
3262660
3262650
3262760
3262850
3262770
3262860
3149250
3149510
3149440
3149500
3149470
3149430
3149460
3149560
3149520
3149720
3149600
3149530
3149370
3149660
3149750
3149730
3149960
3149870
3149860
3149830
3149850
3149950
3149810
3150020
3150000
3149980
3150030
3149970
3150040
3150120
3150060
3150090
3150050
3150240
3150260
3150150
3150160
3150310
3150420
3150390
3150320
3150410
3150610
3150530
3150460
3150540
3150620
3150490
3150510
3150600
3150630
3150650
3150660
3150690
3150790
3150730
3150970
3150770
3151000
3150780
3150960
3151020
3151030
3151010
3151130
3151100
3151040
3151140
3151270
3151290
3151350
3151250
3151230
3151160
3151330
3151220
3151340
3151450
3151360
3151380
3151400
3151420
3151660
3151560
3151600
3151530
3151500
3151680
3151510
3151670
3151570
3151690
3151710
3151840
3151700
3151760
3151820
3151870
3151940
3151920
3239970
3239960
3239930
3240010
3239990
3240000
3240050
3240020
3240280
3240250
3240300
3240230
3240310
3240540
3240470
3240350
3240510
3240500
3240570
3240590
3240670
3240620
3240610
3240780
3240720
3240760
3240970
3241030
3240820
3240930
3240790
3241300
3241120
3241310
3241420
3241480
3241440
3241710
3241520
3241540
3241670
3241560
3241760
3241910
3241880
3242010
3242100
3241940
3242280
3242110
3242150
3242350
3242330
3242430
3242170
3242410
3242370
3242500
3242510
3242730
3242750
3242850
3242700
3242910
3242890
3242870
3242830
3242940
3242930
3243240
3243230
3243220
3243250
3243300
3243410
3243190
3242950
3243330
3243350
3243490
3243450
3243590
3243990
3243860
3243720
3243970
3244030
3243920
3244140
3244150
3244040
3244090
3244210
3244190
3244240
3244320
3244350
3244180
3244160
3244270
3203430
3203370
3203340
3203600
3203590
3203470
3204100
3204040
3204090
3204030
3203860
3203620
3204140
3204120
3203710
3204240
3204230
3204310
3204390
3204330
3204400
3204320
3204440
3204490
3204510
3204710
3204480
3204420
3204530
3204590
3204650
3204740
3204750
3204760
3204920
3204880
3204940
3204840
3204900
3204970
3205050
3204850
3204780
3204960
3205130
3205150
3205170
3205180
3205260
3205140
3205160
3205320
3205190
3205350
3205360
3205380
3205390
3205400
3205480
3205520
3205590
3205570
3205410
3205470
3205500
3205560
3205600
3205530
3205430
3205800
3205980
3205960
3206030
3206020
3205630
3206040
3205880
3205730
3205820
3205970
3206090
3206110
3206100
3206180
3206140
3206200
3206170
3206300
3206290
3206240
3206340
3206260
3206350
3206320
3206390
3206450
3206400
3206420
3206490
3206530
3151930
3151900
3151850
3151860
3151880
3151800
3152020
3151980
3152150
3152200
3152060
3152120
3152090
3152310
3152230
3152110
3152170
3152290
3152430
3152530
3152600
3152390
3152330
3152500
3152370
3152630
3152690
3152740
3152660
3152940
3152750
3152720
3152970
3152900
3152830
3153030
3152650
3153020
3152880
3153140
3153080
3153200
3153100
3153060
3153190
3153130
3153280
3153620
3153550
3153360
3153640
3153770
3153760
3153690
3153900
3153950
3153920
3153940
3153870
3153890
3153790
3154150
3153910
3154130
3153960
3154330
3154210
3154390
3154240
3154340
3154270
3154190
3154360
3154450
3154470
3154460
3154490
3154600
3154510
3154610
3154590
3154650
3154550
3154620
3154660
3154670
3154690
3154840
3154800
3154890
3155030
3155100
3154950
3154940
3154910
3155080
3155180
3155270
3155010
3155290
3176710
3176790
3176500
3176720
3176850
3176890
3176880
3176970
3176830
3177050
3177030
3177160
3177130
3176980
3177070
3177280
3176940
3177400
3177380
3177450
3177320
3177510
3177430
3177330
3177690
3177710
3177730
3177890
3177660
3177670
3177870
3177820
3177550
3177590
3177810
3177920
3177800
3178660
3177970
3178020
3178670
3178030
3178760
3178880
3178910
3178820
3178970
3178950
3179130
3179020
3179160
3179120
3179140
3179010
3179170
3178930
3179280
3179320
3179530
3179360
3179370
3179350
3179450
3179510
3179460
3179330
3179740
3179750
3179720
3179710
3179850
3179880
3179840
3179810
3179870
3179830
3179860
3179770
3179990
3179960
3180000
3179950
3180170
3180060
3180280
3180270
3180310
3179900
3180150
3180290
3180420
3180440
3180450
3180340
3180410
3180400
3180460
3180570
3180520
3180480
3262810
3263070
3262950
3262990
3263150
3263180
3263220
3263280
3263230
3262910
3263090
3262870
3262900
3263310
3263370
3263330
3263380
3263320
3263340
326340
3263400
3262940
3263440
3263510
3263680
3263550
3263640
3263710
3263720
3263540
3263480
3263610
3263880
3263590
3263850
3263950
3264020
3264110
3264180
3264200
3264150
3264250
3264170
3264140
3264310
3264320
3264300
3264340
3264390
3264460
3264480
3264570
3264360
3264400
3264440
3264420
3264490
3264370
3264590
3264830
3264890
3264640
3264870
3264850
3264650
3264670
3264700
3264720
3264710
3264820
3264600
3264610
3265110
3264980
3265190
3264960
3265130
3265030
3265100
3265000
3265300
3265280
3265230
3265480
3265310
3265410
3265490
3265390
3265620
3265510
3265370
3265750
3265770
3265690
3265380
3265900
3265870
3265330
3266110
3266090
3206480
3206510
3206550
3206580
3206600
3206830
3206700
3206610
3206660
3206770
3206820
3206790
3206750
3206640
3206800
3206780
3206870
3206880
3206950
3207070
3206910
3207080
3206890
3207150
3206980
3206370
3207200
3207050
3207210
3207340
3207280
3207250
3207310
3207300
3207270
3207360
3207370
3207390
3207460
3207440
3207450
3207480
3207620
3207580
3207490
3207520
3207740
3207730
3207780
3207800
3207890
3207810
3207870
3207920
3207900
3208040
3208000
3208020
3207880
3207960
3207980
3208060
3208090
3208130
3208110
3208120
3208140
3208280
3208290
3208250
3208350
3208300
3208160
3208380
3208370
3208450
3208440
3208530
3208500
3208550
3208610
3208570
3208560
3208470
3208630
3208710
3208670
3208680
3208690
3208730
3208720
3208740
3208880
3208890
3208770
3208780
3208940
3209110
3208970
3209000
3180470
3180510
3180610
3180500
3180670
3180800
3180810
3180750
3180760
3180690
3180680
3180700
3181120
3180830
3180970
3180860
3181200
3180960
3181040
3181160
3181430
3181420
3181400
3181290
3181240
3181220
3181770
3181660
3181950
3181780
3181790
3181670
3182020
3181980
3181850
3181470
3181630
3181730
3182030
3182210
3182050
3182240
3182230
3182140
3182150
3181890
3182200
3182290
3182180
3182350
3182360
3182370
3182420
3182330
3182530
3182390
3182320
3182400
3182600
3182570
3182340
3182750
3182800
3182730
3182930
3182870
3182990
3182960
3182910
3183030
3183080
3182820
3182950
3183100
3183220
3183230
3183310
3183240
3183250
3183120
3183270
3183320
3183330
3183410
3183400
3183430
3183440
3183420
3183360
3183500
3183350
3183540
3183700
3183660
3183900
3183730
3183880
3183790
3183870
3183800
3281570
3281810
3281550
3281600
3281630
3281620
3281940
3281960
3282050
3281980
3282060
3282040
3282110
3282100
3282200
3282210
3282130
3282280
3282140
3282290
3282220
3282440
3282450
3282460
3282420
3282480
3282690
3282650
3282500
3282510
3282520
3282350
3282730
3282700
3282710
3282790
3282990
3283030
3282920
3282980
3282860
3282930
3283070
3283300
3283230
3283120
3283130
3283330
3283460
3283490
3283310
3283430
3283340
3283380
3283590
3283630
3283690
3283650
3283480
3283680
3283720
3283760
3283890
3283830
3283860
3283740
3283790
3283950
3284220
3284020
3284120
3283940
3284110
3284050
3283730
3284080
3284450
3284330
3284270
3284320
3284340
3284290
3284310
3284750
3284530
3284460
3284580
3284640
3284610
3284760
3284780
3285170
3284910
3284860
3284790
3284880
3285200
3285220
3285260
3285320
3316080
3315840
3316020
3316090
3315830
3316120
3316190
3316430
3316380
3316200
3316390
3316330
3316180
3316360
3316410
3316450
3316340
3316150
3316170
3316570
3316640
3316580
3316660
3316590
3316690
3316620
3316610
3316510
3316500
3316700
3316650
3316470
3316750
3316830
3316800
3316970
3316930
3316920
3316960
3316840
3316990
3317120
3317140
3317390
3317460
3317370
3317220
3317230
3317170
3317450
3317510
3317520
3317560
3317570
3317550
3317620
3317580
3317600
3317590
3317710
3317630
3317660
3317530
3317780
3317820
3317930
3318010
3317880
3318050
3318080
3317920
3318000
3318090
3317850
3317890
3318120
3318140
3318110
3318330
3318360
3318450
3318380
3318190
3318470
3318490
3318500
3318510
3318580
3318550
3318560
3318670
3318720
3318910
3318870
3318730
3318700
3318810
3318830
3318940
3318920
3266290
3266200
3265960
3266240
3266180
3266120
3266220
3265940
3266350
3266470
3266330
3266800
3266730
3266960
3266660
3266740
3266590
3266580
3266950
3266900
3266620
3267050
3267010
3267290
3267090
3267350
3267460
3267360
3267520
3267470
3267500
3267530
3267570
3267550
3267620
3267710
3267980
3267680
3267900
3267870
3268010
3267650
3268020
3268080
3268180
3268260
3268250
3268130
3268460
3268480
3268450
3268370
3268600
3268440
3268510
3268520
3268290
3268640
3268900
3268710
3268730
3268720
3268870
3268970
3269150
3268960
3269080
3269120
3268910
3269050
3268680
3269380
3269300
3269340
3269360
3269310
3269510
326960
3269610
3269430
3269450
3269600
3269440
3269410
3269620
3269630
3269680
3269660
3269710
3269650
3269670
3269810
3269860
3269850
3270020
3269830
3270230
3270330
3270220
3270050
3209080
3209020
3208960
3209130
3208910
3209240
3209220
3209160
3209280
3209180
3209300
3209330
3209420
3209400
3209360
3209450
3209630
3209530
3209760
3209690
3209750
3209700
3209850
3209860
3209920
3209950
3209960
3210110
3210140
3210160
3210260
3210080
3210180
3209980
3210060
3210390
3210490
3210330
3210270
3210640
3210520
3210670
3210570
3210650
3210840
3210850
3210710
3210750
3210730
3210870
3210720
3210900
3211030
3210930
3211050
3211180
3211250
3211070
3210910
3211310
3211280
3211350
3211290
3211510
3211480
3211360
3211620
3211540
3211690
3211710
3211750
3211680
3211830
3211800
3211840
3211810
3211850
3211780
3211890
3211790
3211970
321190
3211930
3211990
3212010
3211980
3212120
3212130
3212140
3212170
3212180
3212050
3212160
3212290
3212310
3212230
3212370
3212420
3212590
3212600
3183950
3183930
3183640
3183960
3183970
3183980
3183990
3184110
3184270
3184160
3184420
3184170
3184210
3184290
3184250
3184130
3184310
3184460
3184550
3184440
3184510
3184570
3184580
3184630
3184590
3184620
3184640
3184480
3184700
3184710
3184730
3184970
3184940
3184840
3184780
3184980
3185000
3185100
3185010
3184990
3185070
3185140
3185260
3185200
3185400
3185490
3185460
3185480
3185300
3185510
3185520
3185230
3185530
3185610
3185750
3185600
3185770
3185540
3185780
3185840
3185790
3185860
3185820
3185880
3185900
3186070
3186230
3186280
3186080
3186200
3186180
3186300
3186130
3186370
3186340
3186420
3186400
3186440
3186640
3186480
3186780
3186810
3186790
3186760
3186930
3186990
3187030
3187010
3186950
3187000
3187120
3187080
3187360
3187300
3187090
3187380
3187200
3187510
3187490
3187530
3285300
3284810
3285240
3285370
3285360
3285390
3285410
3285420
3285430
3285490
3285500
3285660
3285480
3285530
3285550
3285700
3285730
3285910
3285790
3285890
3285780
3285770
3285920
3285930
3286000
3286030
3286020
3286010
3286080
3285960
3286110
3286090
3286140
3286130
3286170
3286190
3286320
3286280
3286330
3286360
3286220
3286250
3286430
3286460
3286570
3286700
3286560
3286440
3286810
3286730
3286790
3286860
3286880
3286910
3286830
3286710
3287050
3287120
3287200
3287070
3287020
3286990
3287220
3287400
3287460
3287330
3287210
3287300
3287620
3287650
3287530
3287510
3287480
3287870
3287840
3287730
3287900
3288050
3288170
3288020
3288180
3288160
3288250
3288330
3288300
3288190
3288270
3288400
3288430
3288450
3288460
3288520
3288420
3288510
3288560
3288570
3288840
3288870
3288680
3288660
3318950
3319000
3319160
3319100
3319070
3319120
3319130
3319180
3319040
3319050
3319150
3319140
3319230
3319270
3319250
3319570
3319660
3319380
3319290
3319650
3319460
3319330
3319510
3319370
3319680
3319710
3320100
3319790
3319960
3319750
3320140
3319740
3320020
3319720
3320070
3320260
3320200
3320340
3320370
3320390
3320520
3320310
3320270
3320380
3320490
3320440
3320510
3320600
3320760
3320610
3320710
3320770
3320540
3320850
3320780
3320790
3320880
3320800
3320930
3320940
3320960
3321080
3321050
3320980
3321000
3321010
3321020
3321090
3321120
3321220
3321160
3321190
3321180
3321150
3321280
3321290
3321400
3321360
3321390
3321300
3321410
3321270
3321480
3321560
3321550
3321630
3321610
3321600
3321720
3321700
3321680
3321770
3321760
3321790
3321850
3322770
3322780
3322790
3322730
3322740
3270270
3270320
3270440
3270090
3270410
3270560
3270580
3270520
3270810
3270770
3270620
3270660
3270680
3270780
3270800
3270600
3270850
3270700
3270820
3270970
3270950
3270980
3271250
3271100
3271260
3271080
3271120
3271070
3271090
3271020
3271310
3271340
3271330
3271400
3271430
3271530
3271320
3271860
3271870
3271820
3271610
3271470
3271490
3271790
3271540
3272000
3271960
3272020
3272040
3272150
3272050
3272110
3272300
3272170
3272180
3272140
3272200
3272330
3272320
3272390
3272450
3272690
3272680
3272600
3272660
3272730
3272810
3272510
3272830
3272860
3272930
3273060
3272990
3272970
3272960
3272980
3273020
3273040
3273070
3273120
3273100
3273370
3273230
3273260
3273130
3273620
3273630
3273420
3273530
3273660
3273380
3273640
3273680
3273690
3273670
3273650
3273710
3273700
3273720
3273850
3322820
3322850
3322930
3322900
3323050
3323130
3322980
3323120
3323040
3323030
3323150
3323090
3323020
3323180
3323220
3323480
3323470
3323460
3323300
3323440
3323500
3323310
3323590
3323260
3323670
3323770
3323600
3323720
3323630
3323830
3323710
3323800
3323740
3323860
3324150
3324130
3324120
3323960
3323990
3324140
3324100
3324040
3323970
3324060
3324280
3324440
3324320
3324480
3324350
3324260
3324450
3324490
3324530
3324570
3324540
3324560
3324590
3324640
3324630
3324750
3324650
3324610
3324800
3324820
3325000
3324980
3324900
3324810
3325030
3325020
3324930
3325130
3325120
3325160
3325260
3325340
3325410
3325310
3325290
3325500
3325480
3325350
3325600
3325590
3325610
3325620
3325570
3325490
3325740
3325690
3325680
3325730
3325660
3325780
3325640
3325830
3325820
3325840
3325920
3325750
3212710
3212500
3212630
3212400
3212540
3212890
3212880
3212820
3212800
3212790
3212760
3213000
3213010
3213050
3213120
3213270
3213090
3213300
3213350
3213210
3213230
3213420
3213410
3213430
3213390
3213220
3213440
3213700
3213540
3213600
3213590
3213640
3213750
3213680
3213800
3213810
3213790
3213890
3213950
3213910
3213960
3214000
3213870
3213850
3214070
3214190
3214080
3214180
3214230
3213720
3214260
3214340
3214320
3214330
3214520
3214490
3214440
3214470
3214400
3214380
3214530
3214570
3214780
3214730
3214690
3214720
3214680
3214810
3214800
3214790
3214900
3214620
3215120
3215190
3215150
3214910
3215100
3215110
3214970
3215260
3215230
3215240
3215290
3215270
3215080
3215330
3215340
3215350
3215310
3215380
3215200
3215300
3215480
3215520
3215560
3215570
3215280
3215500
3215510
3215740
3335420
3335650
3335730
3335390
3335600
3335690
3335170
3335840
3335910
3336000
3335890
3336070
3336020
3336100
3336200
3336150
3335880
3336010
3336170
3336160
3336230
3336220
3336240
3336360
3336460
3336270
3336440
3336530
3336370
3336430
3336590
3336280
3336340
3336260
3336520
3336610
3336630
3336620
3336800
3337060
3337000
3337050
3336710
3336760
3336990
3336670
3336660
3336940
3337160
3337200
3337220
3337150
3337180
3337130
3337280
3337120
3337110
3337310
3337100
3337340
3337490
3337480
3337630
3337640
3337620
3337370
3337500
3337350
3337380
3337670
3337680
3337660
3337390
3337770
3337690
3337790
3337750
3337840
3337710
3337850
3337870
3337860
3337980
3337920
3337930
3337970
3338050
3338140
3338020
3338240
3338190
3338000
3338180
3337950
3338100
3338200
3338320
3338390
3338350
3338260
3288650
3288810
3288600
3288940
3288910
3289000
3289010
3288990
3289230
3289040
3289220
3289090
3289130
3289280
3289500
3289450
3289370
3289270
3289480
3289250
3289060
3289970
3289600
3289570
3289580
3290010
3290110
3290100
3290090
3290120
3290070
3290030
3290020
3290130
3290260
3290180
3290150
3290210
3290160
3290220
3290330
3290310
3290350
3290400
3290340
3290450
3290480
3290500
3290470
3290610
3290560
3290550
3290590
3290600
3290660
3290680
3290620
3291030
3291000
3290830
3291040
3291120
3291260
3291240
3291130
3291220
3291270
3291290
3291440
3291450
3291350
3291310
3291340
3291470
3291520
3291510
3291770
3291790
3291700
3291870
3291890
3291800
3291690
3291880
3291850
3292110
3292090
3291910
3292010
3291900
3292170
3292320
3292370
3292180
3292340
3292220
3292380
3292290
3292460
3292520
3273910
3273900
3273920
3273750
3273880
3273860
3273740
3273940
3274040
3273950
3274000
3273990
3273960
3274010
3274150
3274110
3274090
3274220
3274060
3274140
3274350
3274480
3274470
3274530
3274390
3274380
3274560
3274800
3274780
3274940
3274770
3275000
3275040
3275060
3275130
3274970
3275120
3275210
3275220
3275230
3275410
3275440
3275460
3275280
3275270
3275720
3275480
3275600
3275610
3275650
3275910
3275770
3276180
3276260
3276230
3276080
3276220
3276310
3276530
3276560
3276510
3276540
3276440
3276410
3276600
3276670
3276730
3276800
3276920
3276970
3276910
3276840
3276960
3276980
3276950
3277010
32770
3277040
3277060
3277070
3277100
3277170
3277200
3277240
3277150
3277230
3277140
3277270
3277260
3277300
3277250
3277320
3277410
3277390
3277450
3277510
3277480
3277500
3277400
3277530
3338380
3338460
3338490
3338510
3338530
3338470
3338550
3338440
3338560
3338630
3338660
3338570
3338600
3338750
3338880
3338820
3338860
3338720
3338850
3338890
3339100
3339180
3339240
3339410
3339270
3339300
3339460
3339420
3339330
3338950
3339470
3339280
3339570
3339510
3339490
3339600
3339630
3339720
3339810
3339680
3339730
3339780
3339860
3339880
3339830
3340040
3340020
3339920
3340080
3339910
3340120
3340050
3340210
3340110
3340160
3340220
3340250
3340510
3340530
3340760
3340810
3340740
3340750
3340710
3340820
3340770
3340870
3340940
3340920
3340980
3341100
3341110
3341220
3341190
3341370
3341420
3341140
3341150
3341440
3341430
3341350
3341460
3341330
3341710
3341630
3341660
3341800
3341920
3341750
3341830
3341950
3342040
3342050
3341980
3341780
3342130
3342150
3342210
3342090
3342190
3326040
3325950
3326000
3325960
3325860
3326050
3325870
3326250
3326220
3326300
3326170
3326290
3326310
3326420
3326350
3326460
3326440
3326100
3326700
3326650
3326610
3326520
3326830
3326770
3326820
3326900
3326810
3326960
3327000
3326940
3326970
3326920
3327080
3326950
3327100
3327020
3327090
3327120
3327030
3327150
3327250
3327210
3327200
3327240
3327170
3327280
3327160
3327370
3327340
3327590
3327700
3327480
3327820
3327900
3327710
3327470
3327400
3327880
3327910
3328020
3328270
3327980
3328230
3328010
3328100
3328090
3328330
3328280
3328040
3328320
3328350
3328500
3328390
3328380
3328410
3328540
3328520
3328340
3328620
3328630
3328580
3328700
3328740
3328720
3328730
3328810
3328820
3328880
3328870
3328960
3328860
3328940
3328980
3328930
3329000
3329040
3329050
3329080
3328840
3329020
3215590
3216090
3215840
3215800
3215880
3216070
3216150
3216170
3216210
3216280
3216200
3216190
3216220
3216310
3216400
3216610
3216330
3216640
3216340
3216430
3216670
3215820
3216750
3216760
3216700
3216770
3217020
3217030
3217000
3216900
3217050
3217090
3217120
3217040
3217070
3217130
3216300
3217200
3217150
3217210
3217180
3217230
3217260
3217320
3217340
3217300
3217330
3217360
3217590
3217470
3217580
3217600
3217480
3217060
3217650
3217660
3217380
3217770
3217900
3217290
3217740
3217820
3217720
3217780
3217440
3217760
3217880
3217990
3218000
3218100
3218080
3218170
3218150
3217970
3218270
3218090
3218490
3218310
3218590
3218280
3218320
3218370
3218580
3218680
3218630
3218600
3218700
3218710
3217980
3218760
3218990
3218730
3218860
3218820
3217930
3218880
3219010
3218870
3219170
3219090
3277560
3277610
3277520
3277640
3277750
3277660
3277650
3277840
3277980
3277860
3277920
3277670
3278160
3278100
3277990
3278120
3278000
3278170
3278260
3278310
3278230
3278290
3278190
3278350
3278460
3278560
3278590
3278500
3278390
3278740
3278690
3278860
3278620
3278720
3278680
3278760
3278870
3278900
3278980
3279000
3279140
3279150
3279170
3279160
3279030
3279240
3279330
3279580
3279750
3279450
3279640
3279740
3279480
3279440
3279760
3279780
3279980
3279870
3280010
3280020
3280210
3280110
3280080
3280380
3280100
3280340
3280370
3280410
3280550
3280650
3280660
3280590
3280560
3280820
3280430
3280830
3280800
3280750
3280810
3280680
3280860
3280980
3280990
3281210
3281200
3281050
3281230
3281090
3281190
3281300
3281130
3281460
3281400
3281390
3281380
3281490
3281330
3281500
3281840
3342170
3342140
3342080
3342240
3342270
3342320
3342370
3342330
3342380
3342350
3342470
3342390
3342480
3342400
3342430
3342540
3342600
3342580
3342650
3342880
3342630
3342870
3342680
3342810
3342960
3342890
3343010
3342500
3342610
3343020
3343040
3343400
3343300
3343360
3343440
3343330
3343480
3343160
3343170
3343320
3343390
334350
3343550
3343570
3343590
3343600
3343670
3343650
3343710
3343690
3343720
3343630
3343560
3343760
3343530
3343810
3343880
3343790
3343770
3343920
3343850
3343840
3343930
3343950
3343910
3343940
3344000
3343960
3344250
3344180
3343970
3344350
3344270
3344310
3344160
3344360
3344190
3344030
3344410
3344550
3344400
3344450
3344520
3344420
3344640
3344560
3344580
3344750
3344730
3344760
3344710
3344810
3344770
3344820
3344870
3344920
3344800
3344930
3344890
3344950
3292510
3292420
3292500
3292540
3292710
3292670
3292610
3292590
3292600
3292680
3292620
3292550
3292730
3292770
3292760
3292740
3292780
3292750
3292890
3292790
3292830
3292920
3293150
3293180
3293020
3292930
3293060
3292960
3293100
3293030
3293210
3293230
3293190
3293290
3293300
3293260
3293250
3293470
3293350
3293490
3293640
3293660
3293650
3293700
3293750
3293770
3293520
3293800
3293820
3293960
3294020
3293970
3293880
3293850
3294030
3294060
3294100
3294070
3294130
3294210
3294180
3294360
3294280
3294230
3294220
3294270
3294330
3294550
3294540
3294570
3294440
3294370
3294640
3294620
3294630
3294660
3294740
3294750
3294730
3294780
3294610
3294800
3294930
3294790
3294890
3294950
3295080
3295110
3294970
3295020
3295150
3295010
3295160
3295220
3294960
3295240
3295230
3295190
3295210
3295250
3329130
3329170
3329150
3329200
3329240
3329210
3329420
3329220
3329400
3329190
3329410
3329430
3329510
3329450
3329620
3329570
3329580
3329630
3329610
3329530
3329650
3329730
3330060
3329820
3330190
3329840
3330050
3330210
3330180
3330070
3330160
3330150
3330140
3330170
3330200
3330270
3330250
3330350
3330470
3330390
3330280
3330410
3330460
3330500
3330360
3330420
3330510
3330380
3330400
3330450
3330220
3330530
3330540
3330750
3330930
3330880
3330730
3330860
3330920
3330620
3330840
3331000
3331060
3331040
3331010
3331140
3331280
3331310
3331260
3331090
3331170
3331210
3331320
3331350
3331390
3331570
3331600
3331640
3331540
3331520
3331590
3331420
3331370
3331650
3331450
3331400
3331580
3331940
3331960
3331690
3331950
3332020
3331770
3332030
3331710
3331670
3331810
3332000
3331980
3332040
3369420
3369510
3369410
3369570
3369610
3369500
3369470
3369700
3370080
3370230
3370150
3369940
3370190
3370170
3370050
3369970
3370330
3370290
3369920
3370340
3370430
3370460
3370450
3370350
3370500
3370490
3370570
3370540
3370560
3370480
3370510
3370640
3370680
3370710
3370730
3370600
3370930
3370950
3370840
3370940
3370960
3371060
3371050
3371070
3371180
3371090
3371260
3371240
3370970
3371220
3371320
3371430
3371460
3371520
3371510
3371660
3371650
3371630
3371740
3371770
3371940
3371710
3371840
3372010
3372000
3371790
3371930
3372040
3372090
3372190
3372460
3372390
3372440
3372500
3372420
3372080
3372410
3372590
3372570
3372540
3372630
3372620
3372530
3372650
3372720
3372710
3372850
3372640
3372820
3372890
3372740
3372930
3372990
3373000
3372960
3373040
3373330
3373310
3373050
3373340
3344970
3345260
3345270
3345390
3345150
3345040
3345430
3345540
3345590
3345550
3345620
3345680
3345580
3345690
3345760
3345810
3345820
3345880
3346090
3345910
3345950
3345970
3346220
3346240
3346260
3346250
3346390
3346310
3346270
3346340
3346300
3346410
3346400
3346420
3346500
3346670
3346610
3346480
3346720
3346440
3346740
3346860
3346820
3346760
3346830
3346940
3346970
3346990
3347050
3347020
3347090
3347070
3347060
3347110
3347080
3347150
3347200
3347120
3346950
3347290
3347210
3347310
3347280
3347250
3347420
3347370
3347500
3347520
3347610
3347330
3347690
3347710
3347560
3347860
3347830
3347930
3348100
3347960
3348270
3348280
3348240
3348300
3348500
3348560
3348550
3348570
3348600
3348150
3348590
3348540
3348120
3348670
3348650
3348660
3348730
3348710
3348720
3348770
3348860
3348880
3295420
3295430
3295350
3295480
3295340
3295530
3295280
3295490
3295690
3295670
3295650
3295710
3295680
3295700
3295900
3295750
3295760
3295810
3295890
3295930
3296050
3296010
3296070
3295990
3296110
3296160
3296350
3296190
3296370
3296260
3296200
3296330
3296440
3296180
3296450
3296470
3296540
3296520
3296560
3296610
3296600
3296820
3296840
3296800
3296910
3296920
3296960
3297030
3297050
3297080
3297020
3297040
3297120
3297070
3297010
3297210
3297190
3297160
3297200
3297250
3297240
3297360
3297310
3297500
3297370
3297510
3297440
3297340
3297290
3297600
3297520
3297630
3297620
3297490
3297650
3297670
3297660
3297730
3297850
3297720
3297740
3297800
3297790
3297870
3297920
3298020
3297940
3297900
3298030
3298130
3298050
3298140
3298060
3298080
3298200
3298150
3298380
3298300
3298250
3298230
3332080
3332090
3332060
3332170
3332410
3332150
3332070
3332380
3332120
3332440
3332450
3332400
3332700
3332690
3332730
3332680
3332530
3332550
3332670
3332460
3332490
3332720
3332600
3332660
3332710
3332630
3332970
3333000
3332800
3332870
3332860
3333080
3332780
3333050
3332760
3332880
3333020
3332790
3333060
3333180
3333220
3333200
3333120
3333330
3333350
3333110
3333310
3333360
3333610
3333650
3333670
3333700
3333380
3333830
3333460
3333680
3333450
3333600
3333790
3334190
3333890
3333900
3333840
3334220
3334260
3334050
3334280
3334100
3333980
3333930
3333940
3334330
3334350
3334360
3334540
3334450
3334580
3334400
3334510
3334560
3334430
3334610
3334600
3334630
3334740
3334650
3334710
3334750
3334980
3334640
3334770
3334660
3334990
3334830
3335040
3335050
3335070
3335130
3335120
3335540
3403530
3403570
3403610
3403560
3403590
3403540
3403790
3403680
3403630
3403750
3403670
3403780
3403660
3403850
3403860
3403880
3403920
3403960
3404040
3404010
3403870
3404150
3404180
3404160
3404050
3404110
3404170
3404360
3404330
3404440
3404380
3404470
3404410
3404480
3404690
3404640
3404610
3404670
3404520
3404900
3404890
3404250
3405140
3405010
3405020
3405100
3405050
3405080
3405160
3405200
3405220
3405230
3405360
3405340
3405590
3405470
3405580
3405630
3405540
3405460
3405490
3405420
3405430
3405670
3405680
3405860
3405880
3405910
3406040
3405960
3406120
3406090
3405990
3406060
3406130
3406290
3406310
3406460
3406480
3406600
3406560
3406570
3406660
3406610
3406690
3406750
3406730
3406740
3406760
3406710
3406810
3406870
3406800
3406840
3407040
3406890
3406850
3407180
3407150
3407170
3348910
3349070
3348850
3349150
3348510
3348900
3349270
3349290
3349190
3349340
3349440
3348970
3349460
3349500
3349520
3349490
3349770
3349730
3349600
3349800
3349610
3349870
3349840
3349560
3349850
3349820
3349860
3349980
3349900
3349970
3349940
3350000
3349960
3349930
3350250
3350040
3350110
3350030
3350190
3350050
3350340
3350440
3350480
3350310
3350380
3350460
3350790
3350610
3350780
3350800
3350820
3350630
3350740
3350750
3350910
3350870
3350890
3350950
3350840
3350860
3350920
3351070
3350960
3351100
3351090
3351110
3351080
3351040
3351020
3351220
3351230
3351120
3351270
3351140
3351290
3351330
3351410
3351340
3351350
3351400
3351430
3351420
3351390
3351280
3351550
3351470
3351570
3351530
3351490
3351560
3351640
3351620
3351730
3351670
3351610
3351760
3351650
3351710
3351770
3351830
3298460
3298420
3298530
3298500
3298430
3298620
3298570
3298590
3298560
3298650
3298820
3298780
3298760
3298710
3298720
3298840
3298920
3298880
3298800
3298950
3298910
3298940
3299050
3299100
3299140
3299130
3299160
3299080
3299360
3299350
3299230
3299190
3298640
3299460
3299470
3299500
3299450
3299520
3299760
3299750
3299710
3299780
3299620
3299380
3299900
3299870
3299850
3299880
3299920
3299810
3299940
3299550
3299990
3299980
3299960
3300060
3300050
3300260
3300280
3300170
3300090
3300300
3300470
3300410
3300350
3300370
3300140
3300400
3300490
3300480
3300500
3300640
3300510
3300580
3300590
3300620
3300840
3300670
3300760
3300800
3300830
3300820
3300950
3300920
3301010
3301140
3301080
3301070
3301160
3301090
3301100
3301260
3301180
3301210
3301310
3301350
3301300
3301370
3301380
3301290
3372950
3373390
3373030
3373280
3373520
3373410
3373630
3373580
3373500
3373540
3373430
3373490
3373670
3373480
3373680
3373860
3373750
3373760
3373800
3373960
3373810
3373730
3373900
3373920
3374020
3373970
3374340
3374160
3374060
3373990
3374280
3374300
3374140
3374360
3374070
3374090
3374040
3374620
3374420
3374600
3374390
3374550
3374470
3374440
3374590
3374450
3374570
3374610
3374670
3374560
3374640
3374700
3374820
3374920
3374790
3374720
3374880
3374900
3374840
3374950
3375060
3375070
3375110
3375270
3375350
3375330
3375300
3375310
3375220
3375490
3375340
3375520
3375730
3375750
3375700
3375640
3375880
3375970
3376020
3375940
3375870
3375830
3375550
3375800
3376040
3376070
3376230
3376210
3376130
3376080
3376060
3376150
3376250
3376480
3376340
3376440
3376500
3376410
3376430
3376540
3351890
3351860
3352140
3351950
3351970
3352130
3352020
3352150
3352070
3352180
3352240
3352300
3352310
3352470
3352440
3352680
3352390
3352750
3352670
3352880
3352930
3352970
3352870
3352820
3352850
3353030
3353000
3353080
3353050
3353090
3352840
3353100
3353180
3353200
3353120
3353170
3353130
3353380
3353230
3353280
3353260
3353510
3353490
3353400
3353740
3353590
3353580
3353810
3353800
3353860
3353820
3353830
3354130
3353900
3353880
3354160
3354220
3354200
3354170
3354190
3354080
3354260
3354280
3354230
3354300
3354290
3354320
3354760
3354770
3354990
3354960
3354980
3355020
3355150
3355070
3355080
3355060
3354930
3355230
3355110
3355420
3355400
3355240
3355550
3355170
3355430
3355120
3355690
3355610
3355510
3355740
3355790
3355800
3355890
3355830
3355900
3355750
3355930
3355940
3355980
3427700
3427860
3427890
3428000
3427940
3428010
3427970
3427990
3428060
3428240
3428080
3428100
3428120
3428270
3428260
3428330
3428350
3428310
3428480
3428430
3428500
3428410
3428550
3428530
3428570
3428620
3428660
3428640
3428750
3428800
3428700
3428850
3428840
3428790
3428890
3428910
3428860
3428960
3428940
3428930
3428920
3429050
3429040
3428990
3429020
3429160
3429150
3429210
3429250
3429260
3429300
3429270
3429340
3429460
3429480
3429500
3429410
3429400
3429380
3429680
3429570
3429710
3429830
3429720
3429860
3429730
3430010
3429890
3430030
3430040
3429940
3429970
3429910
3429980
3429990
3430060
3430160
3430190
3430070
3430290
3430340
3430470
3430260
3430480
3430460
3430450
3430380
3430330
3430620
3430550
3430600
3430520
3430570
3430730
3430910
3430920
3430720
3430630
3430880
3430840
3407070
3407310
3407480
3407380
3407360
3407450
3407570
3407500
3407820
3407680
3407810
3407760
3407710
3407770
340790
3407910
3408000
3407960
3407980
3408010
3407990
3408020
3408140
3408160
3408170
3408120
3408190
3408060
3408290
3408300
3408350
3408360
3408110
3408410
3408450
3408420
3408470
3408490
3408510
3408550
3408540
3408560
3408570
3408580
3408610
3408670
3408600
3408640
3408700
3408690
3408710
3408820
3408810
3408790
3409350
3408950
3409270
3408870
3408900
3409010
3409370
3409390
3409430
3409560
3409500
3409570
3409540
3409660
3409680
3409760
3409620
3409800
3409720
3409820
3410020
3409870
3409980
3409890
3409990
3409940
3410250
3410180
3410080
3410240
3410370
3410420
3410310
3410390
3410340
3410490
3410410
3410600
3410660
3410670
3410640
3410530
3410910
3410880
3411160
3411010
3301280
3301420
3301400
3301410
3301520
3301430
3301500
3301580
3301530
3301670
3301660
3301730
3301650
3301810
3301850
3301870
3301740
3301910
3301930
3301890
3301900
3302110
3302140
3302090
3302160
3302080
3302150
3301970
3302270
3302370
3302190
3302360
3302350
3302460
3302570
3302380
3302680
3302600
3302660
3302610
3302620
3302650
3302740
3302880
3302950
3302900
3302960
3302910
3303180
3303100
3303140
3303010
3303230
3303290
3303250
3303320
3303400
3303350
3303370
3303420
3303340
3303520
3303550
3303540
3303560
3303530
3303630
3303590
3303640
3303660
3303680
3303670
3303700
3303720
3303820
3303770
3303790
3303870
3303740
3303920
3303890
3303910
3303940
3303950
3304010
3304020
3304110
3304030
3304190
3304220
3304070
3304350
3304280
3304390
3304430
3304400
3304460
3304420
3304410
3304510
3376510
3376570
3376550
3376710
3376580
3376590
3376650
3376640
3376630
3376620
3376760
3376830
3376840
3376860
3376850
3376930
3377170
3376990
3377220
3377290
3377200
3377230
3376960
3377320
3377300
3376950
3377340
3377360
3377410
3377400
3377420
3377390
3377530
3377550
3377510
3377640
3377680
3377690
3377570
3377480
3377770
3377840
3377790
3377890
3377860
3377960
3377990
3377720
3377940
3377900
3378080
3378250
3378140
3378190
3378300
3378100
3378270
3378410
3378360
3378340
3378330
3378600
3378770
3378640
3378610
3378830
3378950
3379150
3379110
3379210
3379180
3379170
3379190
3379360
3379280
3379440
3379220
3379270
3379380
3379390
3379460
3379580
3379590
3379630
3379610
3379640
3379720
337970
3379750
3379770
3379650
3379690
3379860
3379870
3379880
3380090
3380100
3380110
3380380
3380340
3355990
3355910
3356090
3356060
3356080
3356160
3356010
3356130
3356250
3356230
3356220
3356290
3356320
3356310
3356330
3356440
3356540
3356520
3356590
3356570
3356700
3356690
3356480
3356660
3356720
3356740
3356770
3356790
3356780
3356920
3356930
3356840
3356980
3356810
3356960
3356970
3357030
3357260
3357130
3357010
3357120
3357250
3357310
3357410
3357380
3357430
3357480
3357570
3357580
3357510
3357590
3357670
3357680
3357870
3357860
3357880
3357970
3358010
3357930
3358170
3358040
3358030
3357960
3358020
3358060
3358220
3358260
3358300
3358230
3358250
3358470
3358520
3358360
3358340
3358680
3358740
3358820
3358560
3358870
3358880
3358900
3358850
3359160
3358980
3359200
3359210
3359190
3359260
3359310
3359330
3359320
3359410
3359420
3359280
3359370
3359450
3359430
3359470
3359360
3359510
3430780
3430790
3431030
3430960
3431020
3431050
3431410
3431060
3431220
3431280
3431170
3431380
3431120
3431500
3431620
3431440
343160
3431680
3431610
3431600
3431700
3431750
3431720
3431760
3431530
3431770
3431910
3431980
3431950
3431830
3431930
3432000
3431800
3432100
3432070
3432140
3432200
3432130
3432050
3432220
3432260
3432290
3432270
3432310
3432390
3432420
3432320
3432440
3432230
3432620
3432600
3432510
3432610
3432540
3432530
3432640
3432590
3432500
3432630
3432660
3432810
3432920
3432780
3432860
3432800
3432880
3432890
3432910
3432830
3432750
3432960
3433000
3433050
3433210
3432980
3433180
3433230
3433240
3433200
3433110
3433290
3433250
3433330
3433540
3433690
3433430
3433520
3433480
3433530
3433410
3433450
3433550
3433610
3433640
3433680
3433720
3433960
3433760
3433820
3433800
3411120
3411320
3411060
3411080
3411020
3410980
3411410
3411360
3411600
3411570
3411430
3411450
3411560
3411420
3411490
3411580
3411590
3411660
3411540
3411790
3411900
3411890
341190
3411820
3411970
3411930
3411800
3411810
3411860
3412000
3411730
3411840
3411720
3412160
3412250
3412230
3412490
3412380
3412330
3412280
3412400
3412340
3412110
3412580
3412600
3412530
3412620
3412670
3412560
3412660
3412690
3412760
3412790
3412800
3413090
3412910
3412990
3413060
3413080
3412850
3413110
3413190
3413140
3413130
3413150
3413210
3413390
3413260
3413350
3413300
3413440
3413540
3413560
3413500
3413520
3413470
3413590
3413660
3413680
3413800
3413650
3413750
3413850
3414010
3413900
3414020
3413950
3414040
3414390
3414320
3414060
3414370
3414350
3414450
3414360
3414240
3414410
3414460
3414480
3414550
3304490
3304500
3304540
3304580
3304610
3304630
3304570
3304590
3304640
3304660
3304770
3304760
3304750
3304730
3304800
3304780
3304980
3304830
3304820
3304930
3304990
3304950
3305190
3305080
3305110
3305180
3305120
3305070
3305060
3305230
3305330
3305350
3305210
3305380
3305490
3305430
3305530
3305630
3305540
3305640
3305650
3305710
3305900
3305890
3305770
3305700
3305840
3305740
3305830
3305920
3306050
3306030
3305980
3305970
3306040
3306180
3306140
3306080
3306150
3306280
3306090
3306170
3306300
3306350
3306460
3306470
3306390
3306410
3306800
3306900
3306780
3306790
3306480
3306910
3306920
3306950
3306940
3306960
3307010
3307020
3306990
3306970
3307130
3307240
3307030
3307110
3307200
3307050
3307120
3307250
3307230
3307390
3307350
3307410
3307270
3307460
3307560
3307580
3307710
3307440
3359390
3359540
3359480
3359560
3359520
3359440
3359630
3359580
3359610
3359870
3359710
3359840
3359690
3359860
3359930
3359990
3360220
3360150
3360110
3360130
3360230
3360170
3359650
3360000
3360280
3360270
3360260
3360300
3360420
3360320
3360250
3360580
3360590
3360630
336060
3360390
3360660
3360730
3360740
3360710
3360700
3360810
3360860
3360780
3360770
3360880
3360930
3360890
3360850
3361060
3361090
3361030
3360950
3361000
3361120
3361180
3361190
3361200
3361210
3361220
3361360
3361320
3361330
3361280
3361380
3361340
3361470
3361460
3361500
3361480
3361510
3361540
3361600
3361620
3361730
3361760
3361700
3361660
3361720
3361790
3361810
3361820
3361770
3361860
3361980
3361900
3361890
3361780
3362070
3362100
3362040
3362170
3362160
3362130
3362290
3362250
3362210
3362320
3362330
3362390
3380360
3380170
3380320
3380500
3380470
3380480
3380310
3380580
3380020
3380610
3380150
3380640
3380700
3380620
3380760
3380650
3380800
3380740
3380820
3380730
3380810
3380860
3380840
3380980
3380950
3380960
3381080
3381030
3380880
3381120
3381140
3381010
3381170
3381190
3381430
3381420
3381320
3381370
3381300
3381510
3381760
3381650
3381780
3381950
3381940
3381930
3381880
3382010
3382100
3382070
3381990
3381970
3381820
3382170
3382110
3382280
3382300
3382090
3382290
3382220
3382310
3382350
3382380
3382410
3382360
3382540
3382560
3382660
3382500
3382600
3382460
3382670
3382750
3382690
3382820
3382780
3382840
3382870
3382940
3382830
3382790
3382860
3383040
3383070
3383090
3383020
3383180
3383160
3383210
3383100
3383220
3383340
3383290
3383360
3383380
3383410
3383190
3383240
3383230
3383260
3433730
3433740
3433880
3433940
3433700
3433970
3433840
3433990
3434070
3434000
3434130
3434160
3434120
3434050
3434150
3434040
3434200
3434370
3434250
3434280
3434400
3434340
3434420
3434460
3434430
3434300
3434440
3434720
3434670
3434660
3434530
3434580
3434880
3434490
3434620
3434740
3434850
3434700
3434800
3434920
3434710
3434890
3435100
3435180
3434950
3435050
3435250
3435110
3435160
3435260
3435440
3435500
3435430
3435470
3435420
3435400
3435310
3435340
3435530
3435600
3435840
3435890
3435820
3435710
3435700
3435750
3435640
3435920
3435610
3435580
3435980
3436050
3436000
3436090
3436140
3436350
3436030
3436130
3436370
3436430
3436450
3436460
3436420
3436490
3436480
3436570
3436630
3436530
3436540
3436590
3436650
3436560
3436620
3436500
3436750
3436730
3436870
3436880
3436970
3436940
3414530
3414580
3414690
3414780
3414720
3414730
3414770
3414760
3414630
3414920
3414910
3414900
3414890
3414830
3414840
3415100
3415060
3415080
3415140
3415130
3414930
3415240
3415260
3415230
3415150
3415310
3415410
3415350
3415390
3415450
3415280
3415340
3415300
3415380
3415570
3415530
3415620
3415580
3415680
3415840
3415860
3415790
3415870
3415910
3416070
3415920
3416040
3416080
3416160
3416150
3416180
3416270
3416300
3416290
3416360
3416350
3416370
3416450
3416380
3416650
3416510
3416680
3416530
3416630
3416690
3416560
3416810
3416960
3417030
3416970
3416800
3417120
3417040
3417210
3417310
3417260
3417200
3417130
3417340
3417320
3417350
3417390
3417470
3417410
3417370
3417500
3417490
3417550
3417630
3417520
3417600
3417510
3417820
3417780
3417760
3417830
3417690
3417650
3417900
3418020
3307610
3307750
3307670
3307300
3307860
3307850
3308030
3308110
3308040
3308180
3308120
3308200
3308140
3308190
3308210
3308230
3308240
3308280
3308330
3308310
3308350
3308580
3308940
3308950
3308380
3308550
3308560
3308540
3308800
3308920
3308930
3309130
3309070
3308960
3309150
3309250
3309210
3309390
3309360
3309440
3309240
3309270
3309220
3309290
3309160
3309380
3309620
3309460
3309510
3309850
3309750
3309880
3309760
3310020
3310000
3309950
3310100
3310090
3310280
3310230
3310160
3310190
3310180
3310320
3310170
3310110
3310260
3310200
3310330
3310350
3310560
3310390
3310540
3310410
3310640
3310570
3310530
3310510
3310680
3310670
3310990
3310950
3310890
3310830
3310850
3310880
3310870
3310930
3310750
3310970
3310910
3311690
3311380
3311980
3311710
3311550
3311840
3311700
3311670
3311470
3362500
3362340
3362670
3362760
3362780
3362830
3362790
3362850
3362860
3362870
3363040
3362960
3363000
3362900
3362940
3363180
3363200
3363230
3363250
3363030
3363280
3363410
3363310
3363390
3363420
3363450
3363270
3363480
3363510
3363570
3363530
3363560
3363550
3363580
3363590
3363630
3363600
3363610
3363640
3363680
3363730
3363700
3363740
3363810
3363790
3363780
3363800
3363830
3363820
3363980
3363890
3364060
3364120
3363970
3364080
3364130
3364490
3364500
3364470
3364520
3364220
3364570
3364600
3364590
3364650
3364810
3364560
3364850
3364980
3364940
3364880
3364970
3364910
3365000
3365140
3365300
3365170
3365370
3365450
3365400
3365420
3365380
3365440
3365560
3365630
3365860
3365680
3365660
3365730
3365470
3365820
3365870
3365890
3365900
3365910
3365920
3366070
3365990
3366050
3366000
3311570
3311610
3311730
3311460
3312020
3312300
3312180
3312060
3312130
3312230
3312190
3312200
3312030
3312250
3312040
3312310
3312330
3312350
3312700
3312670
3312540
3312530
3312730
3312410
3312600
3312420
3312820
3312740
3313070
3313130
3313160
3313180
3313330
3313290
3313230
3313310
3313430
3313350
3313390
3313480
3313560
3313540
3313800
3313530
3313640
3313810
3313720
3313580
3313930
3313850
3313860
3313880
3313960
3314190
3314040
3314260
3313970
3314030
3314240
3314340
3314320
3314300
3314310
3314140
3314270
3314630
3314350
3314420
3314450
3314600
3314670
3314740
3314700
3314690
3314710
3314880
3315130
3315280
3315010
3315300
3315020
3314780
3315320
3315400
3315630
3315700
3315610
3315710
3315670
3315600
3315720
3315490
3315750
3315920
3315880
3315850
3315800
3315900
3315820
3316010
3417930
3418180
3418040
3417990
3418100
3418030
3418190
3418270
3418200
3418300
3418430
3418320
3418620
3418500
3418490
3418350
3418710
3418640
3418810
3418820
3418850
3418880
3418830
3418910
3418920
3418990
3419120
3419010
3419130
3419160
3419250
3419220
3419140
3419210
3419240
3419290
3419430
3419390
3419440
3419540
3419520
3419610
3419650
3419620
3419530
3419510
3419780
3419770
3419800
3419850
3419670
3419660
3419860
3420000
3419910
3419930
3419950
3419880
3420020
3419960
3419870
3420060
3420230
3420100
3420280
3420070
3420140
3420180
3420300
3420590
3420510
3420340
3420650
3420630
3420680
3420700
3420710
3420790
3420770
3420690
3420910
3420920
3420870
3420800
3420960
3420860
3420820
3420980
3421000
3421070
3421050
3421080
3421010
3421090
3421280
3421220
3421100
3421180
3421110
3421130
3366030
3366060
3366010
3366130
3366200
3366270
3366120
3366600
3366750
3366590
3366710
3366410
3366870
3366940
3366910
3366960
3366950
3367010
3367020
3367130
3367170
3367060
2149010
3607300
1155220
3764290
3746310
3367070
3367190
3367260
3367360
3367680
3367520
3367660
3367540
3367590
3367480
3367600
3367500
3367690
3367700
3367710
3367720
3367740
3367820
3367880
3367770
3367920
3368050
3368090
3368080
3368100
3368250
3368200
3368060
3368150
3368210
3368300
3368280
3368340
3368350
3368390
3368550
3368410
3368800
3368530
3368470
3368480
3368820
3368360
3368580
3368850
3368860
3368880
3369060
3368980
3368940
3369020
3369050
3368910
3369010
3369070
3369000
3369120
3369250
3369210
3369110
3369300
3369360
3369220
3369340
3369200
3369190
3369290
3369430
3369390
3369370
3383440
3383450
3383390
3383460
3383430
3383490
3383580
3383520
3383610
3383630
3383640
3383750
3383700
3383710
3383780
3383850
3383820
3383870
3383910
3383900
3383880
3383930
3384070
3384090
3384010
3384130
3384150
3384140
3384110
3384180
3384120
3383970
3384240
3384270
3384190
3384220
3384230
3384280
3384360
3384350
3384370
3384340
3384380
3384440
3384610
3384690
3384570
3384750
3384720
3384490
3384840
3384880
3384890
3384900
3384740
3384820
3384860
3385060
3385100
3385110
3385120
3385130
3385160
3385140
3385170
3385240
3385260
3385350
3385300
3385420
3385390
3385380
3385360
3385400
3385370
3385490
3385450
3385500
3385520
3385570
3385440
3385710
3385610
3385430
3385900
3385910
3385960
3385870
3385970
3386110
3386120
3386140
3386230
3386100
3386030
3386240
3386250
3386260
3386300
3386350
3460150
3460060
3460050
3460280
3460310
3460230
3460190
3460330
3460320
3460400
3460380
3460500
3460440
3460370
3460530
3460540
3460520
3460780
3460610
3460770
3460790
3460690
3460680
3460570
3460950
3460910
3460800
3461060
3460920
3461090
3460840
3461210
3461200
3461190
3461130
3461220
3461110
3461290
3461300
3461280
3461410
3461430
3461440
3461230
3461270
3461560
3461510
3461520
3461600
3461580
3461670
3461750
3461730
3461630
3461760
3461680
3461610
3461880
3461910
3461920
3461950
3462130
3462000
3462040
3462110
3462150
3461890
3461810
3462200
3462210
3462340
3462360
3462330
3462600
3462580
3462560
3462570
3462900
3462890
3462950
3462790
3463170
3463020
3463100
3462980
3463030
3462820
3463180
3463290
3463260
3463220
3463190
3463360
3463250
3463660
3463400
3463530
3463560
3463470
3463490
3436860
3436990
3436980
3437020
3437060
3437110
3437160
3437180
3437210
3437390
3437370
3437280
3437350
3437270
3437460
3437470
3437440
3437650
3437570
3437700
3437610
3437790
3437820
3437940
3437540
3438070
3438060
3438040
3437860
3438100
3438110
3438080
3438090
3437850
3438210
3438130
3438220
3438340
3438250
3438360
3438430
3438400
3438350
3438470
3438510
3438570
3438460
3438530
3438630
3438600
3438720
3438700
3438730
3438550
3438640
3438770
3438800
3438810
3438820
3438830
3438690
3438880
3438970
3438910
3438920
3438990
3438850
3439020
3439010
3438840
3439030
3439000
3439050
3439040
3439060
3438950
3439240
3439100
3439150
3439080
3439210
3439300
3439250
3439320
3439310
3439440
3439490
3439500
3439430
3439590
3439540
3439510
3439520
3439530
3439620
3439600
3439640
3439730
3439710
3439800
3463460
3463690
3463580
3463830
3463750
3463700
3464230
3464080
3463900
3463930
3463780
3464350
3464550
3464370
3464360
3464580
3464490
3464540
3464390
3464500
3464560
3464320
3464570
3464600
3464630
3464760
3464710
3464700
3464680
346470
3464800
3464690
3464620
3464900
3464820
3464640
3464920
3464970
3465050
3464960
3465310
3465130
3465180
3465080
3465220
3465370
3464950
3465470
3465400
3465740
3465510
3465450
3465680
3465830
3465820
3465900
3465780
3466030
3465440
3465850
3466260
3466130
3466300
3466320
3466110
3466340
3466310
3466420
3466180
3466370
3466450
3466430
3466440
3466460
3466470
3466580
3466630
3466570
3466670
3466500
3467280
3466680
3467390
3466530
3466660
3467040
3467620
3468180
3468200
3468160
3468260
3468270
3467700
3467770
3468280
3468090
3467750
3468350
3468430
3468510
3421300
3421410
3421330
3421310
3421340
3421320
3421510
3421480
3421520
3421590
3421620
3421690
3421500
3421740
3421710
3421780
3421950
3421920
3421930
3421850
3421860
3421800
3422000
3422060
3422200
3422260
3422140
3422090
3422160
3422170
3422210
3422180
3422220
3422120
3422130
3422270
3422330
3422410
3422420
3422490
3422460
3422630
3422580
3422660
3422620
3422680
3422450
3422740
3422770
3422700
3423000
3422840
3422930
3422830
3422860
3422950
3422900
3422800
3423010
3423060
3423180
3423050
3423230
3423210
3423410
3423400
3423360
3423200
3423240
3423500
3423620
3423660
3423720
3423800
3423440
3423820
3423700
3423860
3423990
3423650
3424090
3424040
3424000
3424030
3424020
3424010
3424230
3424190
3424220
3424260
3424130
3424370
3424610
3424580
3424400
3424540
3424550
3424430
3424620
3424670
3386360
3386290
3386690
3386660
3386380
3386650
3386520
3386930
3386670
3386700
3386480
3386800
3387040
3387010
3387000
3387050
3387150
3387100
3387070
3387120
3387190
3387220
3387240
3387230
3387160
3387340
3387320
3387290
3387560
3387420
3387640
3387370
3387720
3387740
3387660
3388080
3387970
3387990
3388000
3388130
3388010
3388150
3387880
3388140
3388220
3388230
3388250
3388270
3388280
3388350
3388360
3388300
3388290
3388340
3388330
3388390
3388490
3388420
3388450
3388440
3388410
3388620
3388530
3388550
3388570
3388800
3388760
3388780
3389040
3388770
3389080
3389210
3389220
3388940
3389230
3389120
3389300
3389330
3389290
3389320
3389380
3389390
3389400
3389500
3389540
3389720
3389440
3389680
3389660
3389700
3389690
3389710
3389980
3389760
3390020
3389960
3390000
3390010
3390080
3390160
3501850
3501630
3501900
3502000
3502060
3502130
3502230
3502020
3501890
3502320
3502300
3502340
3502310
3502150
3502390
3502580
3502460
3502700
3502510
3502520
3502590
3502780
3502940
3503180
3503070
3503050
3503120
3503160
3502860
3503020
3503080
3502880
3502930
3503260
3503300
3503340
3503280
3503230
3503440
3503500
3503190
3503390
3503220
3503200
3503400
3503720
3503770
3503540
3503710
3503790
3503830
3503530
3503880
3503870
3504130
3504170
3504240
3504230
3504140
3503990
3503970
3504260
3504290
3504020
3504390
3504400
3504510
3504490
3504540
3504460
3504430
3504610
3504850
3504870
3504980
3504960
3505080
3505040
3505060
3504970
3505230
3504990
3505270
3505260
3505240
3505140
3505250
3505350
3505390
3505330
3505630
3505280
3505680
3505770
3505660
3505650
3505850
3505820
3505410
3505830
3439790
3439830
3439740
3439940
3439820
3439980
3439950
3440060
3440130
3440070
3440140
3440190
3439970
3440090
3440010
3440100
3440200
3440270
3440280
3440240
3440310
3440340
3440370
3440320
3440360
3440390
3440410
3440490
3440580
3440430
3440610
3440770
3440740
3440890
3440950
3440880
3440790
3440830
3440810
3440750
3440960
3440980
3441130
3441140
3441120
3441160
3441340
3441190
3441220
3441280
3441240
3441200
3441320
3441330
3441350
3441360
3441380
3441370
3441430
3441490
3441610
3441580
3441620
3441720
3441600
3441540
3441630
3441780
3441730
3441820
3441750
3441790
3442000
3442140
3442010
3442050
3442170
3441970
3442040
3442220
3442240
3442250
3442260
3442270
3442290
3442410
3442380
3442580
3442470
3442740
3442660
3442720
3442760
3442770
3442830
3442990
3442970
3442910
3442880
3442980
3468630
3468590
3468490
3468670
3468750
3468390
3468760
3468780
3468450
3468720
3468790
3468840
3468810
3468920
3468850
3468870
3468960
3469010
3468900
3469050
3468820
3469000
3469140
3469090
3469350
3469370
3469310
3469270
3469220
3469260
3469420
3469470
3469500
3469380
3469530
3469570
3469600
3469750
3469890
3469820
3469860
3470040
3469620
3470010
3470070
3470140
3469990
3470080
3470090
3470170
3470230
3470340
3470390
3470150
3470400
3470220
3470190
3470370
3470250
3470480
3470560
3470520
3470430
3470660
3470870
3470940
3470980
3470880
3470970
3470800
3470690
3470450
3470610
3471270
3471100
3471130
3471090
3471310
3471180
3471340
3471320
3471280
3471070
3471350
3471370
3471440
3471760
3471670
3471420
3471640
3471800
3471580
3471590
3471810
3471820
3471390
3471830
3471980
3471890
3472010
3505890
3505880
3505860
3505910
3506050
3505940
3505960
3505840
3505800
3505930
3505690
3506150
3506100
3505700
3506110
3505790
3506090
3506220
3506200
3506160
3506060
3506370
3506230
3506310
3506350
3506380
3506330
3506440
3506430
3506280
3506510
3506500
3506560
3506250
3506450
3506780
3506730
3506700
3506750
3506790
3506800
3506900
3506860
3506850
3507020
3507120
3507100
3507070
3506630
3506970
3506820
3507220
3507390
3507360
3507420
3507400
3506960
3507490
3507510
3507500
3507520
3506840
3507800
3507830
3507910
3507840
3507550
3507680
3507600
3507980
3508030
3507960
3508010
3508090
3508130
3508050
3508320
3508060
3508280
3508300
3508220
3508430
3507690
3507930
3508720
3508730
3508530
3508560
3508770
3508270
3508780
3508840
3508790
3508940
3508910
3508900
3508970
3509050
3509090
3509120
3424690
3424740
3424760
3424830
3424930
3424920
3424940
3424910
3424990
3424870
3424820
3425060
3425070
3425100
3425150
3425200
3425120
3425280
3425320
3425310
3425290
3425240
3425330
3425170
3425390
3425350
3425440
3425460
3425450
3425430
3425700
3425530
3425580
3425570
3425800
3425850
3425600
3425870
3425970
3425880
3425550
3426020
3426160
3426130
3426090
3426200
3426110
3425990
3426000
3426150
3426300
3426210
3426490
3426460
3426500
3426400
3426610
3426550
3426540
3426640
3426680
3426780
3426770
3426880
3426730
3426930
3427060
3426960
3427020
3426660
3427260
3427010
3427110
3427130
3427300
3427220
3427350
3427140
3427090
3427370
3427360
3427410
3427490
3427550
3427540
3427460
3427560
3427470
3427510
3427420
3427610
3427580
3427620
3427650
3427710
3427810
3427820
3427740
3390200
3390070
3390060
3390230
3390280
3390260
3390350
3390310
3390250
3390340
3390300
3390470
3390690
3390420
3390500
3390520
3390630
3390730
3390780
3390770
3390880
3390910
3390900
3390830
3390790
3391000
3391190
3391260
3391060
3391130
3391220
3391170
3391200
3391270
3391280
3391300
3391370
3391470
3391350
3391340
3391510
3391580
3391660
3391670
3391690
3391720
3391910
3391750
3391740
3391810
3391980
3391940
3392010
3392060
3391990
3392000
3392110
3392100
3392070
3392240
3392230
3392160
3392280
3392130
3392420
3392300
3392380
3392430
3392550
3392510
3392570
3392610
3392590
3392560
3392730
3392780
3392700
3392670
3392930
3392790
3392840
3393030
3392980
3393190
3393200
3393230
3393180
3393340
3393240
3393370
3393470
3393450
3393520
3393610
3393500
3393600
3393640
3393620
3393710
3393760
3472070
3472200
3472230
3472030
3472190
3472080
3472100
3472140
3472260
3471850
3472300
3472390
3472270
3472510
3472740
3472420
3472440
3472700
3472560
3472820
3472550
3472410
3472280
3473060
3473020
3473130
3472880
3472930
3472890
3473050
3472850
3473160
3472870
3473200
3473210
3473250
3473260
3473350
3473630
3473570
3473710
3473500
3473540
3473760
3473870
3473800
3474060
3474020
3474150
3474110
3474140
3473960
3474380
3474130
3474340
3474260
3474360
3474220
3474160
3474390
3474420
3474440
3474510
3474250
3474450
3474520
3474700
3474530
3474620
3474710
3474590
3474720
347460
3474800
3474820
3474790
3474890
3474950
3474870
3474920
3474840
3475110
3475070
3474980
3475080
3475210
3475130
3475250
3475240
3475330
3475470
3475490
3475420
3475190
3475580
3475600
3475620
3475510
3475750
3475720
3509150
3508750
3509060
3509160
3509340
3509280
3509250
3509390
3509200
3509400
3509650
3509230
3509420
3509720
3509460
3509760
3509730
3509780
3509710
3509790
3508820
3509830
3509920
3509930
3509660
3509950
3510100
3510020
3509970
3510250
3510060
3510350
3510400
3510280
3510310
3510390
3509940
3509860
3510510
3510530
3510460
3510340
3510450
3510690
3510760
3510710
3510860
3510930
3511130
3511030
3511120
3511270
3511330
3511010
3510920
3510750
3511350
3511610
3511440
3511370
3510970
3511530
3511620
3511540
3511520
3511640
3511750
3511740
3511660
3511770
3511710
3511810
3511920
3511340
3511870
3511850
3512210
3512280
3511970
3512200
3512480
3512300
3512610
3511960
3511670
3512730
3512420
3512670
3512690
3512720
3512780
3512870
3512750
3512810
3512760
3512790
3512950
3512190
3513040
3513050
3442840
3443160
3442890
3443080
3443200
3443190
3443250
3443400
3443330
3443430
3443350
3443410
3443270
3443420
3443440
3443470
3443570
3443560
3443590
3443610
3443680
3443640
3443790
3443650
3443620
3443710
3443800
3443850
3443870
3443910
3444000
3443900
3444050
3444010
3444160
3444110
3444080
3444200
3444170
3444220
3444350
3444230
3444260
3444400
3444430
3444370
3444520
3444480
3444500
3444560
3444650
3444610
3444540
3444620
3444570
3444750
3444690
3444740
3444720
3444760
3444790
3444870
3445020
3445000
3444890
3445040
3444830
3445030
3445120
3445150
3445100
3445090
3445050
3445250
3445290
3445380
3445360
3445070
3445230
3445340
3445300
3445520
3445500
3445410
3445540
3445510
3445530
3445680
3445630
3445550
3445580
3445690
3445620
3445670
3445640
3445700
3445850
3445760
3445720
3445800
3544080
3544030
3544110
3544120
3544130
3544090
3544260
3544390
3544460
3544500
3544530
3544520
3544580
3544640
3544590
3544680
3544570
3544930
3544920
3544900
3544970
3545140
3545350
3545170
3545360
3545310
3545220
3545210
3545460
3545670
3545640
3545620
3545690
3545730
3545880
3545810
3545890
3545590
3546040
3546020
3546330
3546240
3546120
3546440
3546480
3546500
3546640
3546620
3546540
3546700
3546740
3546760
3546660
3546770
3547020
3546790
3546980
3547140
3547270
3547310
3547190
3547360
3547720
3547450
3547730
3547430
3547510
3547770
3547370
3547620
3547800
3547830
3547790
3547580
3547760
3547960
3547990
3547920
3547890
3547980
3548010
3548000
3548020
3548080
3548140
3548220
3548050
3548510
3548450
3548380
3548490
3548400
3548310
3548520
3548550
3548650
3548800
3548770
3548790
3548760
3475840
3475860
3475710
3475730
3475950
3475970
3476120
3476060
3476040
3476180
3476250
3476240
3476230
3476210
3476010
3476300
3476340
3476490
3476600
3476510
3476620
3476750
3476670
3476640
3476730
3476610
3476790
3476500
3476950
3477080
3476870
3477190
3477170
3477240
3477320
3477230
3477270
3477030
3477200
3477520
3477590
3477720
3477530
3477680
3477620
3477730
3477800
3477810
3477820
3477890
3477870
3478030
3478040
3478020
3477970
3477920
3478140
3477910
3478190
3478120
3478130
3478200
3478450
3478470
3478590
3478640
3478400
3478260
3478290
3478660
3478720
3478760
3478560
3478780
3478880
3478990
3478950
3479170
3479160
3479150
3479140
3479070
3479190
3479240
3479300
3479080
3479310
3479610
3479620
3479420
3479680
3479690
3479640
3479650
3479820
3479840
3479940
3480120
3479870
3480180
3393700
3393740
3393720
3393690
3393820
3393780
3393850
3393800
3393970
3393890
3394220
3393930
3394040
3394400
3394420
3394500
3394510
3394590
3394620
3394540
3394560
3394600
3394450
3394680
3394720
3394690
3394730
3394750
3394770
3394760
3394780
3394790
3394870
3394850
3394840
3394890
3394800
3395030
3394980
3394910
3395060
3395050
3395040
3395070
3395150
3395090
3395080
3395190
3395220
3395210
3395250
3395260
3395370
3395360
3395410
3395280
3395460
3395290
3395420
3395470
3395700
3395530
3395710
3395500
3395730
3395860
3395760
3395850
3395840
3395810
3395910
3395890
3395750
3395970
3395960
3395930
3396030
3395920
3396160
3396280
3396090
3396310
3396320
3396330
3396350
3396290
3396340
3396400
3396470
3396480
3396560
3396550
3396630
3396620
3396600
3396580
3396640
3396830
3396850
3396890
3548980
3549120
3548990
3548950
3549140
3549060
3549230
3549280
3549220
3549270
3549210
3549250
3549310
3549320
3549370
3549350
3549440
3549390
3549730
3549690
3548930
3549740
3549430
3549760
3549790
3549820
3549860
3550060
3549930
3550150
3550250
3550190
3550240
3550290
3550270
3550280
3550420
3550300
3550370
3550400
3550170
3550470
3550490
3550500
3550980
3551040
3550920
3550900
3551100
3551150
3550800
3551170
3551190
3551320
3551310
3551230
3551330
3551300
3551350
3551180
3551460
3551540
3551570
3551630
3551680
3551750
3551650
3551960
3552050
3551850
3551600
3552090
3552200
3552150
3552030
3552080
3552400
3552350
3552390
3552330
3552430
3552240
3552440
3552260
3552520
3552500
3552470
3552570
3552600
3552590
3552680
3552660
3552700
3552690
3552740
3552760
3552750
3552780
3552710
3552920
3513000
3512970
3513410
3513200
3513340
3513270
3513440
3513430
3513130
3513070
3513100
3513680
3513500
3513480
3513590
3513790
3513720
3513740
3513800
3513190
3513470
3513560
3514090
3514030
3513850
3514380
3514410
3513900
3514490
3514400
3514440
3514580
3514680
3514610
3514690
3514620
3514630
3514700
3514670
3514760
3514820
3514510
3514840
3515160
3514940
3515230
3515250
3515240
3515210
3515320
3515350
3515310
3515290
3515280
3515300
3515340
3515260
3515270
3515330
3515490
3515440
3515360
3515660
3515630
3515690
3515620
3515580
3515370
3515570
3515710
3515500
3515530
3515740
3515810
3515930
3515760
3515790
3516120
3516160
3516110
3516100
3516420
3516000
3516180
3515980
3516220
3516450
3516460
3516600
3516850
3516700
3516940
3516920
3516930
3517090
3517150
3517050
3517070
3516800
3516960
3480030
3480340
3480320
3480330
3480390
3480580
3480490
3480620
3480600
3480590
3480760
3480750
3480720
3480430
3480890
3480830
3480840
3480900
3480910
3480850
3480920
3480670
3481030
3480960
3480980
3480990
3481020
3480930
3481110
3481040
3481150
3481070
3481240
3481270
3481380
3481360
3481370
3481410
3481340
3481300
3481510
3481470
3481550
3481640
3481650
3481450
3481570
3481740
3481710
3481850
3481670
3481760
3481630
3481660
3621660
3481970
3482200
3482170
3481920
3482490
3482390
3482410
3482440
3482370
3482240
3482870
3482500
3482780
348280
3482550
3482530
3482670
3483330
3483260
3484040
3483950
3484010
3483990
3483740
3484080
3483800
3484020
3483690
3484030
3484170
3484310
3484110
3484260
3484100
3484050
3484450
3484380
3484470
3484520
3484710
3484680
3484560
3484620
3484590
3484610
3446030
3446040
3446070
3446090
3446060
3445970
3446200
3446180
3446210
3445890
3446130
3446250
3446390
3446310
3446240
3446450
3446300
3446110
3446230
3446470
3446740
3446730
3446760
3446750
3446780
3446570
3446640
3446840
3446850
3446880
3446800
3446860
3446940
3446950
3446910
3446920
3446960
3446810
3446980
3447030
3447090
3447180
3447100
3447270
3447220
3447150
3447170
3446900
3447120
3447310
3447280
3447340
3447300
3447530
3447430
3447360
3447440
3447490
3447390
3447420
3447410
3447510
3447560
3447580
3447570
3447620
3447600
3447760
3447690
3447670
3447740
3447680
3447730
3447820
3447910
3447970
3447940
3448120
3448240
3448250
3448060
3448160
3448340
3448310
3448380
3448300
3448510
3448420
3448570
3448430
3448260
3448530
3448390
3448680
3448010
3448860
3448870
3448840
3448980
3448930
3552910
3552840
3552870
3552820
3553010
3553000
3552970
3553020
3553150
3553130
3553110
3553180
3553060
3553050
3553190
3553200
3553320
3553210
3553500
3553490
3553580
3553540
3553460
3553350
3553620
3553610
3553790
3553800
3553390
3553750
3553700
3553670
3553590
3553640
3553650
3553600
3553690
3553710
3553880
3553910
3554020
3553890
3553990
3553970
3554030
3554000
3554130
3554340
3554250
3554140
3553920
3554110
3554230
3554350
3554450
3554390
3554420
3554430
3554370
3554520
3554660
3554590
3554650
3554890
3554750
3554790
3554810
3554900
3554760
3554630
3554820
3554600
3554980
3555210
3555300
3555050
3555390
3555360
3555040
3555440
3555490
3555700
3555690
3555410
3555760
3555730
3555460
3555520
3555630
3555780
3555830
3555810
3555950
3556370
3555980
3556630
3556510
3556110
3556490
3556640
3484690
3484670
3484640
3484890
3484870
3484850
3484800
3484780
3484950
3485000
3485030
3484990
3485160
3485090
3485220
3485250
3485290
3485350
3485540
3485300
3484730
3485380
3485480
3485400
3485580
3485770
3485760
3485830
3485990
3485940
3485890
3485950
3485900
3486000
3485910
3486120
3486220
3486180
3486110
3486050
3486200
3486490
3486500
3486520
3486250
3486280
3486230
3486420
3486750
3486770
3486590
3486630
3486980
3486940
3486970
3486810
3486780
3487020
3487090
3487230
3487370
3487060
3487170
3487340
3487240
3487380
3487520
3487500
3487410
3487620
3487590
3487490
3487600
3487690
3487740
3487770
3487940
3487880
3487850
3488200
3488030
3487930
3488050
3488380
3488460
3488500
3488440
3488540
3488570
3488580
3488610
3488630
3488490
3488800
3488760
3488810
3488770
3488900
3488700
3488840
3396670
3396650
3396740
3396950
3396930
3396900
3396920
3397090
3397130
3397100
3397070
3397050
3397120
3397160
3397200
3397240
3397170
3397260
3397340
3397230
3397400
3397390
3397460
3397450
3397380
3397360
3397480
3397470
3397530
3397540
3397620
3397510
3397670
3397720
3397590
3397750
3397800
3397790
3397780
3397830
3397810
3397820
3397850
3397870
3397770
3397910
3397880
3397940
3397980
3397690
3398080
3398150
3398180
3398200
3398140
3398070
3398110
3398230
3398160
3398250
3398430
3398370
3398490
3398470
3398560
3398580
3398740
3398480
3398700
3398720
3398670
3398690
3398750
3398790
3398760
3398830
3398890
3398810
3398880
3398870
3398920
3398960
3398900
3398990
3398940
3398950
3399040
3399050
3399150
3399140
3399100
3399090
3399200
3399130
3399240
3398600
3399370
3399080
3399580
3399510
3517170
3517180
3517290
3517300
3517280
3517330
3517310
3517370
3517550
3517270
3517560
3517470
3517600
3517660
3517530
3517820
3517920
3517930
3517980
3518010
3517950
3517970
3518050
3518030
3518110
3518130
3517880
3518070
3518380
3518400
3518530
3518510
3518210
3518610
3518310
3518740
3518620
3518780
3518940
3519090
3519080
3519170
3519030
3519130
3518350
3519070
3519330
3518990
3519370
3519500
3519470
3519480
3519530
3519340
3519630
3519690
3519650
3519770
3519780
3519660
3519700
3519990
3519870
3520030
3520060
3520210
3520340
3519830
3520330
3520260
3520300
3520480
3519730
3520460
3520490
3520450
3520540
3520580
3520570
3520750
3520670
3520690
3520620
3520660
3520770
3520800
3520940
3520970
3521010
3521030
3521130
3520830
3521020
3521270
3521220
3521200
3521230
3521300
3521290
3521310
3449030
3449060
3448850
3449040
3449100
3449070
3449210
3449390
3449130
3449190
3449110
3449140
3449530
3449660
3449610
3449670
3449640
3449690
3449590
3449700
3449860
3449750
3449840
3449850
3449710
3449870
3450150
3449900
3449950
3450100
3450120
3450180
3450360
3450270
3450190
3450300
3450340
3450370
3450530
3450470
3450480
3450450
3450490
3450410
3450420
3450650
3450710
3450680
3450600
3450660
3450540
3450570
3450750
3450780
3450790
3450760
3450810
3450880
3450910
3451020
3450820
3450890
3450900
3450940
3451030
3451040
3451220
3451150
3451200
3451060
3451130
3451330
3451400
3451470
3451380
3451300
3451440
3451290
3451480
3451260
3451270
3451520
3451490
3451500
3451530
3451540
3451550
3451570
3451590
3451600
3451670
3451580
3451560
3451620
3451690
3451930
3451830
3451820
3451940
3451720
3556680
3556730
3556670
3556660
3556760
3556780
3556700
3556830
3556740
3556810
3556860
3557000
3557050
3557040
3557090
3557100
3557130
3557110
3557030
3557270
3557360
3555600
3557370
3557190
3557150
3557550
3557600
3557530
3557380
3557710
3557690
3557750
3557830
3557860
3557990
3557790
3557980
3558080
3558060
3558090
3558020
3558150
3558240
3558190
3558140
3558180
3558170
3558270
3558310
3558370
3558380
3558350
3558400
3558420
3558550
3558570
3558480
3558530
3558460
3558470
3558410
3558490
3558580
3558620
3558840
3558730
3558770
3558720
3559950
3559060
3559960
3560110
3560040
3560310
3560170
3560280
3560360
3559970
3560410
3560420
3560440
3560100
3560470
3560510
3560480
3560630
3560530
3560640
3560430
3560730
3560680
3560520
3560740
3560900
3560920
3560860
3560880
3560910
3560970
3560940
3489080
3489070
3488740
348930
3489220
3489130
3489460
3489520
3489550
3489420
3489450
3489400
3489380
3489150
3489640
3489630
3489620
3489650
3489860
3489710
3489880
3489990
3489670
3489590
3490020
3490060
3490190
3490250
3490230
3490420
3490510
3490450
3490400
3490530
3490280
3490620
3490570
3490220
3490700
3490710
3490690
3490740
3490890
3490730
3490760
3490820
3490650
3491100
3491090
3491110
3491190
3490920
3491070
3491200
3491280
3491080
3491230
3491290
3491240
3491410
3491420
3491350
3491520
3491670
3491570
3491640
3491530
3491490
3491650
3491690
3491680
3491710
3491700
3491430
3491560
3491850
3492020
3491760
3491750
3491960
3491740
3491950
3492120
3492070
3492480
3492150
3492380
3492360
3492250
3492460
3492430
3492490
3492330
3492440
3492200
3492640
3492650
3492620
3492560
3492730
3399570
3399430
3399540
3399480
3399520
3399590
3399630
3399770
3399670
3399680
3399700
3399830
3399880
3399940
3399850
3399930
3399950
3399840
3399920
3400040
3400050
3400080
3400010
3400030
3399960
3399990
3400090
340020
3400150
3400300
3400160
3400290
3400110
3400310
3400490
3400470
3400420
3400360
3400350
3400500
3400710
3400610
3400540
3400510
3400520
3400820
3400890
3401060
3400960
3401000
3401050
3401410
3401120
3401370
3401170
3401390
3401100
3401350
3401110
3401160
3401480
3401430
3401530
3401490
3401460
3401500
3401850
3401890
3401570
3401730
3401870
3401750
3401880
3402110
3402140
3402150
3401930
3401900
3402160
3402390
3402300
3402500
3402410
3402530
3402540
3402330
3402620
3402560
3402700
3402720
3402730
3403150
3403080
3402850
3403310
3403380
3403090
3403440
3403510
3403500
3521330
3521390
3521460
3521360
3521410
3521320
3521490
3521520
3521570
3521600
3521750
3521720
3521610
3521740
3521650
3521660
3521890
3521880
3521930
3521770
3522090
3522130
3521990
3522180
3522350
3522320
3522380
3522190
3522010
3522160
3522230
3522240
3522290
3522530
3522470
3522420
3522480
3522620
3522700
3522710
3522650
3522560
3522540
3522730
352280
3522780
3522760
3522960
3523030
3522860
3523140
3523170
3523150
3523260
3523180
3523400
3523520
3523490
3523690
3523590
3523750
3523390
3523800
3523820
3523990
3523850
3523810
3524060
3524070
3524050
3524090
3523940
3524040
3524280
3524110
3524510
3524900
3524610
3524910
3524740
3524770
3524930
3524700
3524750
3525060
3525320
3525160
3524960
3525120
3525210
3525350
3525360
3525140
3525240
3525020
3524950
3525380
3525530
3525580
3525460
3451810
3451970
3451990
3452050
3452010
3451980
3452040
3452020
3452060
3451960
3452160
3452230
3452170
3452240
3452400
3452370
3452390
3452530
3452270
3452630
3452650
3452750
3452740
3452770
3452680
3452910
3452960
3452940
3452900
3452840
3453060
3452980
3453100
3453240
3453290
3453370
3453330
3453360
3453390
3453440
3453520
3453530
3453420
3453570
3453400
3453540
3453650
3453670
3453680
3453890
3454040
3453930
3453900
3453870
3453840
3454190
3454180
3454230
3454210
3454250
3454200
3454280
3454270
3454300
3454350
3454260
3454540
3454440
3454480
3454570
3454530
3454520
3454580
3454590
3454680
3454610
3454630
3454650
3454660
3454620
3454840
3454690
3454810
3454780
3454910
3454770
3454700
3454930
3455110
3455040
3455030
3455080
3455070
3454920
3455380
3455160
3456260
3456200
3455870
3456220
3492770
3492760
3492690
3492830
3492860
3492720
3492950
3492920
3492940
3493110
3493340
3493260
3493400
3493150
3493410
3493740
3493730
3493550
3493430
3493760
3493840
3493610
3493780
3493880
3494210
3494200
3494270
3494220
3494130
3494420
3494360
3494320
3494330
3494230
3494450
3494490
3494470
3494430
3494560
3494570
3494950
3495000
3494580
3494660
3495020
3494680
3494790
3495040
3495050
3495030
3494930
3495220
3495120
3495250
3495100
3495090
3495110
3495160
3495060
3495270
3495070
3495300
3495290
3495400
3495470
3495420
3495490
3495740
3495500
3495790
3495730
3495980
3495840
3496000
3495910
3496100
3495990
3496490
3496440
3496510
3496430
3496570
3496540
3496500
3496660
3496650
3496620
3496690
3496710
3496900
3496780
3496820
3496890
3496850
3496990
3497040
3497230
3496970
3496840
3496980
3560830
3560960
3560870
3561040
3561070
3561030
3560990
3561190
3561130
3561200
3561120
3561170
3561140
3561270
3561240
3561310
3561430
3561300
3561490
3561610
3561730
3561640
3561580
3561620
3561510
3561780
3561760
3561810
3561790
3561800
3561740
3561840
3561910
3561920
3561870
3561850
3561860
3561820
3561830
3561930
3562110
3562050
3562020
3561970
3562000
3562180
3562270
3562250
3562260
3562230
3562320
3562200
3562420
3562460
3562330
3562520
3562620
3562540
3562530
3562830
3562820
3562850
3562630
3563000
356290
3563120
3563100
3563260
3563270
3563370
3563220
3563460
3563380
3563450
3563480
3563610
3563490
3563830
3563710
3563760
3563820
3563810
3563570
3563500
3563860
3563530
3563550
3563950
3564090
3564220
3564370
3564530
3564330
3564570
3564580
3564360
3564680
3564260
3564660
3564650
3456160
3455450
3456470
3456300
3456460
3456350
3456340
3456640
3456760
3456810
3456550
3456800
3456730
3456720
3456880
3456910
3456920
3456960
3456940
3456930
3456860
3456950
3457200
3457170
3457080
3457140
3456970
3457100
3457230
3457410
3457390
3457380
3457460
3457480
3457590
3457830
3457700
3457940
3457950
3457790
3457740
3457800
3457780
3458330
3458220
3458090
3458030
3458540
3458500
3458380
3458600
3458280
3458610
3458650
3458750
3458850
3458860
3458890
3458880
3458870
3458900
3459100
3459050
3459130
3459140
3459330
3459210
3459320
3459160
3459080
3458930
3459310
3459150
3459340
3459470
3459420
3459390
3459480
3459500
3459510
3459590
3459520
3459610
3459680
3459460
3459670
3459600
3459760
3459840
3459860
3459830
3459850
3459740
3459910
3459900
3459990
3459890
3460100
3460170
3460110
3584370
3584360
3584390
3584120
3584440
3584550
3584610
3584660
3584630
3584690
3584590
3584870
3584710
3584920
3584900
3584560
3585210
3585220
3585030
3584940
3585160
3585240
3585310
3585340
3585440
3585420
3585400
3585460
3585370
3585480
3585540
3585550
3585490
3585520
3585600
3585640
3585660
3585430
3585620
3585680
3585820
3585750
3585740
3585860
3585710
3586180
3585930
3586060
3586150
3585900
3586200
3585810
3586380
3586250
3586410
3586220
3586480
3586450
3586420
3586520
3586660
3586830
3586440
3586770
3586670
3586740
3586870
3586950
3587000
3587010
3587020
3586650
3586850
3586910
3587080
3587090
3587160
3587200
3587260
3587490
3587620
3587720
3587280
3587750
3587760
3587820
3587770
3587830
3588150
3588220
3587960
3587990
3587800
3587780
3588050
3588230
3588300
3588260
3588310
3588430
3525650
3525850
3525840
3525940
3525880
3525610
3526100
3525750
3525970
3526440
3526260
352640
3526810
3526710
3526900
3526560
3526730
3526920
3527030
3527070
3527080
3527020
3527610
3527300
3527250
3527650
3527700
3527880
3527780
3527890
3527910
3528200
3528210
3528230
3527920
3528280
3528270
3528400
3528480
3528380
3528500
3528590
3528740
3528840
3528650
3528640
3528320
3528870
3528510
3528930
3528910
3529090
3528970
3529010
3528900
3529240
3529190
3529140
3529200
3529390
3529110
3529380
3529750
3529400
3529560
3529820
3530200
3530010
3530160
3530170
3530060
3530540
3530120
3530490
3530510
3530240
3530280
3530630
3530690
3530670
3530600
3530640
3530380
3530230
3530780
3531170
3530800
3530700
3530790
3530900
3530950
3530960
3531180
3531260
3531430
3531250
3531340
3531200
3531410
3531520
3497280
3497240
3497260
3497310
3497380
3497530
3497410
3497510
3497350
3497590
3497420
3497540
3497690
3497680
3497860
3497840
3497870
3497880
3497930
3497960
3497920
3498110
3498260
3498270
3498050
3498130
3498310
3497800
3498030
3498000
3498560
3498550
3498620
3498390
3498700
3498710
3498640
3498680
3499010
3498960
3499020
3498890
3498880
3499270
3499170
3498820
3499260
3499300
3499220
3499110
3499050
3499160
3499410
3499430
3499750
3499860
3499890
3499820
3499540
3499760
3499770
3499910
3499940
3499700
3500050
3500010
3500080
3499960
3500580
3500430
3500490
3500530
3500600
3500800
3500720
3500680
3500760
3500700
3500950
3500990
3500840
3500340
3500910
3501040
3501070
3501210
3500830
3501010
3501390
3501400
3501380
3501510
350140
3501470
3501580
3501540
3501370
3501260
3501600
3501880
3564700
3564670
3564750
3564710
3565010
3564790
3565030
3565100
3565040
3565080
3565050
3565110
3565120
3565220
3565020
3565290
3565260
3565320
3565330
3565130
3565390
3565140
3565560
3565570
3565590
3565460
3565630
3565620
3565690
3565650
3565660
3565610
3565720
3565680
3565980
3565820
3565940
3565740
3566050
3566070
3566060
3566120
3565990
3566150
3566270
3566320
3566280
3566480
3566630
3566420
3566670
3566660
3566590
3566430
3566710
3566580
3566790
3566860
3566850
3566780
3566730
3566870
3567020
3566940
3567080
3567120
3566920
3567010
3566900
3566930
3567350
3567270
3567140
3567580
3567560
3567590
3567620
3567600
3567790
3567800
3567740
3567980
3567940
3568030
3568150
3568000
3568160
3567760
3568170
3567910
3568210
3568300
3568390
3568380
3568410
3568400
3568420
3568370
3567660
3568430
3588490
3588540
3588510
3588590
3588530
3588360
3588390
3588610
3588630
3588570
3588620
3588660
3588820
3588760
3589030
3589050
3588930
3588840
3589290
3589210
3589130
3589250
3589190
3589350
3589540
3589560
3589740
3589720
3589460
3589770
3589780
3589810
3589880
3589790
3589950
3589870
3589920
3590010
3590020
3590040
3590090
3590400
3590180
3590120
3590510
3590520
3590530
3590540
3590480
3590610
3590590
3590330
3590570
3590550
3590660
3590670
3590760
3590840
3590790
3590870
3590770
3591010
3590780
3591190
3591200
3591270
3590890
3591300
3591250
3591240
3591340
3591400
3591650
3591470
3591360
3591510
3591550
3591770
3591870
3591890
3591940
3591660
3591970
3591670
3591990
3592290
3592190
3592170
3592200
3592220
3592240
3592410
3592340
3592350
3592450
3592490
3592300
3592090
3592540
3592570
3627790
3627940
3627800
362800
3627770
3627720
3627820
3627900
3627950
3628000
3628070
3628410
3628400
3628360
3628050
3628530
3628200
3628060
3628580
3628660
3628620
3628520
3628010
3628790
3628630
3628610
3628890
3628920
3628910
3629050
3629120
3629080
3629210
3628960
3629200
3629190
3629360
3629470
3629460
3629320
3629280
3629300
3629550
3629620
3629810
3629490
3629370
3629570
3629990
3629840
3630100
3629860
3630010
3630160
3630280
3630310
3630320
3630330
363060
3630380
3630350
3630290
3630300
3630620
3630610
3630410
363070
3630680
3630640
3630600
3630790
3630760
3630800
3630870
3630930
3630970
3630980
3631090
3630950
3631080
3631130
3631020
3631100
3631040
3631190
3631200
3631250
3631050
3631230
3631260
3631440
3631350
3631460
3631500
3631750
3631620
3631830
3631710
3631920
3631850
3531490
3531630
3530860
3531450
3531470
3531660
3531640
3531680
3531800
3531890
3531790
3531970
3531960
3531770
3531760
3531950
3531710
3532030
3531920
3532100
3532010
3531990
3531980
3532280
3532150
3532300
3532340
3532360
3532290
3532470
3532460
3532780
3532570
3532720
3532800
3532650
3532690
3532810
3532830
3532980
3532890
3533010
3532990
3533080
3533380
3533360
3533500
3533520
3533400
3533480
3533570
3533640
3533540
3533630
3533650
3533690
3533660
3533560
3534040
3533720
3533870
3533920
3534000
3534090
3534130
3534150
3534520
3534240
3534460
3534530
3534190
3534300
3534630
3534220
3534760
3534820
3534700
3534720
3534650
3535030
3534920
3535050
3535190
3535130
3535210
3535160
3535110
3535060
3535330
3535310
3535320
3535480
3535470
3535530
3535590
3535400
3535860
3535800
3535980
3535770
3568440
3568460
3568530
3568570
3568550
3568480
3568470
3568760
3568800
3568640
3568780
3568900
3568720
3568740
3568830
3568810
3568930
3569020
3569240
3569050
3568980
3569040
3569250
3569390
3569400
3569440
3569060
3569480
3569430
3569560
3569510
3569570
3569590
3569500
3569450
3569420
3569850
3569660
3570000
3569940
3570070
3570020
3570040
3570060
3570130
3570170
3570180
3570160
3570010
3570210
3570260
3570190
3570350
3570400
3570360
3570370
3570280
3570080
3570450
3570430
3570540
3570470
3570490
3570780
3570650
3570840
3570600
3571080
3571540
3571530
3570590
3571460
3571590
3571650
3571630
3571640
3571580
3571660
3571780
3571690
3571830
3571800
3571850
3571920
3571940
3572020
3572080
3572060
3572120
3572320
3572050
3572420
3572410
3572330
3572310
3572640
3572580
3572570
3572530
3572440
3672820
3672710
3673050
3672900
3673120
3673090
3673180
3673060
3673220
3673540
3673500
3673300
3673360
3673490
3673630
3673560
3673960
3673710
3673450
3673910
3674000
3674140
3674110
3674080
3674050
3674170
3674150
3673980
3674240
3674200
3674270
3674690
3674890
3674980
3674920
3674590
3674790
3675160
3675130
3675150
3675240
3675290
3675540
3675320
3675700
3675630
3675720
3676030
3675950
3676060
3676140
3676080
3676100
3676260
3676250
3676310
3676530
3676430
3676500
3676600
3676450
3676490
3676550
3676510
3676670
3676840
3677050
3676960
3677140
3677060
3677120
3677070
3676870
3677370
3677310
3677400
3677530
3677620
3677780
3677580
3677650
3678080
3678070
3676750
3678330
3678440
3678130
3678350
3678160
3678260
3678690
3678110
3678450
3678600
3677420
3678770
3678900
3678870
3678810
3678930
3592530
3592710
3592310
3592520
3592770
3592790
3592760
3592780
3592820
3592800
3592860
3593000
3592960
3592920
3593060
3593020
3593250
3593130
3593180
3593330
3593190
3593380
3593470
3593430
3593500
3593290
3593510
3593600
3593540
3593660
3593760
3593780
3593610
3593870
3593910
3593860
3593920
3594090
3594100
3594120
3594040
3594450
3594280
3594470
3594170
3594210
3594560
3594690
3594610
3594680
3594740
3594500
3594790
3594990
3595000
3594780
3594980
3595220
3595060
3595130
3595210
3595020
3595010
3595430
3595390
3595460
3595440
3595480
3595640
3595560
3595590
3595280
3595570
3595630
3595730
3595680
3595850
3595740
3595820
3595790
3595900
3595940
3595980
3596000
3596230
3596240
3596030
3596260
3595760
3596130
3596280
3596380
3596320
3596410
3596510
3596370
3596670
3596580
3596650
3596610
3631970
3631940
3632150
3632280
3632010
3632360
3632420
3632240
3632340
3632480
3632460
3632370
3632670
3632680
3632510
3632570
3632770
3632740
3632730
3633040
3632980
3633000
3632810
3632780
3633060
3633310
3632910
3633180
3633220
3633390
3632820
3633430
3633400
3633480
3633450
3633420
3633720
3633540
3633530
3633560
3633830
3633880
3633790
3633580
3633500
3633760
3633900
3633940
3634040
3634010
3633890
3633910
3633600
3634280
3634300
3634270
3634550
3634420
3634330
3634700
3634760
3634810
3634400
3634710
3634910
3634870
3634720
3634950
3635060
3635070
3635240
3635280
3635050
3635290
3635310
3635020
3635540
3635630
3635380
3635450
3635150
3635720
3635730
3635700
3635800
3635080
3635740
3635520
3635830
3635850
3635930
3635970
3636080
3636100
3636000
3636320
3636130
3636360
3635990
3636140
3535600
3535870
3535730
3536090
3536100
3536150
3536020
3535830
3536140
3536380
3536480
3536470
3536500
3536520
3536600
3536630
3536610
3536670
3536490
3536730
3537310
3536660
3536910
3536950
3537230
3537220
3536770
3537140
3537420
3537400
3537410
3537490
3537640
3537580
3537690
3537680
3537620
3537700
3537720
3537530
3537730
3537830
3537540
3537850
3537890
3538050
3538250
3538010
3538060
3538190
3538140
3537910
3537980
3537950
3538070
3537990
3538130
3538210
3538230
3538660
3538520
3538620
3538380
3538370
3538500
3538690
3538320
3538860
3538840
3538760
3539020
3538820
3538950
3538850
3538810
3538920
3538720
3538750
3539030
3539150
3539220
3539270
3539200
3539280
3539320
3539170
3539440
3539120
3539360
3539330
3539570
3539520
3539790
3539710
3539680
3539870
3539920
3539970
3539690
3539480
3572720
3572770
3572800
3572820
3572740
3572900
3572850
3572990
3573020
3573070
3573060
3573050
3572660
3573010
3573030
3573000
3573260
3573190
3573180
3573120
3573430
3572870
3573460
3573500
3573490
3573440
3573750
3573770
3573760
3574020
3574060
3574090
3573900
3573800
3574300
3574130
3574160
3574100
3574220
3574210
3574280
3574290
3574540
3574550
3574680
3574320
3574700
3574610
3574750
3574730
3574740
3574770
3574930
3574840
3574920
3574950
3574760
3574810
3574830
3575020
3575040
3575030
3575190
3574890
3575210
3575260
3575310
3575280
3575290
3575350
3575370
3575400
3575480
3575380
3575570
3575600
3575360
3575520
3575500
3575670
3575610
3575690
3575650
3575840
3575850
3575810
3575920
3575940
3576000
3575880
3576070
3576370
3576250
3575990
3576360
3576430
3576380
3576460
3576580
3575790
3596680
3596820
3596910
3596780
3596980
3597020
3597060
3597150
3596730
3597260
3597340
3597390
3597500
3597480
3597590
3597650
3597660
3597670
3597690
3597610
3597630
3597750
3597710
3597700
3597770
3597890
3597880
3597900
3597720
3597980
3598020
3597990
3597930
3598040
3598090
3598180
3598060
3598190
3598260
3598140
3598240
3598270
3598390
3598340
3598070
3598280
3598570
3598470
3598430
3598600
3598550
3598580
3598410
3598620
3598720
3598930
3598920
3598790
3598680
3599050
3598950
3599440
3599070
3599220
3598990
3598980
3599340
3599460
3599330
3599470
3599480
3599710
3599490
3599510
3599700
3599690
3599670
3599640
3599740
3599800
3599830
3599840
3599930
3599920
3600160
3600150
3600040
3600070
3600210
3599860
3600250
3600050
3599990
3600240
3600440
3600350
3600380
3600530
3600400
3600670
3636260
3636440
3636680
3636470
3636510
3636660
3636760
3636750
3636730
3636770
3637060
3636690
3637250
3636930
3636840
3636900
3637350
3637330
3637340
3637440
3637390
3637410
3637450
3637620
3637610
3637520
3637650
3637730
3637770
3637630
3637800
3637860
3637820
3637890
3637660
3637900
3637940
3637980
3637690
3638040
3638400
3638060
3638240
3638070
3638310
3638030
3638410
3638430
3638420
3638280
3638750
3638630
3638650
3638730
3638580
3638970
3638830
3639000
3638980
3639030
3639220
3639270
3639240
3639210
3639100
3639230
3639250
3639050
3639310
3639380
3639420
3639500
3639280
3639190
3639550
3639860
3639750
3639710
3639840
3639490
3639770
3639730
3639960
3640240
3640460
3640290
3640330
3640530
3639880
3640130
3640160
3640570
3640700
3640720
3640740
3640750
3640860
3640840
3640820
3640790
3679060
3678950
3678790
3678750
3679190
3679240
3679330
3679350
3679470
3679390
3679340
3679690
3679540
3679590
3679520
3679760
3679930
3679940
3679870
3679920
3680040
3679750
3680150
3680170
3680110
3680080
3680060
3680140
3680390
3680410
3680400
3680370
3680420
3680450
3680240
3680560
3680540
3680460
3680510
3680520
3680470
3680550
3680580
3680770
3680640
3680760
3680790
3680750
3680600
3680910
3680970
3680860
3680950
3680870
3681280
3681160
3681140
3681270
3681230
3681110
3681220
3681100
3680980
3681340
3681820
3681690
3681650
3681780
3681700
3681550
3681830
3681890
3681940
3681960
3682060
3682040
3682250
3682170
3682290
3682260
3682210
3682070
3682400
3682370
3682500
3682380
3682520
3682550
3682620
3682680
3682730
3682850
3682760
3682750
3682900
3682880
3682820
3683010
3683030
3682940
3539600
3540100
3540270
3540500
3540430
3540450
3540510
3540460
3540530
3540570
3540230
3540610
3540590
3540580
3540770
3540790
3540900
3540880
3540760
3540690
3540820
3540830
3540620
3540670
3540870
3540600
3540920
3541070
3541000
3541190
3541100
3541320
3541050
3541160
3541460
3541340
3541210
3541450
3541430
3541470
3541740
3541710
3541490
3541730
3541480
3541630
3541770
3541810
3541830
3541940
3541880
3541590
3542300
3542310
3542260
3542380
3542220
3542540
3542400
3542420
3542240
3542650
3542690
3542390
3542700
3542780
3542790
3542820
3542850
3542910
3543020
3542940
3543070
3543000
3542890
3543050
3543170
3543230
3543260
3543300
3543120
3543130
3543440
3543350
3543410
3543450
3543560
3543490
3543390
3543640
3543720
3543860
3543870
3543740
3543940
3543890
3544020
3543970
3544060
3544040
3640880
3640970
3640850
3640990
3641270
3641180
3641420
3641370
3641800
3641730
3641760
3641830
3641740
3641880
3641720
3641840
3642110
3641980
3641990
3642180
3641940
3642420
3642380
3642550
3642430
3642500
3642250
3642560
3642660
3642650
3642960
3642990
3642690
3643250
3643080
3643330
3642920
3643220
3642730
3643430
3643480
3643610
3643560
3643630
3643800
3643760
3643690
3643710
3643510
3643740
3643830
3643990
3643910
3643900
3643940
3644010
3644060
3644070
3644050
3644020
3644100
3644170
3644210
3644250
3644240
3644520
3644710
3644140
3644490
3644780
3644790
3645180
3645070
3644110
3644930
3644950
3645090
3645170
3645040
3644970
3644870
3645280
3645300
3645270
3645220
3645490
3645520
3645600
3645660
3645410
3645430
3645460
3645650
3645610
3645470
3645770
3645710
3645820
3645700
3645890
3600690
3600590
3600800
3600730
3600990
3600940
3600970
3601030
3600950
3601120
3600820
3601190
3601130
3601210
3601450
3601370
3601610
3601590
3601420
3601320
3601680
3601640
3601660
3601330
3601790
3601780
3601710
3601900
3601860
3601970
3602040
3602010
3601690
3602030
3601980
3602080
3602060
3602100
3602120
3602130
3602400
3602190
3602530
3602170
3602540
3602600
3602150
3602640
3602700
3602740
3602720
3602880
3602940
3602890
3602780
3602650
3602990
3603010
3603040
3603110
3603100
3603020
3603330
3603340
3603400
3603350
3603370
3603360
3603410
3603510
3603520
3603070
3603380
3603530
3603540
3603580
3603690
3603590
3603660
3603560
3603570
3603650
3603430
3603800
3603870
3603890
3604090
3603900
3603940
3604100
3604070
3603930
3604130
3603820
3603920
3604110
3604430
3604260
3604450
3604490
3576590
3576520
3576680
3576390
3576560
3576540
3576690
3576600
3576750
3576870
3576780
3576700
3576720
3576980
3577080
3576880
3577020
3576940
3577070
3577260
3577420
3577570
3577380
3577680
3577770
3577880
3577920
3578060
3578040
3578080
3578070
3577850
3578100
3578190
3578220
3578120
3578180
3578130
3578250
3578290
3578340
3578380
3578460
3578350
3578440
3578310
3578520
3578500
3578530
3578550
3578580
3578820
3578740
3578900
3578720
3578920
3578600
3579010
3579020
3578960
3579230
3579180
3579070
3579250
3579300
3579060
3579340
3579360
3579490
3579390
3579280
3579350
3579720
3579890
3579920
3579900
3579880
3579960
3579980
3580100
3580130
3580050
3580440
3580300
3580400
3580370
3580070
3580340
3580450
3580760
3580500
3580210
3580260
3580630
3580650
3581040
3581070
3581050
3581090
3581110
3683090
3682950
3683160
3682910
3683450
3683410
3683690
3683700
3683680
3683640
3683570
3683740
3683730
3683800
3683920
3683860
3683960
3684050
3684040
3683880
3684080
3683910
3684300
3684010
3684320
3684170
3684370
3684350
3684330
3684120
3684480
3684390
3684430
3684540
3684410
3684530
3684760
3684610
3684800
3684590
3685040
3684920
3684880
3684850
3684830
3685020
3685060
3685270
3685200
3685180
3685280
3685190
3685120
3685170
3685510
3685530
3685310
3685900
3686080
3685850
3685980
3685600
3686170
3686370
3686400
3686450
3686390
3686580
3686550
368640
3686460
3686500
3686670
3686690
3686650
3686810
3686710
3686920
3686880
3687010
3687020
3686940
3687250
3687320
3687350
3687340
3687450
3687410
3687370
3687710
3687720
3687730
3687580
3687560
3687760
3687600
3687780
3687790
3688030
3688040
3726110
3726000
3726240
3726370
3726480
3726380
3726250
3726440
3726570
3726400
3726770
3726830
3727100
3726700
3727050
3727150
3727270
3727380
3727130
3727280
3727140
3727460
3727690
3727650
3727530
3727580
3727710
3727820
3727810
3727830
3727930
3727750
3727720
3728030
3728050
3728080
3728040
3728070
3728380
3728490
372820
3728540
3728690
3728810
3728880
3728900
3728830
3729160
3729210
3728960
3728770
3729270
3729330
3729350
3729780
3729610
3729650
3729730
3730300
3730190
3730600
3730670
3730630
3730750
3730970
3731150
3731120
3731350
3731430
3731460
3731260
3731240
3731450
3731770
3731820
3731570
3731850
3732040
3731940
3732120
3732410
3732400
3732440
3732900
3732660
3732810
3732750
3732840
3732950
3732190
3733210
3733160
3733080
3733230
3733100
3733450
3733400
3733490
3733380
3732940
3645880
3646060
3645860
3645780
3645720
3646120
3646230
3646280
3646450
3646460
3646210
3646480
3646380
3646550
3646320
3646560
3646530
3646430
3646130
3646490
3646750
3646850
3646650
3646640
3646810
3646670
3646610
3646700
3646860
3646920
3646590
3646930
3646940
3646950
3647040
3647070
3647140
3647010
3647120
3647240
3647050
3647220
3647660
3647420
3647630
3647600
3647480
3647620
3647450
3647550
3647680
3647670
3647290
3647380
3647950
3647820
3647870
3647900
3648070
3648060
3647690
3648150
3648180
3648210
3648430
3648370
3648450
3648320
3648390
3648300
3648420
3648240
3648520
3648550
3648530
3648620
3648400
3648540
3648800
3648700
3648660
3648730
3648840
3648770
3649050
3648900
3648940
3649130
3649320
3649240
3649160
3649430
3649380
3649480
3649570
3649440
3649460
3649670
3649650
3649580
3604480
3604500
3604550
3604470
3604520
3604600
3604670
3604560
3604790
3604910
3604780
3604580
3604870
3604920
3604880
3604950
3604810
3605000
3605010
3605230
3605260
3605370
3605350
3604980
3605460
3605360
3605150
3605120
3605490
3605500
3605340
3605470
3605480
3605520
3606000
3605550
3605920
3605560
3606030
3605910
3606150
3606060
3606610
3606160
3606450
3606380
3606520
3606390
3606580
3606360
3606340
3606700
3606780
3606740
3606810
3606970
3606980
3607000
3606820
3606830
3607010
3607100
3607120
3607290
3607190
3607370
3607270
3607380
3607440
3607150
3607230
3607500
3607510
3607310
3607790
3607540
3607570
3607690
3607770
3607710
3607560
3607490
3607800
3608010
3607840
3608020
3607990
3607850
3608090
3608290
3608120
3608320
3608250
3608050
3608550
3608390
3608630
3608620
3608680
3608580
3581130
3581120
3581200
3581160
3580890
3581140
3581150
3581530
3581510
3581660
3581680
3581590
3581700
3581570
3581230
3581810
3581780
3581840
3581850
3581910
3581900
3581890
3581870
3581940
3581820
3581960
3581980
3582020
3582060
3582120
3582360
3582290
3582230
3582270
3582320
3582430
3582490
3582460
3582480
3582470
3582500
3582440
3582510
3582560
3582540
3582520
3582660
3582670
3582690
3582740
3582590
3582530
3582790
3582900
3582890
3582800
3582850
3582780
3583000
3582830
3583140
3583110
3583070
3583120
3583060
3583340
3583320
3583330
3583310
3583380
3583250
3583470
3583170
3583570
3583620
3583560
3583630
3583680
3583670
3583750
3583710
3583660
3583760
358360
3583790
3583980
3583940
3584060
3583780
3584020
3583970
3584090
3584210
3584190
3584170
3584260
3584240
3584250
3584300
3687890
3688080
3688120
3688130
3688050
3688250
3688150
3688340
3688140
3688160
3688330
3688410
3688210
3688460
3688420
3688310
3689000
3688780
3688730
3688480
3688650
3688510
3689060
3688630
3689210
3689040
3689240
3689490
3689270
3689140
3689390
3689250
3689220
3689090
3689420
3689570
3689520
3689560
3689550
3689670
3689640
3689690
3689710
3689860
3689680
3689700
3689840
3689890
3690030
3689930
3689920
3690220
3690250
3690280
3690390
3690100
3690170
3690320
3690010
3690400
3690470
3690460
3690450
3690630
3690560
3690660
3690570
3690550
3690510
3690750
3690690
3690760
3690780
3690720
3690850
3690820
3690920
3690900
3690870
3690890
3690980
3690860
3690990
3691030
3691060
3691180
3691050
3691100
3691190
3691400
3691240
3691460
3691210
3691430
3691550
3691520
3691680
3691640
3692010
3692050
3649730
3649760
3649890
3649950
3649920
3649900
3650000
3649990
3650050
3650250
3650240
3650270
3649980
3650230
3650100
3650150
3650140
3650320
3650490
3650410
3650620
3650650
3650580
3650370
3650730
3650720
3650550
3650390
3650510
3650740
3650770
3650790
3650950
3651230
3650910
3651180
3651080
3651020
3651250
3651170
3651240
3651370
3651300
3651320
3651630
3651560
3651410
3651620
3651480
3651490
3651670
3651730
3651600
3651720
3651710
3651780
3651830
3651960
3651950
3651990
3651880
3651890
3651940
3651980
3652020
3652080
3652040
3652160
3652230
3652220
3652120
3652330
3652250
3652420
3652410
3652550
3652210
3652620
3652570
3652630
3652960
3652900
3652940
3652910
3653030
3652650
3653050
3652660
3652690
3653250
3653180
3653240
3653440
3653320
3653420
3653300
3653480
3653460
3653260
3653510
3608480
3608730
3608780
3608430
3609150
3609100
3609140
3609160
3609330
3608900
3609380
3609260
3609470
3609170
3609400
3609530
3609700
3609720
3609610
3609780
3610000
3609990
3610120
3609980
3610130
3610310
3610210
3610170
3610340
3610410
3610380
3610500
3610440
3610520
3611030
3610580
3610940
3610650
3610530
3611450
3610570
3611180
3611530
3611560
3611640
3611540
3611900
3611700
3611710
3611620
3611940
3611950
3612000
3611650
3612110
3612320
3612300
3612250
3612210
3612460
3612480
3612370
3612390
3612520
3612160
3612630
3612730
3612720
3612610
3612670
3612620
3612640
3612800
3612790
3612770
3612760
3612850
3612780
3612870
3612740
3612980
3613130
3613030
3613040
3613080
3612900
3613120
3613230
3613400
3613070
3613470
3613450
3613490
3613480
3613600
3613860
3613830
3613910
3613550
3613930
3733620
3733510
3733890
3733880
3733740
3733990
3734280
3733970
3734340
3734370
3734520
3734550
3734800
3734880
3734980
3735030
3734930
3735020
3735750
3735350
3735190
3735490
3735680
3735400
3735830
3735790
3735870
3736040
3735880
3736130
3736210
3736380
3736440
3736400
3736540
3736350
3736550
3736520
3736260
3736240
3736250
3736610
3736600
3736560
3737310
3737330
3737340
3736860
3737430
3737550
3737600
3737930
3738050
3737850
3737990
3737720
3738450
3738180
3738340
3738570
3738720
3738660
3738830
3738700
3738820
3738190
3738960
3739040
3739160
3738750
3739210
3739340
3739370
3739420
3739620
3739920
3739780
3739690
3739730
3739280
3739660
3740340
3740070
3740090
3740120
3740180
3740370
3740500
3740800
3740360
3740810
3741340
3740890
3741350
3741560
3741470
3741590
3740920
3741570
3741430
3691770
3691950
3691940
3692110
3692180
3692100
3692160
3692200
3692250
3692320
3692370
3692300
3692530
3692240
3692650
3692730
3692720
3692660
3692740
3692620
3692890
3692770
3692780
3692680
3693000
3692880
3693030
3693150
3693050
3693260
3693190
3693360
3693530
3693380
3693370
3693450
3693730
3693720
3693590
3693830
3694010
3693970
3694270
3694060
3694240
3694110
3694190
3694340
3694470
3693900
3694260
3694590
3694710
3694740
3694550
3694620
3694880
3694770
3694870
3694840
3694530
3694980
3694760
3694990
3695110
3695090
3695120
3695080
3695130
3695140
3695390
3695020
3695190
3695010
3695040
3695440
3695470
3696160
3696080
3696110
3695630
3696140
3695640
3695950
3696000
3695570
3695580
3696090
3695600
3697180
3697150
3697560
3697370
3696730
3697240
3697170
3696180
3697350
3697670
3696710
3741890
3742110
3742140
3743090
3743070
3742930
3743430
3743370
3743220
3743830
3744310
3743620
3744220
3744360
3744990
3744480
3745040
3745060
3745850
3745270
3745510
3745860
3745310
3745540
3746230
3746360
3746030
3746520
3746510
3746450
3746370
3746500
3746050
3746240
3745990
3746620
3746680
3746610
3746210
3747140
3747060
3747450
3747300
3747180
3747530
3747400
3747770
3747580
3748450
3748070
3748050
3748170
3748200
3748680
3749540
3749280
3749130
3750460
3749260
3750360
3750540
3750640
3750840
3750660
3750670
3749780
3750810
3750480
3751620
3751310
3751980
3751730
3752500
3752220
3752580
3753050
3753000
3753170
3752170
3753250
3753500
3752630
3752850
3753630
3754030
3754610
3754200
3754830
3754050
3753150
3753590
3753880
3753810
3754700
3756530
3755190
3755100
3755060
3756740
3756980
1752780
1755810
1757110
1759630
1759720
1762390
1763890
1765670
1766310
1769270
1771610
1771700
1772070
1777440
1779120
1781290
1782710
1783500
1787070
1787190
1788790
1789130
1791900
1792210
1796970
1798570
1799490
1802900
1806050
1806210
1807740
1810180
1810490
1812600
1815990
1817260
1829310
1832700
1836350
1836980
1839910
1844560
1845750
1853510
1853890
1855180
1855890
1856490
1858050
1858760
1862760
1864770
1865500
1870800
1876690
1881480
1884950
1886600
1890190
1892510
1895490
1897520
1898700
1903790
1904680
1904980
1905150
1906040
1918320
1922740
1923630
1929770
1933730
1939140
1941310
1941700
1941960
1942380
1949620
1951920
1952310
1953100
1967400
1968240
1968640
1969720
1975470
1979300
1980460
1980830
1982260
1989690
1995280
2006690
2007390
2014240
2026450
2052460
2052660
2064190
3614100
3613960
3614060
3613920
3614050
3614220
3614160
3613610
3614200
3614410
3614380
3614490
3614480
3614510
3614460
3614520
3614620
3614700
3614500
3614690
3614600
3614730
3615210
3615290
3615020
3614960
3614980
3615160
3614630
3614300
3615380
3615390
3615350
3615360
3615590
3615680
3615770
3615760
3615670
3615440
3615710
3615850
3615940
3615870
3615950
3615480
3615860
3616070
3615840
3615970
3615490
3616180
3616220
3616290
3616560
3616450
3616330
3616580
3616550
3616250
3616230
3616630
3616840
3616680
3616730
3616910
3616940
3616480
3616970
3617150
3617120
3617270
3617250
3617130
3617190
3617200
3617350
3617320
3617340
3616980
3617300
3617370
3617420
3617490
3617390
3617400
3617410
3617460
3617570
3617470
3617560
3617620
3617730
3617750
3617530
3617600
3617840
3617830
3617650
3617930
3653590
3653710
3653810
3653820
3653610
3653850
3653870
3653890
3653930
3653600
3653970
3654050
3654190
3654130
3654200
3654060
3653990
3654210
3654370
3654410
3654540
3654650
3654640
3654590
3654750
3654740
3654670
3654610
3654000
3654850
3654830
3654990
3654900
3654570
3655100
3655010
3654800
3655080
3655090
3655030
3655230
3654580
3655240
3655200
3655290
3655260
3655270
3655210
3655390
3655340
3655430
3655380
3655520
3655540
3655580
3655610
3655330
3655870
3655760
3655710
3655890
3655590
3655780
3655910
3655990
3655650
3655970
3656270
3656100
3656220
3656330
3656050
3656300
3655790
3655960
3656370
3656380
3656340
3656360
3656480
3656550
3656320
3656570
3656650
3656640
3656520
3656680
3656660
3656780
3657150
3656980
3657000
3657180
3657230
3657240
3657290
3657460
3657500
3657470
3658200
3697750
3697880
3697770
3698230
3697950
3697870
3698050
3698150
3697890
3697860
3697780
3698130
3698250
3698240
3698470
3698510
3698700
3698640
3698540
3698420
3698830
3698730
3698490
3698600
3698340
3698900
3699330
3699100
3699510
3699720
3699910
3699920
3699870
3699350
3699520
3699490
3699380
3699950
3699450
3700200
3700050
3700170
3700080
3699970
3700600
3700000
3700540
3700210
3700580
3699960
3700760
3700740
3701090
3700850
3700890
3700790
3700950
3701300
3701180
3701010
3701370
3701910
3701830
3701980
3701310
3701990
3702120
3701950
3702020
3701320
3701420
3702140
3702360
3702220
3702450
3702540
3702370
3702810
3702510
3702640
3702920
3702950
3702930
3703030
3703080
3702960
3703100
3703170
3703160
3703200
370300
3703150
3703280
3703300
3703290
3703460
3703480
3703360
3703350
3703530
2066380
2070750
2079110
2083120
2086460
2091580
2092190
2095030
2095220
2095960
2098120
2108520
2109090
2109440
2127130
2128830
2133070
2133440
2133980
2135960
2136910
2137790
2138110
2138240
2138360
2141250
2148230
2154710
2156000
2158610
2162350
2169700
2172800
2173930
2179940
2181380
2182570
2184280
2188530
2188910
2190680
2191770
2192600
2192990
2193930
2199560
2201180
2206970
2209590
2212050
2215980
2218500
2218540
2225450
222615
2227410
2230250
2231000
2234160
2234470
2236600
2238470
2239540
2241020
2242950
2247270
2249970
2252980
2255390
2255970
2260960
2266980
2271900
2272010
2272480
2272880
2274010
2277940
2281800
2284080
2285180
2289640
2293300
2294670
2302870
2306630
2307180
2307570
2308820
2310900
2310880
2314240
2315430
2315080
2324060
2326840
2328970
2330700
2331750
2332280
3756860
3755220
3757820
3757980
3757480
3759610
3759590
3759760
3759730
3758590
3762300
3759870
3760480
3760310
392470
438110
452870
453670
465190
467890
493580
494700
508620
511360
520330
521390
533610
536360
543040
539550
544360
547130
551780
553140
554280
552770
557950
558230
562530
562750
572010
583780
592770
604030
604500
605980
606830
611150
619540
624930
636270
635700
645530
649360
648950
649560
651310
649960
649970
652940
661230
660890
657060
659300
656900
661990
663130
663570
663410
662220
662000
656800
662340
664120
664580
668980
667140
2434310
672660
2434870
2436850
673930
2442670
674200
2443590
2447890
674750
2450350
676270
2463150
678250
2466520
2467590
2467940
682110
2468250
688470
2470920
2472340
688540
3618000
3618010
3618020
3618060
3618050
3618120
3618210
3618200
3618170
3618140
3618080
3618400
3618470
3618640
3618550
3618650
3618320
3618390
3618480
3618690
3618660
3618780
3618700
3618820
3618930
3618840
3618880
3618910
3618890
3618900
3618760
3619240
3618980
3619230
3619420
3619290
3619490
3619380
3619280
3619780
3619950
3619580
3619520
3620060
3620040
3620070
3620260
3620080
3620180
3620350
3620360
3620510
3620470
3620440
3620520
3620680
3620690
3620610
3620600
3620720
3620730
3621010
3620860
3621000
3620760
3621020
3621040
3621170
3621190
3621200
3621150
3621260
3621240
3621290
3621320
3621330
3621350
3621210
3621440
3621370
3621400
3621410
3621450
3621560
3621510
3621700
3621680
3621840
3621860
3621760
3621950
3621600
3621920
3621990
3622010
3622180
3621930
3622090
3622260
3622250
3657540
3658000
3658250
3658570
3658310
3657530
3658650
3658670
3658780
3658620
3658680
3658230
3658800
3658850
3659120
3659050
3658970
3658910
3659000
3658940
3659140
3659160
3659130
3659180
3659470
3658590
3659210
3659440
3659550
3659750
3659540
3659800
3659190
3659780
3659810
3659900
3659940
3659860
3659880
3660000
3659970
3659990
3660100
3660060
3660130
3660260
3660410
3660330
3659960
3660320
3660440
3660360
3660430
3660540
3660590
3660580
3660610
3660140
3660800
3660150
3660790
3660630
3660840
3660810
3660900
3661160
3661290
3661530
3661630
3661300
3661360
3661380
3661690
3661670
3661280
3661660
3661740
3661840
3661830
3661930
3661890
3662150
3662060
3662180
3661950
3662140
3662590
3662770
3662750
366380
3664010
3664070
3664230
3663980
3664250
3664440
3664470
3664490
3664430
3664510
2332120
2333220
2336820
2343370
2344130
2348660
2349320
2351730
2353660
2355220
2357850
2359700
2361520
2363300
2366250
2367960
2370180
2374730
2375090
2375580
2376610
2376780
2378990
2380990
2384440
2385370
2385810
2386470
2387020
2399600
2401040
2402310
2406880
2411890
2416060
2416490
2416790
2417900
2418500
2419930
2422810
2433600
2433940
691090
695470
696960
699710
708760
709730
720380
73020
737630
739720
747350
747610
752290
753210
751340
751810
752580
757430
755420
754240
757470
766910
771770
2704680
2705330
2708850
2714920
2718030
2721040
2721710
2722960
2725640
2728120
2735740
2736680
2752080
2752520
2752760
2759870
2766500
2769880
2777260
2779120
2782100
2783850
2789460
2791060
2792740
2793430
2796880
2797320
2800550
2802690
2803890
2806660
2810110
2810880
3622490
3622510
3622370
3622480
3622450
3622570
3622660
3622810
3623140
3623270
3623190
3623200
3623390
3623330
3623280
3623370
3623380
3623230
3623400
3623470
3623440
3623410
3623490
3623480
3623500
3623550
3623660
3623640
3623630
3623670
3623590
3623890
3623910
3624050
3624120
3624170
3624020
3624150
3624300
3624330
3624520
3624600
3624610
3624570
3624580
3624640
3625220
3624880
3625230
3625190
3625340
3625350
3625210
3624800
3625390
3625530
3625360
3625540
3625600
3625620
3625870
3625570
3625820
3625550
3625890
3625960
3626020
3626280
3626480
3626340
3626490
3626460
3626300
3626090
3626040
3626470
3627000
3626930
3626860
3627030
3626960
3626890
3626810
3627210
3626760
3626800
3627240
3627270
3627290
3627490
3627360
3627380
3627520
3627590
3627450
3627340
3627640
3627650
3627690
3627670
3703510
3703340
3703330
3703440
3703520
3703380
3703570
3703730
3703720
3703750
3703660
3703940
3703820
3703790
3703930
3703910
3704070
3704080
3704000
3704020
3703970
3704130
3704230
3704300
3704340
3704290
3704600
3704560
3704690
3704680
3704790
3704900
3704810
3704800
3704870
3704940
3704880
3704970
3705490
3705260
3705460
3705150
3705550
3705570
3705590
3705690
3705900
3705950
3705620
3706040
3706100
3705940
3706120
3706250
3706210
3706190
3706400
3706860
370630
3706600
3706820
3706910
3706590
3706640
3707090
3707010
3707610
3707370
3707660
3707390
3708060
3708130
3708250
3708380
3708610
3708400
3708630
3708520
3708640
3708660
3708650
3708670
3708760
3708740
3708780
3709100
3708870
3709040
3709230
3709000
3709180
3709270
3709390
3709430
3709280
3709460
3709580
3709530
3709690
3709640
2476720
2477030
695480
695920
2480410
2480850
2481660
694990
701630
2484230
2484700
700310
2489310
700240
2492350
703500
2494500
2495960
710780
2496770
2498740
711380
2499650
711760
2503430
718190
716870
721780
723050
2516890
722010
730160
2528600
2530570
744690
746690
2532180
749950
2533600
2536710
2536970
751920
2540260
2550120
2552290
2554930
2564920
2573230
2575550
759900
764540
764930
2583730
765520
2592060
2595420
770040
2609870
766930
2616100
771800
771560
2616320
773380
2616800
2619400
772570
2622180
2626210
2626380
776170
776270
774421
778780
780130
781450
781290
783320
780520
782260
783430
785050
785150
785780
787640
787580
787750
788670
790030
789600
790020
792610
795510
796530
800080
801400
801550
801630
803890
801950
3664520
3664600
3664560
3664750
3664810
3664710
3664910
3664990
3664890
3664920
3665010
3664840
3665050
3665250
3665300
3665100
3665180
3665460
3665510
3665550
3665610
3665570
3665790
3665740
3665640
3665670
3665780
3665800
3665820
3665880
3665840
3665830
3665900
3665930
3666020
3666030
3666160
3666080
3666180
3666200
3666320
3666490
3666520
3666610
3666470
3666550
3666830
3666670
3666710
3666880
3666780
3666900
3666940
3666920
3666980
3666950
3667000
3667020
3667090
3667120
3667230
3667280
3667150
3667270
3667070
3667080
3667500
3667360
3667400
3667460
3667380
3667420
3667510
3667590
3667390
3667730
3667680
3667850
3667790
3667740
3667610
3667720
3667840
3667980
3668150
3668080
3668350
3668320
3668270
3668340
3668370
3668260
3668450
3668420
3668550
3668470
3668530
3668790
3668810
3668890
802130
810020
813530
812590
812910
811760
812780
814790
815740
813920
814330
816090
818910
817800
821840
822660
822990
828470
827330
829980
840890
842980
849220
848410
848530
850860
848050
851220
851300
852610
856220
857090
857060
857480
857940
858740
861150
858600
860020
858770
861240
865160
864930
867160
866570
870690
869580
875270
878900
881670
882600
882190
881810
882680
882860
882870
882730
884180
887170
888780
889160
891490
893120
894060
895060
897610
896820
897740
895850
903930
903310
904160
905240
904510
905410
905540
907180
907350
907980
908060
908420
908920
909220
908770
908390
910860
912560
910280
912840
915640
917820
916510
918260
915680
918190
918070
919290
920770
923100
923530
2812040
2817960
2819940
2826850
2827390
2828850
2832510
2833640
2837570
2839050
2842260
2845940
2848000
2852620
2853410
2859510
2862620
2873740
2880980
2882710
2884150
2887850
2892490
2893550
2895430
2898720
2899420
2899680
2905360
2908940
2918440
2920030
2920880
2923580
2927530
2929140
2933530
2947490
2949350
2949480
2949850
2952520
2953790
2956210
2958140
2958300
2974220
2974290
2980560
2987120
2988450
3005270
3006830
3007390
3008210
3012130
3013190
3016100
3016690
3025870
3037040
3041820
3042460
3042860
3043290
3044000
3046610
3049690
3052730
3056520
3056640
3058550
3059570
3060590
3060900
3064980
3068660
306910
3069410
3070510
3071290
3077220
3081060
3089610
3092200
3103290
3119140
3120980
3125700
3125600
3126660
3128080
3130730
3132780
3138890
3145960
3146060
3147250
3152540
3154870
3709490
3709750
3709830
3709810
3709790
3709980
3709850
3709880
3710070
3710130
3710050
3710060
3710340
3710470
3710460
3709870
3709990
3710480
3710610
3710580
3710490
3710800
3710850
3710990
3710930
3710770
3711030
3710940
3710620
3711230
3711220
3711060
3711240
3711260
3711450
3711350
3711360
3711490
3711540
3711330
3711460
3711910
371190
3711920
3711950
3711860
3711090
3711160
3712200
3711700
3711750
3712230
3712490
3712390
3712340
3712430
3712580
3711790
3712810
3712670
3712860
3713190
3712910
3713180
3713290
3713250
3713230
3713160
3713210
3713310
3713260
3713510
3713500
3713420
3713490
3713550
3713300
3713450
3713710
3713720
3713730
3713690
3713920
3713850
3713750
3714100
3714040
3713350
3714070
3713790
3714210
3714140
3714370
3714200
3715010
3714810
3714960
3714700
3714750
3714790
3669150
3668900
3669270
3668950
3669050
3668840
3669010
3668990
3669330
3669360
3669490
3669370
3669450
3669600
3669640
3669570
3669540
3669660
3669530
3669520
3669500
3669280
3669610
3669710
3669740
3669720
3669700
3669690
3669770
3669890
3669830
3669780
3669860
3669850
3669990
3670040
3670080
3670120
3670060
3670170
3669960
3670010
3670200
3670340
3670290
3670320
3670310
3670180
3670510
3670530
3670500
3670460
3670600
3670640
3670750
3670730
3670630
3670900
3670820
3670970
3671520
3671060
3670960
3671320
3671660
3671730
3671830
3671550
3671580
3671740
3671900
3671980
3671970
3671990
3672040
3672060
3672020
3672160
3672050
3672080
3672090
3672270
3672240
3672290
3672390
3672410
3672440
3672320
3672540
3672490
3672640
3672600
3672670
3672720
3672790
3672660
3672800
3672970
3673000
3672890
3158540
3168300
3174740
3175950
3176820
3188810
3189790
3191930
3192860
3195310
3208360
3211220
3215680
3219820
3220760
3223840
3224540
3232750
3234690
3236130
3237290
3241070
3243780
3254190
3255570
3256050
3256280
3267370
3274790
3275880
3275750
3279270
3279420
3291580
3293380
3301000
3301040
3307880
3309730
3310520
3312430
3315190
3317000
3322950
3324230
3325200
3326530
3326760
3327600
3329490
3337780
3340880
3345480
3345490
3351840
3354950
3357660
3359920
3365320
3366170
3366380
3367620
3367780
3367930
3368640
3370750
3376030
3380940
3388640
3393090
3394250
3396150
3396990
3396980
3399300
3404060
3408830
3410030
3411030
3412070
3412730
3413270
3419560
3434940
3442280
3446020
3447830
3448750
3448830
3452990
3453110
3453610
3454220
3457660
3458960
3462940
3464180
3472960
3473780
3478850
1001740
1002970
1009460
1019580
1021210
1024120
1030430
1035490
1036930
1046740
1050660
1051260
1053390
1055020
1058530
1058630
1065850
1066430
1071950
1080200
1090690
1090800
1095360
1095710
1100620
1104150
1112100
1114340
1114390
1116170
1117420
1117520
1119590
1123210
1123640
1124690
1126850
1131230
1131790
1132110
1134120
1135740
1137820
1142740
1144620
1146920
1147700
1148200
1152320
1156670
1163460
1165140
1166130
1167730
1170870
1172390
1173850
1174720
1175490
1175880
1179340
1180070
1180700
1186770
1188430
1191610
1197230
1199740
1200120
1205800
1206270
1206770
1210830
1212320
1216560
1225120
1225610
1230410
1232130
1234190
1235770
1239140
1243930
1244830
1246390
1246930
1247870
1251060
1258710
1258920
1262540
1266260
1267120
1267540
1267770
1271760
1272660
1273020
1273510
1275240
925360
925330
925500
925300
925690
931060
931150
933200
934480
935840
935380
935490
935550
934470
936580
937090
936950
937280
94600
947120
94610
948880
948420
950100
949840
950660
950810
949630
950890
951770
951620
951310
951530
953280
954300
953310
955860
955550
957370
956350
958220
957790
959220
959200
959800
960100
965410
967950
968170
967210
966090
967490
968640
970600
969330
972910
975630
978700
980740
981500
983030
983160
982480
982450
984020
984990
986500
985400
986220
985510
984110
992310
997820
997810
998590
999190
999350
1001100
1002580
1005530
1006930
1007800
1009360
1011030
1011590
1016980
1018220
1018240
1020550
1021820
1023180
1023710
1025560
1026220
1027060
1027250
1027860
1028340
1029540
1036440
3714740
3715020
3715240
3715440
3715390
3715410
3715520
3715460
3715540
3715550
3715620
3715630
3715960
3715950
3715750
3715740
3715780
3716010
3715670
3715770
3716140
3716070
3716120
3716190
3716050
3716220
3716280
3716540
3716310
3716300
3716370
3716530
3716360
3716380
3716590
3716650
3716670
3716600
3716710
3716700
3716640
3716690
3716720
3716900
3716850
3716930
3716980
3717250
3717430
3717310
3717190
3717170
3717530
3717150
3717850
3717620
3717880
3717980
3717840
3718000
3718040
3718380
3718410
3718610
3718800
3718740
3718670
3718750
3718720
3718640
3719040
3719050
3719100
3719170
3719160
3719550
3719250
3719440
3719850
3719450
3719540
3719570
3719610
3719380
3719660
3719900
3719920
3719970
3720060
3719990
3720170
3720110
3720470
3720430
3720070
3720340
3720620
3720440
3720530
3720630
3482070
3491470
3492810
3499440
3502270
3504530
3510610
3515130
3516740
3521080
3522870
3522770
3526620
3529690
3529900
3532560
3534070
3534940
3538440
3546070
3564880
3568710
3570570
3577830
3582350
3585080
3587900
3593850
3597510
3609760
3613170
3613790
3616650
3619350
3622420
3622690
3623120
3623600
3624790
3624860
3626730
3629880
3634220
3634880
3647920
3648910
3649680
3656760
3665240
3665270
3667630
3668110
3668830
3672520
3675920
3676740
3678880
3681310
3683270
3684820
3685670
3685830
3691780
3706360
3721720
3723470
3725960
3728400
3729360
3730520
3730560
3730960
3734060
3741910
3744300
3744230
3747610
3757660
3760160
385370
397180
395830
406550
413120
410120
409020
415000
42147
426630
420140
440020
45200
455940
473750
484830
493790
495290
496910
496520
497380
1042320
1043110
1044470
1045750
1046590
1049090
1052480
1053680
1054190
1054950
1057190
1057430
1058710
1062660
1063760
1065460
1066010
1066930
1070400
1070770
1071030
1071640
1072910
1073640
1091380
1098292
1099660
1099900
1103860
1105330
1107730
1110620
1112400
1114370
1116590
1117500
1119380
1120220
1121630
1122150
1125870
1126100
1126320
1133330
1136040
1137620
1143070
1146570
1147140
1148300
1149690
1152380
1152890
1153470
1153850
1154210
1154960
1156200
1156820
1158740
1162920
1163660
1166000
1167190
1169940
1170900
1171980
1172000
1172680
1173330
1175040
1175470
1178430
1178530
1179170
1179410
1180450
1183210
1183650
1188540
1189680
1190710
1195170
1197350
1197530
1201090
1202340
1203670
1204040
1204780
1205270
1207880
1209160
1212030
1213080
1217110
1218670
1223150
1228670
1230020
3720640
3720990
3720960
3720720
3720680
3720800
3720670
3720880
3720830
3720950
3721020
3721040
3721080
3721200
3721570
3721590
3721250
3721420
3721470
3721490
3721500
3721690
3722060
3722220
3722000
3722170
3722210
3722230
3722010
3721890
3722070
3722290
3722510
3722600
3722790
3722350
3722690
3722250
3722740
3722340
3722860
3722760
3721790
3723050
3723090
3723160
3723150
3723200
3723140
3723280
3722810
3723390
3723450
3723590
3723580
3723710
3723400
3723480
3723330
3723410
3723610
3723850
3723210
3723930
3723940
3724010
3724340
3724550
3723970
3724370
3723950
3724570
3724020
3724420
3724380
3724760
3724590
3724680
3724800
3725170
3725360
3725150
3725010
3724950
3725220
3725390
3725420
3725470
3725520
3725860
3725510
3725530
3725770
3725730
3725490
3725710
3725600
3726090
3726010
1281100
1281480
1282360
1282720
1283680
1283800
1284870
1287180
1290820
1291610
1291710
1293430
1296550
1296560
1299880
1304310
1309680
1311740
1315270
1315810
1318030
1319720
1325860
1328460
1329080
1329110
1330690
1331120
1331390
1332440
1332800
1333020
1334700
1338560
1341780
1342100
1343730
1346360
1351180
1352120
1352650
1353660
1356860
1360960
1361720
1362560
1363040
1363560
1366550
1368010
1373450
1374850
1375270
1376150
1377590
1381360
1381720
1383570
1384890
1385350
1386560
1387120
1389040
1389070
1389980
1391400
1391620
1391650
1393340
1395890
1397360
1397820
1403110
1404660
1405380
1408380
1410300
1412580
1419180
1422940
1425110
1425330
1425980
1426570
1427570
1431280
1432320
1433090
1434230
1443900
1444580
1449180
1450640
1450750
1452280
1455140
1456810
1456900
1458680
1461030
1232060
1232510
1234630
1241860
1243900
1245800
1247250
1248100
1249890
1250100
1251840
1253460
1256270
1260250
1261170
1264180
1264420
1264550
1269080
1274860
1277650
1278430
1278860
1280210
1282090
1283380
1283980
1284730
1285410
1289550
1291060
1294750
1299890
1308240
1310740
1318020
1325340
1326650
1326760
1327090
1329170
1334440
1335270
1337020
1340530
1343510
1352730
1355610
1358790
1359840
1363230
1363490
1364380
1364960
1365680
1368560
1369350
1370610
1370780
1373810
1376070
1379970
1380850
1383990
1384840
1388760
1390420
1392980
1393680
1399630
1407460
1409250
1413290
1415300
1418750
1420510
1420730
1420860
1425720
1431230
1440150
1440370
1443650
1445500
1449780
1450790
1451050
1452600
1453870
1454490
1455290
1455650
1458550
1462940
1463380
1464370
1467590
1471850
1477770
1479910
497120
501590
502470
520410
545550
557900
561490
563600
569200
572620
596090
597790
608380
613220
643200
643370
648220
650460
654960
654860
652770
660200
664010
667150
668900
669790
674760
679050
679910
683190
683660
690210
692590
701670
707760
709720
711820
715170
723400
728720
733890
737510
736590
739980
746040
745540
757050
761060
758120
763180
766210
769480
770760
771870
775920
777390
776880
779120
785090
794480
796920
799360
801870
809790
810250
820600
830750
833740
834760
836280
843230
846000
844980
854950
863390
865640
865410
867150
870730
872550
871220
875640
877510
881410
882120
899090
904640
906250
909470
912390
913800
918430
925100
928480
931840
933830
938300
941020
942220
945390
2499640
2501160
2501230
2502430
2502750
2505200
2505550
2505630
2505940
2507590
2512010
2512080
2512200
2513130
2515030
2516050
2517410
2517760
2517800
2519290
2521140
2521940
2523910
2524010
2524980
2526150
2526860
2527080
2528610
2531550
2533020
2535420
2536750
2537290
2538380
2538710
2540970
2542470
2543210
2543340
2543350
2543990
2544010
2544020
2544880
2546200
2546680
2547940
2550140
2551110
2551430
255163
2551690
2551860
2552560
2555260
2556740
2558690
2559350
2560640
2560650
2562000
2563850
2568600
2570230
2572320
2575840
2576040
2578690
2579470
2579840
2580130
2581560
2582500
2583640
2584290
2584480
2585700
2586680
2586710
2586970
2587900
2588200
2588740
2591910
2592190
2593080
2593780
2593960
2594490
2595880
2596830
2597470
2597520
2597650
2598090
2598960
2599180
2599420
2599680
1462860
1462960
1464380
1466840
1469090
1472320
1478210
1478980
1479030
1480190
1483190
1484050
1484980
1485380
1486300
1489000
1490770
1490850
1493060
1496120
1498140
1499770
1500180
1500540
1502900
1506770
1506810
1507720
1507740
1510310
1512390
1513570
1515000
15160
1519570
1521600
1521760
1521870
1530580
1530770
1535360
1538600
1538750
1539270
1541150
1542930
1544740
1545010
1545270
1547090
1547430
1549340
1549700
1551120
1551630
1552760
1552940
1557840
1560890
1562120
1562440
1562740
1562800
1566430
1566870
1569150
1571480
1571640
1572470
1572830
1573190
1573540
1574670
1575520
1577570
1577630
1578020
1578070
1579120
1579300
1579390
1581240
1583780
1584140
1588760
1590110
1591730
1594210
1595760
1595900
1596890
1597670
1599630
1604400
1605600
1606490
1607470
1610650
1610990
1611130
2600660
2601700
2603040
2605340
2609030
2609200
2609800
2611280
2611800
2611890
2612720
2615510
2616420
2616490
2616810
2617760
2619650
2619950
2621140
2622660
2624360
2624560
2624740
2624760
262510
2626030
2632160
2633540
2633890
2636310
2636410
2636570
2641930
2643470
2645040
2645220
2646660
2647800
2648390
2650630
2651790
2653880
2655220
2657120
2659580
2659750
2661690
2662330
2662620
2663710
2665490
2666200
2668910
2669160
2670580
2671270
2671310
2671730
2672170
2674140
2675410
2677000
2677460
2678070
2678460
2678560
2678800
2679500
2680370
2681100
2684230
2684290
2684370
2686080
2687370
2687600
2688370
2688530
2689770
2690570
2691430
2692390
2694220
2694600
2695420
2696200
2696360
2696730
2698550
2699250
2699580
270110
2702020
2702100
2702130
2706830
2707900
2708210
2708800
2710660
944750
945860
948630
951840
955220
956240
958190
959000
960070
968440
968930
971040
972180
973000
970970
977510
980000
981870
983830
987670
989380
990250
990410
991930
994810
993600
992240
993030
995480
997090
997370
999030
2479070
2479020
2479740
2488200
2508090
2510970
2516400
2520900
2522290
2531910
2533030
2538120
2551050
2553890
2570410
2576560
2581030
2586240
2588560
2600580
2609130
2626560
2627070
2636760
2639440
2639950
2640150
2641480
2644300
2645200
2649860
2655930
2659530
2663120
2665110
2667240
2668320
2676160
2677650
2688430
2689710
2694620
2695600
2698910
2701590
2197730
2937770
2956820
2287920
1443350
2152790
764920
2109330
1461600
895970
2377950
619080
804810
2383020
3007020
1130700
611020
3009740
674690
90800
923330
761600
3696410
2711320
2711490
2712470
2712600
2712960
2713080
2713760
2716780
2717850
2718010
2719290
2721170
2721240
2726130
2726900
2727440
2727700
2730020
2730580
2731400
2732230
2732810
2732970
2734440
2736140
2736230
2738430
2738520
2740060
2740090
2740180
2742010
2742740
2744390
2746620
2752440
2753140
2753950
2756400
2756820
2757690
2759710
2759810
2763500
2764350
2764750
2764860
2765460
2766200
2767540
2767730
2768440
2773160
2777330
2778360
2780710
2781170
2784080
2784710
2785480
2786140
2788200
2790320
2791140
2791860
2791950
2792510
2793950
2795030
2795150
2795500
2796980
2797690
2798220
2799350
2800520
2802070
2802440
2803960
2804300
2804550
2805920
280680
2806870
2807110
2807130
2807310
2807430
2808250
2810370
2811110
2812240
2812430
2812480
2813590
2813720
2814260
2814560
2816410
2820060
3504820
3505450
3506030
3508200
3509740
3513920
3513990
3518980
3520220
3522740
3525930
3529330
3532660
3533100
3533600
3533830
3536760
3537930
3538100
3538350
3542660
3542920
3555670
3557230
3557540
3560620
3560690
3564140
3565150
3566200
3566990
3568290
3570700
3571840
3575390
3575430
3577780
3579290
3581220
3582450
3582990
3584150
3585650
3593370
3598860
3599040
3600620
3600700
3600840
3601310
3604010
3607450
361360
3616210
3617820
3624530
3625420
3626750
3627200
3628120
3629480
3631580
3632660
3633990
3634230
363580
3637170
3637420
3642600
3642980
3644040
3649750
3649930
3650090
3655820
3655930
3657030
3658160
3659270
3659920
3660700
3665970
3676930
3682110
3682300
3685740
3692040
3694910
3695100
3695990
3697280
3705100
3706460
3716080
3717500
37220
3722240
37230
3725670
37270
1483020
1483320
1486290
1487030
1487570
1494450
1495290
1497080
1497830
1498840
1500060
1502890
1507600
1512200
1513500
1515970
1516320
1517240
1517800
1522220
1527120
1527240
1529530
1531030
1531940
1533410
1534480
1537980
1538030
1542510
1544560
1549600
1551110
1556070
1564240
1568010
1569660
1572000
1572970
1574000
1575900
1577560
1577910
1580600
1586470
1588300
1588590
1590100
1592480
1593160
1593700
1599170
1602190
1603290
1611120
1612330
1617760
1620360
1631260
1632750
1635710
1638070
1638520
1642460
1649130
1653740
1659050
1659530
1661280
1662820
1664810
1665070
1668630
1674710
1677650
1683290
1686490
1688670
1692010
1694740
1696820
1698280
1704770
1715960
1716160
1724810
1725560
1727130
1727400
1727600
1734470
1734830
1735230
1740610
1741200
1743430
1745760
1746820
1747630
1747800
37290
37310
3731560
37320
373240
37330
3733690
37340
37370
3739090
374780
377710
377720
378370
382120
382300
383530
383850
384750
384960
387970
388080
400230
404080
405540
407300
409870
420660
430290
438140
449220
451590
459840
463850
46440
476700
477800
483490
485080
490950
491470
495720
498190
502420
508690
510570
513720
524580
528020
531780
533890
533970
535680
539270
546120
546220
547590
548260
552390
555450
559350
56438
569430
571720
574080
576950
576960
580870
588880
594680
600720
606060
607820
614250
619280
619910
6210
627530
629340
631120
632050
642770
646530
652150
654080
655200
661520
664630
665160
666810
667060
667450
673560
673730
674320
681740
684560
684800
684980
689000
1809860
1811410
1812180
1813170
1814920
1815890
1817660
1818270
1818370
1819240
1823490
1824450
1829800
1831550
1832150
1832380
1833920
1835020
1835250
1836170
1836310
1837160
1837400
1839600
1841810
1843900
1845460
1847220
1847990
1848220
1848430
1848650
1850020
1851240
1851790
1851850
1855040
1856080
1862250
1863170
1863300
1865890
1868050
1870670
1871000
1871670
1871770
1872730
1874500
1875610
1878180
1878280
1879790
1884140
1885980
1886630
1888470
1890030
1892210
1892910
1893490
1894470
1894600
1895870
1897960
1898830
1900830
1901740
1901830
1902110
1902180
1903970
1913160
1913550
1914390
1916270
1916830
1917950
1918100
1918330
1918410
1920320
1921090
1922550
1926370
1926730
1929530
1932360
1932500
1932700
1934040
1934180
1936450
1940350
1941110
1944310
1944710
1946590
1949570
1951060
2820590
2820600
2821440
2821750
2823070
2823160
2823310
2823320
2824360
2824500
2824810
2824960
2825650
2826410
2826650
2828770
2828930
2829480
2831200
2832400
2833810
2834060
2834180
2835540
2835960
2835970
2836340
2839190
2841490
2842540
2842870
2843050
2843970
2844500
2846660
2846730
2848500
2850410
2850830
2852560
2855700
2855710
2858860
2859540
2859800
2860290
2862040
2862580
2864070
2864680
2866440
2868400
2868580
2869470
2873990
2874900
2877540
2878640
2879480
2879570
2880500
2881360
2883370
2883490
2886500
2887240
2888420
2888470
2888480
2888690
2889280
2889440
2889750
2890180
2890270
2890300
2892130
2892290
2892830
2892840
289600
2896430
2897500
2898650
2898740
2899750
2900490
2900670
2903530
2903940
2905090
2905940
2906710
2907630
2907850
2909090
2909250
2909410
2909990
2911080
1611140
1612570
1617450
1619540
1620800
1621860
1625280
1625820
1625930
1629160
1631530
1631600
1634430
1636700
1636970
1638690
1640400
1641240
1644150
1648660
1653880
1657810
1661390
1663210
1669430
1671440
1673000
1673650
1679490
1679680
1681590
1683560
1683820
1684010
1685750
1687700
1689410
1691110
1693210
1693680
1694150
1697180
1702450
1702760
1707670
1710340
1711120
1714130
1714350
1717370
1720860
1725330
1725730
1726180
1726400
1729570
1731170
1731720
1736360
1737760
1739480
1744140
1747110
1749720
1752090
1752810
1753380
1753400
1754300
1756750
1756930
1757680
1759590
1761670
1761770
1768090
1768100
1772730
1772820
1777840
1778200
1781270
1785600
1787740
1788380
1790740
1792380
1794600
1795750
1797450
1797560
1798270
1799670
1800440
1800650
1801490
1807450
1807640
1808080
1809740
3345000
3826270
1795630
3439410
2362050
3839180
3476880
3376920
3782920
3104970
3435450
3714600
3051520
3817910
3748400
3810860
3807480
3764880
3446190
3472040
2954360
3845650
3594530
3837380
3588970
3680900
3846480
3752650
3801320
2808550
3276250
3575980
2397320
3588950
2223710
1551980
3830400
2700990
8340
3527810
689520
689710
696110
696630
705960
708850
710230
719520
720060
722890
723290
725410
726980
728050
740950
742030
745370
748540
750330
756810
759860
763030
763300
766010
771810
773700
774501
776050
789220
790330
795990
809450
820630
827120
827130
830850
831910
832320
832990
834280
835770
837790
839180
842430
842810
843710
844940
845200
860670
864760
880220
889710
891110
893560
908180
919730
922140
937780
939450
941920
942300
945590
946880
947260
949450
954280
959240
960140
962310
963330
965210
965300
965320
975700
978610
980770
985530
988490
993200
998330
998790
3210120
3813660
3770380
3014320
1880620
3934250
2324290
3654560
3036800
2687400
3489240
3864890
1409460
3412860
3846210
1203170
2186990
2977260
3906660
2094320
2094340
2096540
2096960
2098290
2100160
2100760
2100790
2102760
2104680
2105010
2105370
2106080
2109530
2109710
2113210
2114790
2115080
2115560
2116970
2117020
2118610
2119110
2120930
2121590
2123510
2124810
2126590
2126700
2127160
2127590
2128840
2128910
2129220
2129830
2130170
2132530
2132870
2133540
2137460
2138380
2143810
2143870
2144910
2145100
2149000
2151110
2151740
2151770
2152480
2153610
2154530
2157210
2160090
2160250
2160430
2163590
2163600
2163860
2164040
2164320
2165160
2165210
2166540
2167220
2167260
2167860
2171240
2172510
2174500
2175780
2177450
2178010
2178820
2180800
2181790
2182390
2185930
2186450
2187300
2187670
2188430
2188510
2190810
2191880
2193570
2193650
2194590
2194600
2194800
2194930
2195250
2195530
2196420
2197980
2199510
2200560
2202360
2203780
2204270
1951540
1952120
1955820
1956570
1956990
1957130
1958240
1960380
1961490
1961600
1962670
1966070
1967460
1970550
1973770
1974040
1975100
1975420
1977050
1981860
1984630
1985320
1986440
1986780
1989130
1989850
1990590
1994850
1997740
1999850
1999910
2006180
2007130
2007520
2008350
2009010
2010790
2011480
2011840
2012450
2013870
2017330
2017910
2019710
2020380
2022190
2023180
2023330
2026250
2027350
2051060
2055370
2056780
2057610
2057790
2057860
2058250
2058660
2060450
2061050
2062800
2062940
2063560
2065610
2066110
2066230
2067140
2067150
2069350
2069640
2071300
2072110
2072330
2072980
2073420
2073750
2073760
2074120
2075240
2076630
2076660
2076950
2077400
2079710
2082060
2082170
2082270
2082300
2083560
2083730
2086490
2087860
2089060
2089590
2090150
2090640
2091930
2092010
2093410
2093610
2994850
2995680
2998600
2999030
2999070
3000310
3003550
3003580
3003700
3004070
3005540
3006020
3008520
3008530
3008620
3009830
301050
3012980
3013840
3014600
3015100
3015580
3015650
3017070
3017450
3017580
3017800
3018910
3019270
3020150
3020270
3021540
3021620
3021850
3022680
3022690
3023270
3025790
3025800
3026460
3027480
3027620
3028430
3028540
3030240
3030250
3030530
3030860
3031020
3032240
3033900
3035020
3035080
3035300
3036610
3036820
3037020
3037790
3038840
3042260
3042340
3043020
3043370
3043400
3044550
3044560
3045050
3045400
3046060
3046430
3047420
304750
3047600
3047810
3048340
3049080
3049270
3051280
3051650
3054090
3056610
305700
3057290
3057940
305860
3058790
3058890
3059270
3059380
3059400
3059480
3059490
3060630
3061650
3061910
3061920
3062260
3063130
3063670
3064950
2204830
2205380
2206590
2207640
2208160
2208330
2208960
2210750
2211320
2211880
2216240
2216580
2217590
2218030
2219410
2220500
2221540
2225060
2225460
222606
2227380
2228450
2229670
2229680
2230500
2231520
2232660
2233080
2233360
2233600
2234230
2236490
2238660
2240780
2240920
2245040
2248380
2248390
2251930
2254110
2256430
2256780
2256790
2256970
2257010
2257070
2257680
2258350
2259270
2259380
2260330
2262600
2262750
2264880
2264930
2265180
2265400
2265610
2267860
2270370
2271740
2273210
2273390
2276080
2278150
2283470
2283670
2284370
2284390
2285410
2288660
2290270
2290280
2290360
2290760
2291400
2291700
2292590
2293010
2293540
2294540
2297010
2297260
2298080
2298160
2298610
2299130
2299460
2300910
2301500
2301670
2303730
2304160
2305060
2307950
2309470
2309870
2310200
2310220
2312830
3065090
3065860
3066200
3066210
3066320
3066570
3066910
3066920
3066950
3067030
3067840
3069320
3069470
3069620
3069880
3070690
3071660
3071770
3072130
3072220
3072490
3072710
3073370
3073680
3073810
3074380
3075050
3075390
3076520
3077230
3077400
3077710
3079970
3081330
3082510
3082630
3084310
3085780
3086850
3087600
3088770
3090600
3091540
3092500
3094840
3095940
3098200
3099370
3099520
3100950
3101350
3103330
3103340
3103760
3104250
3104570
3105760
3106590
3108580
3109610
3109670
3110220
3114310
3115650
3116740
3117600
3118070
3120860
3121490
3122120
3122570
3125050
3125270
3127380
3128950
3129720
3130920
3131510
3131560
3131770
3131800
3132180
3132990
3133060
3133870
3134540
3134590
3135990
3136740
3136890
3137960
3138420
3138440
3138690
3138980
3139140
3139270
3142800
3142940
3143880
3144950
3145640
3146390
3147770
3147830
3149820
3151830
3153240
3154520
3156070
3157220
3157680
3158460
3160500
3164760
316700
3168350
3168390
3169290
3171910
3172270
3172280
3172670
3173110
3177650
3181150
3181350
3183850
3183860
3184720
3188830
3189140
3189350
3189870
3191950
3193760
3194600
3194950
3197540
3198680
3199000
3199610
3200540
3201360
3201840
3203320
3204430
3204450
3204470
3205090
3206470
3207400
3207510
3208860
3210790
3212240
3212910
3213550
3213560
3214120
3214170
3217240
3217500
3218690
3222060
3222190
3222680
3223220
3225120
3225540
3225830
3225860
3226480
3228030
3228940
3228950
3230150
3231630
3232060
3232130
3232880
3233650
3233970
3234030
3235270
3235340
3237680
3238270
3238710
3241020
3242740
3244290
3244640
3245350
3246420
3246970
3248290
3249320
3249760
3251850
768830
1092880
891230
953660
995780
1061350
611400
611421
611420
1094160
2138330
1830800
2008180
530640
530641
2115770
715690
2150050
1826140
2141580
871650
871651
871900
1259930
1376930
1487770
304300
304301
305200
313930
313931
313932
396250
459330
492390
492391
492392
568630
622690
675200
700430
838250
838251
1074590
1036480
1962200
1536701
1536700
1395100
1286510
694880
792520
1393110
1165510
1236360
780340
202652
1533460
1163770
1430990
1788370
310031
338163
2230760
2199210
884620
359930
354710
345980
2096160
2199960
1660900
1434450
238570
1700470
1700471
1700472
1700473
1700474
1700475
1700476
1700477
1700478
1700479
1700480
1700481
1700482
1700483
1700484
1700485
1700486
1700487
1700488
1700489
1700490
1700491
1700492
1700493
1700494
1700495
1345990
1443780
1443790
1592630
1629000
1629010
512540
708770
887380
450550
463740
520550
546260
561620
566890
588600
620610
684630
800370
951650
962750
1015160
1076080
1104880
1116310
1162160
1209470
1209471
1236650
1415690
1415691
1415692
1465750
1477840
1621740
1662380
1708620
1784890
1811080
1915840
1967690
601670
571710
639600
744950
798390
275700
382210
382910
401590
497170
523980
547570
571760
571761
686390
686400
686401
686402
686403
686404
686405
686410
1300450
73012
73013
73014
73181
73183
73185
73187
206710
206712
206714
206716
206718
206720
225424
225426
225428
225429
225430
225431
225432
225434
283530
306170
306171
506970
527070
747060
1127412
1246750
1329780
1466460
1466470
1726380
1537624
2008400
821090
2399370
2400060
2402270
2402900
240360
2405420
2408110
2408310
2408630
2410150
2410390
2410870
2411210
2412420
2414020
2414680
2417000
2418120
2420240
2420300
2421270
2422080
2423860
2423940
2424470
2425790
2425960
2426960
2427140
2430410
2431200
2431640
2431730
2434160
2434450
2434510
2434730
2435840
2437750
2437990
2441960
2445420
2447340
2449510
2450110
2450130
2451370
2451640
2452900
2453530
2454850
2455720
2455860
2456230
2456350
2457030
2458920
2459270
2460910
2461000
2462050
2462310
2462790
2462810
2463080
2463160
2463980
2464630
2464690
2464950
2466450
2467030
2468400
2471130
2471550
2471960
2472230
2472990
2473240
2474190
2474290
2476860
2477350
2478020
2479440
2479990
2480200
2480590
2484520
2484970
2488180
2489430
2490160
2491040
2491520
2493030
2496160
2498300
2499330
1700496
1700497
1700498
1700499
1700500
1700501
1700502
1700503
1700504
1700505
1700506
1700507
1700508
1700509
1700510
1700511
1700512
1700513
1700514
1700515
1700516
1700517
1700518
1700519
1700520
1700521
1700522
1700523
1700530
1700531
1700532
1700533
1700534
1700535
1700540
1700541
1700542
1700543
1700544
1700545
1700546
1700547
1700548
1700549
1700560
1700561
1700562
1700563
1700564
1700565
1700566
1700567
1700568
1700569
1700570
1700571
1700572
1700573
1700574
1700575
1700576
1700577
1700578
1700579
1700580
1700581
1700582
1700583
1700584
1700585
1700586
1700587
1700588
1700589
1704330
1704331
1704332
1704333
1704334
1704335
1704336
1704337
1704338
1704339
1704340
1704341
1704342
1704343
1704344
1704345
1704346
1704347
1704348
1704349
1704350
1704351
1704352
1704353
1704354
1704355
2911590
2913040
2913770
2915060
2916170
2916180
2917480
2919340
2920160
2920910
2922020
2923630
2924920
2925680
2925730
2926880
2927470
2927780
2928100
2928790
2929670
2931340
2932590
2932770
2932910
2935400
2935700
2936260
2936410
2939800
2940890
2942420
2942690
2942810
2943150
2944430
2944680
2946320
2946490
294720
2947210
2947450
2948170
2948240
2948870
2949740
2949840
2949950
2950030
2950340
2950640
2952110
2952480
295250
2952580
2953230
2955070
2955600
2955820
2956730
2956760
2957690
2958910
2960010
2960620
2960830
2961320
2961530
29620
2962680
29630
2963370
2965280
2966620
2966790
2968020
2968570
2968640
2972260
2975110
2975250
2976630
2976870
2977660
2978270
2979840
2980030
2981490
2983040
2983300
2984340
2984890
2986340
2990330
2990970
2992210
299340
2993500
2993970
2993980
1680113
1680114
1680115
1680116
1680117
1680118
1680119
1680120
1680121
1680122
1680123
1680124
1680125
1680126
1680127
1680128
1680129
1680130
1680131
1680132
1680133
1680134
1680135
1680136
1680137
1680138
1680139
1680140
1680141
1680142
1680143
1680144
1680145
1680146
1680147
1680148
1680149
1680150
1680151
1680152
1680153
1680154
1680155
1680156
1680157
1680158
1680159
1680160
1680161
1680162
1680163
1680164
1680165
1680166
1680167
1680168
1680169
1680170
1680171
1680172
1680173
1680174
1680175
1680176
1680177
1680178
1680179
1680180
1680181
1680182
1680183
1680184
1680185
1680186
1680187
1680188
1680189
1685350
1685351
1685352
1685353
1685354
1685355
1685356
1685357
1685358
1685359
1685360
1685361
1685362
1685363
1685364
1685365
1685366
1685367
1685368
1685369
1685370
1685371
1685372
2313260
2314430
2315130
2315530
2316400
2316410
2316840
2316970
2317070
2318880
2319300
2320400
2320500
2322330
2322340
2322510
2322520
2322710
2323220
2323280
2325350
2325720
2326960
2328270
2328540
232910
2330360
2331890
2331950
2331960
2331970
2332170
2332190
2333420
2335590
2335830
2337960
2339690
2341560
2343320
2346490
2346730
2346980
2347040
2347290
2348190
2348380
2348680
2350280
2353320
2353680
2354300
2354520
2356140
2357400
2358580
2359150
2359720
2360030
2361740
2361750
2364540
2365980
2367420
2367710
2370660
2371880
2372090
2372250
2373180
2373280
2373810
2373900
2374040
2375810
2376070
2376170
2376980
2377890
2378310
2378840
2380490
2381690
2382450
2384610
2384990
2385140
2385780
2386670
2386970
2389700
2391080
2391440
2394930
2395260
2396120
2397700
2397910
2399060
2399190
1704356
1704357
1704358
1704359
1704360
1704361
1704362
1704363
1704364
1704365
1704366
1704367
1704368
1704369
1704370
1704371
1704372
1704373
1704374
1704375
1704376
1704377
1704378
1704379
1704380
1704381
1704382
1704383
1704384
1704385
1704386
1704387
1704388
1704389
1704390
1704391
1704392
1704393
1704394
1704395
1704396
1704397
1704398
1704399
1704400
1704401
1704402
1704403
1704404
1704405
1704406
1704407
1704408
1704409
1704410
1704411
1704412
1704413
1704414
1704415
1704416
1704417
1704418
1704419
1704420
1704421
1704422
1704423
1704424
1704425
1704426
1704427
1704428
1704429
1703960
1703961
1703962
1703963
1703964
1703965
1703966
1703967
1703968
1703969
1703970
1703971
1703972
1703973
1703974
1703975
1703976
1703977
1703978
1703979
1703980
1703981
1703982
1703983
1703984
1703985
1748567
1748568
1748569
1748540
1748541
1748542
1748543
1748544
1748545
1748546
1748547
1748548
1748549
1748500
1748501
1748502
1748503
1748504
1748505
1748506
1748507
1748508
1748509
1748440
1748441
1748442
1748443
1748444
1748445
1748446
1748447
1748448
1748449
1748530
1748531
1748532
1748533
1748534
1748535
1748536
1748537
1748538
1748539
1748460
1748461
1748462
1748463
1748464
1748465
1748466
1748467
1748468
1748469
1748470
1748471
1748472
1748473
1748474
1748475
1748476
1748477
1748478
1748479
1748550
1748551
1748552
1748553
1748554
1748555
1748556
1748557
1748558
1748559
1470630
1439880
1494850
1453180
1472200
1453060
1478760
1480321
1480320
1481240
1482390
1412280
1479350
1500850
1461870
1452740
1470250
1455570
1471260
1451170
1462890
1464950
1502150
1504641
1505300
1505297
1505299
3252650
3252740
3253030
3253070
325730
3259210
3262210
3263990
3264050
3267180
3267560
3270240
3270510
3273730
3274830
3275620
3275870
3276450
3277370
3278420
3278730
3279360
3281140
3282670
3283620
3284960
3287980
3288380
3290710
3292980
3294670
3296240
3297230
3298170
3298580
3300240
3300910
330420
3304370
3306200
3308320
3312100
3312720
3313830
331450
3315890
3316910
3317360
3317540
3317740
3319780
33220
3323000
3326280
3331610
3331860
333340
3336140
3336960
3337720
3339220
3339350
3339450
3340270
3341450
3342770
3343250
334420
3344530
3345710
3346170
3346790
3349010
3349700
3349830
3350940
3351150
3351690
3354040
3354050
3356830
3356860
3358410
3359980
3361910
3362350
3362480
336250
3363840
3365090
3365130
3367980
3370120
3370260
3370520
3372510
3373400
3375580
3376520
3377310
1675733
1675734
1675735
1675736
1675737
1675738
1675739
1675740
1675741
1675742
1675743
1675744
1675745
1675746
1675747
1675748
1675749
1675750
1675751
1675752
1675753
1675754
1675755
1675756
1675757
1675758
1675759
1675770
1675771
1675772
1675773
1675774
1675775
1675776
1675777
1675778
1675779
1675780
1675781
1675782
1675783
1675784
1675785
1675786
1675787
1675788
1675789
1675800
1675801
1675802
1675803
1675804
1675805
1675806
1675807
1675808
1675809
1675810
1675811
1675812
1675813
1675814
1675815
1675816
1675817
1675818
1675819
1675820
1675821
1675822
1675823
1675824
1675825
1675826
1675827
1675828
1675829
1680090
1680091
1680092
1680093
1680094
1680095
1680096
1680097
1680098
1680099
1680100
1680101
1680102
1680103
1680104
1680105
1680106
1680107
1680108
1680109
1680110
1680111
1680112
1703986
1703987
1703988
1703989
1703990
1703991
1703992
1703993
1703994
1703995
1703996
1703997
1703998
1703999
1704000
1704001
1704002
1704003
1704004
1704005
1704006
1704007
1704008
1704009
1704010
1704011
1704012
1704013
1704014
1704015
1704016
1704017
1704018
1704019
1704020
1704021
1704022
1704023
1704024
1704025
1704026
1704027
1704028
1704029
1704030
1704031
1704032
1704033
1704034
1704035
1704036
1704037
1704038
1704039
1704040
1704041
1704042
1704043
1704044
1704045
1704046
1704047
1704048
1704049
1704050
1704051
1704052
1704053
1704054
1704055
1704056
1704057
1704058
1704059
1703810
1703811
1703812
1703813
1703814
1703815
1703816
1703817
1703818
1703819
1703820
1703821
1703822
1703823
1703824
1703825
1703826
1703827
1703828
1703829
1703830
1703831
1703832
1703833
1703834
1703835
1685373
1685374
1685375
1685376
1685377
1685378
1685379
1685380
1685381
1685382
1685383
1685384
1685385
1685386
1685387
1685388
1685389
1685390
1685391
1685392
1685393
1685394
1685395
1685396
1685397
1685398
1685399
1685400
1685401
1685402
1685403
1685404
1685405
1685406
1685407
1685408
1685409
1685410
1685411
1685412
1685413
1685414
1685415
1685416
1685417
1685418
1685419
1685420
1685421
1685422
1685423
1685424
1685425
1685426
1685427
1685428
1685429
1685430
1685431
1685432
1685433
1685434
1685435
1685436
1685437
1685438
1685439
1685440
1685441
1685442
1685443
1685444
1685445
1685446
1685447
1685448
1685449
1687800
1687801
1687802
1687803
1687804
1687805
1687806
1687807
1687808
1687809
1687810
1687811
1687812
1687813
1687814
1687815
1687816
1687817
1687818
1687819
1687820
1687821
1687822
3378650
3379620
3383130
3384050
3388690
3389450
3391210
3391930
3393380
3393530
3393580
3394480
3396040
3396420
3396430
3396460
3396520
3396540
3397270
3403720
3404940
3405660
3408260
3408320
3409460
3409630
3410120
3411850
3412210
3412240
3413330
3413810
3414470
3415500
3416260
3419720
3419790
3420840
3421430
3421960
3426450
3427660
3433030
3433280
3434930
3435650
3440120
3442450
3442710
3442950
3443020
3447550
3447610
3448270
3448800
3449880
3450690
3450800
3452280
3453000
3456170
3457070
3457730
3459580
3459920
346160
3465170
3465390
3466230
3468230
3470050
3470820
3470920
3471060
3471240
3472860
3474190
3474230
3475370
3476660
3478300
3478700
3480010
3480360
3480860
3481320
3485570
3487390
3487660
3487830
3491310
3492030
3492580
3498800
3500250
3500640
3500660
3501960
3502530
3503510
2479650
2864290
3245640
1806330
3575710
4046570
3838820
3547420
3104410
3499790
2808560
3699590
3835650
1601410
3358170
3268150
3247030
3286930
2487300
2700810
3328180
3888420
3273300
3757140
3702100
3946070
2685840
2721890
3755860
3596040
2246670
3237970
2828710
2141130
2215200
2272360
3883910
3065940
2217470
1853440
3448070
1895900
3079210
1869500
2643390
3744040
3219630
2431740
2417470
2100280
2863680
3773590
3749580
2524850
3366780
2535950
1368180
3123120
2879790
672420
3949580
2679100
2981450
3818900
3656800
3866920
3844180
2373990
3940340
3842700
1924600
1352700
2283250
3742840
2396130
3824290
3986230
4131220
2483190
269670
3677290
2983140
3942480
3962240
1377050
2911070
3243370
3082730
3751230
3920610
2499860
3500390
3815370
3988850
3885590
1233800
3183480
3941780
3601630
3515480
1703836
1703837
1703838
1703839
1703840
1703841
1703842
1703843
1703844
1703845
1703846
1703847
1703848
1703849
1703850
1703851
1703852
1703853
1703854
1703855
1703856
1703857
1703858
1703859
1703860
1703861
1703862
1703863
1703864
1703865
1703866
1703867
1703868
1703869
1703870
1703871
1703872
1703873
1703874
1703875
1703876
1703877
1703878
1703879
1703880
1703881
1703882
1703883
1703884
1703885
1703886
1703887
1703888
1703889
1703890
1703891
1703892
1703893
1703894
1703895
1703896
1703897
1703898
1703899
1703900
1703901
1703902
1703903
1703904
1703905
1703906
1703907
1703908
1703909
1703660
1703661
1703662
1703663
1703664
1703665
1703666
1703667
1703668
1703669
1703670
1703671
1703672
1703673
1703674
1703675
1703676
1703677
1703678
1703679
1703680
1703681
1703682
1703683
1703684
1703685
1687823
1687824
1687825
1687826
1687827
1687828
1687829
1687830
1687831
1687832
1687833
1687834
1687835
1687836
1687837
1687838
1687839
1687850
1687851
1687852
1687853
1687854
1687855
1687856
1687857
1687858
1687859
1687860
1687861
1687862
1687863
1687864
1687865
1687866
1687867
1687868
1687869
1687870
1687871
1687872
1687873
1687874
1687875
1687876
1687877
1687878
1687879
1687880
1687881
1687882
1687883
1687884
1687885
1687886
1687887
1687888
1687889
1687890
1687891
1687892
1687893
1687894
1687895
1687896
1687897
1687898
1687899
1687900
1687901
1687902
1687903
1687904
1687905
1687906
1687907
1687908
1687909
1643860
1643861
1643862
1643863
1643864
1643865
1643866
1643867
1643868
1643869
1643870
1643871
1643872
1643873
1643874
1643875
1643876
1643877
1643878
1643879
1643880
1643881
1643882
1505290
1505292
1504800
1505298
1505296
1505293
1503100
1503970
1505295
1504640
1503730
1505291
1505294
1446910
1470600
1501290
1463810
1464470
1459880
1435030
1495540
1496050
1494410
1464140
1483500
1484200
1486310
1486311
1487260
1485170
1488780
1489460
1492180
1498580
1488300
1412281
1482960
1486312
1421650
1421651
1421652
1421653
1473320
1457610
1425860
1461070
1465880
1466990
1456550
1460730
1433510
1490700
1492960
1397990
1496980
1459150
1497750
1458510
1412283
1478560
1474820
1475660
1476980
1477430
1477431
1499460
1500200
1412282
1468150
1454510
1453880
1667870
1536370
458640
616950
2172860
1945340
450820
1933390
1904392
18523
18522
18508
18509
18520
18521
1920490
1923540
1950330
2136020
621560
635750
635751
635761
635762
638810
661890
985630
1140550
1140551
1643883
1643884
1643885
1643886
1643887
1643888
1643889
1643890
1643891
1643892
1643893
1643894
1643895
1643896
1643897
1643898
1643899
1643900
1643901
1643902
1643903
1643904
1643905
1643906
1643907
1643908
1643909
1643910
1643912
1643913
1643914
1643915
1643916
1643917
1643918
1643919
1643921
1643922
1643923
1643924
1643925
1643926
1643927
1643928
1643940
1643941
1643942
1643943
1643944
1643945
1643946
1643947
1643948
1643949
1643950
1643951
1643952
1643953
1643954
1643955
1643956
1643957
1643959
1643980
1643981
1643982
1643983
1643984
1643985
1643986
1643987
1643988
1643989
1692750
1692751
1692752
1692753
1692754
1692755
1692756
1692757
1692758
1692759
1692760
1692761
1692762
1692763
1692764
1692765
1692766
1692767
1692768
1692769
1692770
1692771
1692772
1692773
1692774
1692775
1692776
1703686
1703687
1703688
1703689
1703690
1703691
1703692
1703693
1703694
1703695
1703696
1703697
1703698
1703699
1703700
1703701
1703702
1703703
1703704
1703705
1703706
1703707
1703708
1703709
1703710
1703711
1703712
1703713
1703714
1703715
1703716
1703717
1703718
1703719
1703720
1703721
1703722
1703723
1703724
1703725
1703726
1703727
1703728
1703729
1703730
1703731
1703732
1703733
1703734
1703735
1703736
1703737
1703738
1703739
1703750
1703751
1703752
1703753
1703754
1703755
1703756
1703757
1703758
1703759
1703760
1703761
1703762
1703763
1703764
1703765
1703766
1703767
1703768
1703769
1704990
1704991
1704992
1704993
1704994
1704995
1704996
1704997
1704998
1704999
1705000
1705001
1705002
1705003
1705004
1705005
1705006
1705007
1705008
1705009
1705010
1705011
1705012
1705013
1705014
1705015
3110070
3522600
2331020
3839710
4108490
4096880
3211720
3643170
3265700
1115990
3660710
2850290
1712100
4077740
3878760
3488690
1899060
210150
3631290
3809900
2144600
1284210
3478870
3994420
3563360
3517930
4151300
4149610
4102120
4113520
4145380
15380
15370
32390
223594
9070
9760
24720
3270
50
2751230
40970
47730
12710
130
9160
2640
24810
9340
47893
4890
17330
20570
2732960
63910
56400
24800
8800
9310
9450
47892
211720
1064272
47894
47932
13630
47898
32680
32650
65610
47930
223593
29700
9420
4780
2340
20540
21120
48720
13620
65600
48700
223597
33350
33930
201271
47880
226880
223598
15240
25808
32700
39560
9030
9040
2330
17440
39270
25850
15320
1140552
1140553
1160760
1181950
1186140
1201180
1230040
731220
756540
756620
551910
551912
551915
551916
551917
551918
551919
553170
553270
553271
554370
554371
564890
574960
574961
574962
574963
574964
574965
574966
574967
574968
753281
753282
753285
753286
953910
1206681
1206682
1206683
1206689
1206690
753283
753284
853190
1094280
1206685
1206686
1519270
1665840
1665841
1996050
753280
753287
753290
753291
753292
753293
995020
995021
1094281
1094282
1094283
1665842
1665843
2024220
2206430
1206688
551590
2306320
203358
2336880
1990600
2214821
223793
1336980
705950
776990
417160
416750
1622221
201100
359530
359500
1646940
1750190
223770
240300
240500
245570
245580
249310
249320
250300
250310
250990
306240
316960
316961
316963
1692777
1692778
1692779
1692780
1692781
1692782
1692783
1692784
1692785
1692786
1692787
1692788
1692789
1692790
1692791
1692792
1692793
1692794
1692795
1692796
1692797
1692798
1692799
1692800
1692801
1692802
1692803
1692804
1692805
1692806
1692807
1692808
1692809
1692810
1692811
1692812
1692813
1692814
1692815
1692816
1692817
1692818
1692819
1692820
1692821
1692822
1692823
1692824
1692825
1692826
1692827
1692828
1692829
1692830
1692831
1692832
1692833
1692834
1692835
1692836
1692837
1692838
1692839
1692840
1692841
1692842
1692843
1692844
1692845
1692846
1692847
1692848
1692849
1695100
1695101
1695102
1695103
1695104
1695105
1695106
1695107
1695108
1695109
1695110
1695111
1695112
1695113
1695114
1695115
1695116
1695117
1695118
1695119
1695120
1695121
1695122
1695123
1695124
1695125
1695126
1695127
1695128
1695129
1695140
1695141
1695142
1695143
1695144
1695145
1695146
1695147
1695148
1695149
1695160
1695161
1695162
1695163
1695164
1695165
1695166
1695167
1695168
1695169
1695170
1695171
1695172
1695173
1695174
1695175
1695176
1695177
1695178
1695179
1695180
1695181
1695182
1695183
1695184
1695185
1695186
1695187
1695188
1695189
1695190
1695191
1695192
1695193
1695194
1695195
1695196
1695197
1695198
1695199
1695210
1695211
1695212
1695213
1695214
1695215
1695216
1695217
1695218
1695219
1695220
1695221
1695222
1695223
1695224
1695225
1695226
1695227
1695228
1695229
1697320
1697321
1697322
1697323
1697324
1697325
1697326
1697327
1697328
1697329
1697330
1697331
1697332
1697333
1697334
1697335
1697336
1697337
1697338
1697339
1697340
1697341
1697342
1697343
1697344
1697345
1697346
1705016
1705017
1705018
1705019
1705040
1705041
1705042
1705043
1705044
1705045
1705046
1705047
1705048
1705049
1705050
1705051
1705052
1705053
1705054
1705055
1705056
1705057
1705058
1705059
1705060
1705061
1705062
1705063
1705064
1705065
1705066
1705067
1705068
1705069
1705070
1705071
1705072
1705073
1705074
1705075
1705076
1705077
1705078
1705079
1705080
1705081
1705082
1705083
1705084
1705085
1705086
1705087
1705088
1705089
1705090
1705091
1705092
1705093
1705094
1705095
1705096
1705097
1705098
1705099
1705100
1705101
1705102
1705103
1705104
1705105
1705106
1705107
1705108
1705109
1705230
1705231
1705232
1705233
1705234
1705235
1705236
1705237
1705238
1705239
1705240
1705241
1705242
1705243
1705244
1705245
1705246
1705247
1705248
1705249
1705250
1705251
1705252
1705253
1705254
1705255
1697347
1697348
1697349
1697350
1697351
1697352
1697353
1697354
1697355
1697356
1697357
1697358
1697359
1697360
1697361
1697362
1697363
1697364
1697365
1697366
1697367
1697368
1697369
1697370
1697371
1697372
1697373
1697374
1697375
1697376
1697377
1697378
1697379
1697380
1697381
1697382
1697383
1697384
1697385
1697386
1697387
1697388
1697389
1697390
1697391
1697392
1697393
1697394
1697395
1697396
1697397
1697398
1697399
1697410
1697411
1697412
1697413
1697414
1697415
1697416
1697417
1697418
1697419
1697430
1697431
1697432
1697433
1697434
1697435
1697436
1697437
1697438
1697439
1699540
1699541
1699542
1699543
1699544
1699545
1699546
1699547
1699548
1699549
1699550
1699551
1699552
1699553
1699554
1699555
1699556
1699557
1699558
1699559
1699570
1699571
1699572
1699573
1699574
1699575
1699576
316965
316967
411890
411891
411894
411900
411901
411920
411950
555532
684851
726690
890290
917390
957110
1024700
1090850
1101970
1120300
1120301
1120304
1120305
1417260
1593360
1677150
1690512
1690513
1724230
1725570
1770580
1882810
1941331
1941332
2214600
2228050
316964
316966
411892
411893
411910
411930
555530
555531
602620
602621
602622
602623
684850
685080
695860
706180
728300
728301
728302
759130
780140
890250
918970
935010
1024701
1024702
1024703
1024704
1061310
1084210
1120302
1136150
1141980
1199120
1347090
1357330
1405240
1405241
1418400
1536950
1536951
1536952
1536953
1536954
1537760
1610880
1610881
1610882
1643290
1678260
1683700
1690510
1690511
1721210
1853640
1855800
1941330
1952280
1961240
2004130
2017210
2019580
2057930
2071330
2147490
1705256
1705257
1705258
1705259
1705260
1705261
1705262
1705263
1705264
1705265
1705266
1705267
1705268
1705269
1705270
1705271
1705272
1705273
1705274
1705275
1705276
1705277
1705278
1705279
1705280
1705281
1705282
1705283
1705284
1705285
1705286
1705287
1705288
1705289
1705290
1705291
1705292
1705293
1705294
1705295
1705296
1705297
1705298
1705299
1705300
1705301
1705302
1705303
1705304
1705305
1705306
1705307
1705308
1705309
1705310
1705311
1705312
1705313
1705314
1705315
1705316
1705317
1705318
1705319
1705320
1705321
1705322
1705323
1705324
1705325
1705326
1705327
1705328
1705329
1667820
1667821
1667822
1667823
1667824
1667825
1667826
1667827
1667828
1667829
1667830
1667831
1667832
1667833
1667834
1667835
1667836
1667837
1667838
1667839
1667850
1667851
1667852
1667853
1667854
1667855
1699577
1699578
1699579
1699580
1699581
1699582
1699583
1699584
1699585
1699586
1699587
1699588
1699589
1699590
1699591
1699592
1699593
1699594
1699595
1699596
1699597
1699598
1699599
1699600
1699601
1699602
1699603
1699604
1699605
1699606
1699607
1699608
1699609
1699610
1699611
1699612
1699613
1699614
1699615
1699616
1699617
1699618
1699619
1699620
1699621
1699622
1699623
1699624
1699625
1699626
1699627
1699628
1699629
1699630
1699631
1699632
1699633
1699634
1699635
1699636
1699637
1699638
1699639
1699640
1699641
1699642
1699643
1699644
1699645
1699646
1699647
1699648
1699649
1801780
1801781
1801782
1801783
1801784
1801785
1801786
1801787
1801788
1801789
1801760
1801761
1801762
1801763
1801764
1801765
1801766
1801767
1801768
1801769
1801720
1801721
1801722
1801723
1801724
1801725
1801726
1667856
1667857
1667858
1667859
1667860
1667861
1667862
1667863
1667864
1667865
1667866
1667867
1667868
1667869
1667871
1667872
1667873
1667874
1667875
1667876
1667877
1667878
1667879
1667880
1667881
1667882
1667883
1667884
1667885
1667886
1667887
1667888
1667889
1667890
1667891
1667892
1667893
1667894
1667895
1667896
1667897
1667898
1667899
1667900
1667901
1667902
1667903
1667904
1667905
1667906
1667907
1667908
1667909
1667910
1667911
1667912
1667913
1667914
1667915
1667916
1667917
1667918
1667919
1667950
1667951
1667952
1667953
1667954
1667955
1667956
1667957
1667958
1667960
1675710
1675711
1675712
1675713
1675714
1675715
1675716
1675717
1675718
1675719
1675720
1675721
1675722
1675723
1675724
1675725
1675726
1675727
1675728
1675729
1675730
1675731
1675732
1801727
1801728
1801729
1801740
1801741
1801742
1801743
1801744
1801745
1801746
1801747
1801748
1801749
1801770
1801771
1801772
1801773
1801774
1801775
1801776
1801777
1801778
1801779
1801810
1801811
1801812
1801813
1801814
1801815
1801816
1801817
1801818
1801819
1801750
1801751
1801752
1801753
1801754
1801755
1801756
1801757
1801758
1801759
1801800
1801801
1801802
1801803
1801804
1801805
1801806
1801807
1801808
1801809
1801790
1801791
1801792
1801793
1801794
1801795
1801796
1801797
1801798
1801799
1801730
1801731
1801732
1801733
1801734
1801735
1801736
1801737
1801738
1801739
1748480
1748481
1748482
1748483
1748484
1748485
1748486
1748487
1748488
1748489
1748520
1748521
1748522
1748523
1748524
1748525
1748526
1748527
1748528
1748529
1748560
1748561
1748562
1748563
1748564
1748565
1748566
3333850
3283240
3962330
3844150
1300
3767320
1725710
1626170
1895460
3942750
3938440
3131640
2576150
4031890
994680
3003430
3984650
4019130
3846270
4005330
2828020
3886200
2182680
3181650
3983000
3639780
3925760
3682050
3639070
3335460
2306490
3583210
3739190
2231980
1374680
3897390
4013270
3074850
3978820
3067890
3024160
1593230
2424420
3735230
3656420
2378460
3917090
3844020
3973220
2458470
3149550
3949040
2806050
3478050
3833280
1376420
3708010
4078190
3419690
2708040
3595350
4029740
3152440
3824720
3028330
3664200
3086670
2852140
4108680
3706960
3805420
3669620
4081050
4125860
4132890
2922630
4083240
3539880
4069400
3504560
1675860
3560050
2698190
822240
3989550
2931330
4147100
4096150
4029090
2815070
4051470
1143910
3146560
2855360
3143710
2285550
1795190
3255500
3284260
1843840
3290380
1714510
2902600
3181960
2988030
2482760
3319630
1520160
3071440
2718100
3276050
3284200
3346320
3036260
2890240
3209660
2235200
1586260
3392040
1948420
4164420
1823990
1193170
3395330
3325070
1296660
1561740
3225880
1883830
3441990
1305260
3523120
1783560
2856450
3668850
3467540
2154240
3465190
1921490
1748110
3525890
3569950
3245140
3470850
3551820
1395520
3462190
2990360
3532060
3589910
2347080
2604490
3494520
3201910
3620480
3564520
2339840
3541250
3374460
3562120
3517740
3629430
3445610
3576890
2976250
1602000
2909580
3323210
3660860
3668300
2617700
3341650
3336640
3201730
858200
3239830
3625840
1221480
3713650
2611170
3326230
2593980
3276270
3535270
3730680
2275860
1999930
3724710
3787240
3763470
2258070
3727390
1209970
2467880
2174380
3778610
2661300
3725190
3710210
3580160
3334760
3607300
3845650
3846480
2223710
3864890
3412860
3245640
3575710
3838820
3835650
3268150
2487300
2700810
3888420
3757140
3596040
3065940
2217470
1869500
2643390
2100280
2863680
3749580
2879790
3949580
2679100
3866920
1924600
2283250
3742840
3986230
1377050
3183480
3601630
3333850
3767320
3942750
3938440
4031890
4005330
2182680
3639780
3583210
2231980
3897390
2458470
3708010
2708040
4029740
3824720
3664200
4108680
2922630
1675860
3560050
301640
927270
564310
244160
4096150
4096880
1712100
4077740
4113520
234510
65530
39660
8690
33934
65720
239550
220760
201310
249180
225340
221830
258803
227310
247297
1235734
385970
1235732
355960
355950
272030
304212
419270
325724
645402
378649
378648
435881
488060
1235731
204290
369150
614570
593380
1235721
294915
1235733
1816550
1235720
947510
360960
55382
55381
55380
41019
200185
200189
200188
113204
401920
570660
1054480
524620
1235730
450140
414150
291900
100
1116780
1235722
1279630
1301020
1368572
1389240
1426300
1592500
1458150
1557210
420610
715194
547502
715191
614580
456200
515191
245050
1336350
1581451
1672210
494110
1656330
1622100
1205430
1585820
1393111
1580050
1117850
358470
311810
1792250
1754000
200670
97120
73041
4470
1303182
1154040
1869820
1817361
42950
1711950
1880360
1607890
590860
670870
744920
893630
1078020
1624290
1994610
258460
266930
266931
292320
297790
297791
297792
297793
301180
304020
304140
304210
304211
304213
304214
318500
318510
318511
318520
318521
347190
347210
347211
347212
347213
388470
388471
388472
388474
388475
388476
388477
388479
461240
461241
461242
461243
461244
461245
461246
461247
461248
461249
526950
531130
531131
540720
540721
558240
558241
558242
558243
558244
558245
876980
909640
925580
925650
933610
980590
980591
980592
1056760
1056761
1068290
1117140
1159030
1209460
1209461
1299530
1415700
1536500
1650650
1704460
1918370
1967640
2004210
1125020
1146960
1147010
461130
462270
487300
511450
538090
553160
561150
665500
756060
977930
1022910
1469670
1283090
1283091
1430610
1530640
1797340
1946960
737040
828790
975400
1033060
1343500
2236870
2281560
2281600
2286850
2288320
2314970
2316470
2316890
2320360
2399880
2404030
2413980
2431910
1351260
1351261
1438150
1526010
1652450
1938820
2130950
2393020
636500
2555420
2140610
1959430
2380030
2632050
2660520
2660530
2660540
2660550
2391960
2305370
2662630
1625400
1093730
2649240
282511
282510
2380680
2888460
657430
1553061
1553060
299230
1137801
1137800
1137802
646670
2721670
1049810
1125790
2991170
2968040
540810
218065
1247680
710800
2848330
2927200
3080080
2830500
2991180
42940
3186490
42930
2891150
3022790
2380740
452530
979920
290730
1194840
334230
1408720
657580
3252020
3362550
3465690
1585220
823550
1941000
2190210
2903690
3560670
2197730
55370
6930
607730
1942550
1413540
906200
2423320
703430
1209860
2131990
2351820
2550040
1152100
1205560
671210
2026470
2651330
2811890
3040140
2863650
1931610
1661220
1578910
2816820
2394150
2393220
1588570
1601150
241930
505540
20920
879420
2215430
206420
22370
1089130
1557860
46460
1680000
928960
6550
794260
346940
870780
1151640
475150
39510
2002850
475490
1096570
70210
223470
1989270
245170
45720
282530
1230
17580
30
203810
1014940
17700
17510
253530
17550
224260
17530
346290
933480
90044
35420
90006
1467450
976620
2842160
218980
687440
290750
222900
1057240
1425730
2986410
1747660
226920
3107230
2239640
1989910
2358660
2434740
1186430
1704850
1040240
2217490
626250
659150
3417530
1340720
1118520
1380980
1286220
1355160
1373530
1485650
1053900
762550
860210
2050420
1757350
906470
1280570
1675680
1104600
1875580
1574480
1677110
3069630
492540
606160
2106730
1789480
748810
2016590
1420350
1569890
1701840
513640
1753450
1578870
878210
1442520
1605850
1638160
2014520
2552260
2100400
2298660
1411910
1166890
2324410
1329360
1769100
2621820
2448200
1562140
2474170
1792460
2092510
1655990
2425200
2537020
2190700
2248150
2382810
2581180
2221780
1394470
2027760
2342290
2621770
1688150
2557740
2593320
2134560
1108600
2686630
2017940
2702430
1818140
2697620
2284190
1400830
2469200
2244430
2591150
1674590
2284140
2185250
1313230
2444760
1631270
1631470
2521160
2525210
2553340
2376260
2009620
2383240
2455740
1807810
2788520
1979230
2597200
2686570
2382630
2524300
2022930
2314460
2300840
2287370
2399110
2357380
2828860
2814860
2872300
2184080
2838030
2849500
2798320
1769830
1869780
2154420
2644050
2787850
2162820
1918830
2869120
2862770
2184290
1851350
2597080
2073490
2379160
2322260
2944950
2944960
2944940
2944920
2209900
341390
12220
214790
631510
901583
205350
901553
34270
32430
229480
359870
236470
976730
301640
2552440
363440
731490
2552430
525040
456540
361690
525480
477740
495050
586200
996580
570580
758330
885150
564310
227780
734890
1449690
865940
225140
743890
743900
22361
22363
260750
787480
1213210
999660
1070550
1146510
322450
2837600
999020
332330
1515950
1580780
783180
1158850
1243830
1642620
1659420
1665130
1730680
1659600
1018010
1794960
10100
1028460
1942390
324110
9180
502750
494740
1755910
356500
292910
1659040
1147860
33520
2131630
1042550
36150
1996630
67777
18524
331920
1904530
283270
1275350
817820
2557370
2478970
2187220
2236680
2446550
223470
1018020
1137970
429520
65780
2634890
1368820
1552550
2400430
2369900
987310
2856410
2532480
2753180
2957360
2612700
2579280
2363840
3007200
2936830
1583520
2384640
3012050
1363940
2795110
2702260
2856370
2110000
2165040
2083660
3036360
1714900
2964560
2400980
2076210
2202650
2340520
1624060
3066300
2895500
2348540
3090810
3088070
2375260
1203190
1891280
1752080
3110760
1188870
2526570
2365790
2470010
1415230
2192380
2253100
2616540
974480
3073940
3105440
1447250
1173980
3067930
2359660
3197890
3141390
2190920
2325180
3057340
2503080
3092530
3025300
3199500
3201010
2392980
2415500
2882040
3195150
2902170
3255380
2525380
265170
323580
111600
24740
2545710
1313
263940
3454980
1904610
1882240
1882280
1904580
2344020
3183970
8340
2916210
1904560
